0,0.00,0,-735.46
0,0.00,0,-735.16
0,0.00,0,-735.62
0,0.00,0,-736.07
0,0.00,0,-736.23
0,0.00,0,-736.38
0,0.00,0,-736.99
0,0.00,0,-737.14
0,0.00,0,-737.29
0,0.00,0,-737.44
0,0.00,0,-737.44
0,0.00,0,-736.68
0,0.00,0,-735.92
0,0.00,0,-735.46
0,0.00,0,-735.77
0,0.00,0,-735.46
0,0.00,0,-735.62
0,0.00,0,-735.92
0,0.00,0,-736.07
0,0.00,0,-736.38
0,0.00,0,-736.68
0,0.00,0,-737.29
0,0.00,0,-737.44
0,0.00,0,-737.14
0,0.00,0,-736.83
0,0.00,0,-736.53
0,0.00,0,-736.53
0,0.00,0,-736.38
0,0.00,0,-735.77
0,0.00,0,-735.62
0,0.00,0,-735.77
0,0.00,0,-735.92
0,0.00,0,-735.92
0,0.00,0,-736.38
0,0.00,0,-736.68
0,0.00,0,-736.83
0,0.00,0,-736.68
0,0.00,0,-736.99
0,0.00,0,-736.99
0,0.00,0,-736.83
0,0.00,0,-736.38
0,0.00,0,-736.07
0,0.00,0,-735.77
0,0.00,0,-735.46
0,0.00,0,-735.77
0,0.00,0,-736.07
0,0.00,0,-736.23
0,0.00,0,-736.38
0,0.00,0,-736.68
0,0.00,0,-736.99
0,0.00,0,-737.14
0,0.00,0,-737.14
0,0.00,0,-736.83
0,0.00,0,-736.83
0,0.00,0,-736.23
0,0.00,0,-735.92
0,0.00,0,-735.77
0,0.00,0,-735.77
0,0.00,0,-736.07
0,0.00,0,-736.07
0,0.00,0,-736.07
0,0.00,0,-736.38
0,0.00,0,-736.83
0,0.00,0,-737.29
0,0.00,0,-737.14
0,0.00,0,-736.99
0,0.00,0,-737.14
0,0.00,0,-736.99
0,0.00,0,-736.38
0,0.00,0,-736.07
0,0.00,0,-735.92
0,0.00,0,-735.62
0,0.00,0,-735.62
0,0.00,0,-735.46
0,0.00,0,-735.92
0,0.00,0,-736.38
0,0.00,0,-736.99
0,0.00,0,-737.14
0,0.00,0,-737.29
0,0.00,0,-737.29
0,0.00,0,-737.14
0,0.00,0,-736.68
0,0.00,0,-736.23
0,0.00,0,-736.07
0,0.00,0,-735.62
0,0.00,0,-735.62
0,0.00,0,-735.31
0,0.00,0,-735.77
0,0.00,0,-735.92
0,0.00,0,-736.38
0,0.00,0,-736.38
0,0.00,0,-736.83
0,0.00,0,-736.99
0,0.00,0,-737.29
0,0.00,0,-737.29
0,0.00,0,-736.83
0,0.00,0,-736.53
0,0.00,0,-736.23
0,0.00,0,-736.23
0,0.00,0,-736.07
0,0.00,0,-735.62
0,0.00,0,-735.46
0,0.00,0,-735.92
0,0.00,0,-736.23
0,0.00,0,-736.83
0,0.00,0,-736.99
0,0.00,0,-736.83
0,0.00,0,-736.83
0,0.00,0,-737.14
0,0.00,0,-736.68
0,0.00,0,-736.38
0,0.00,0,-736.07
0,0.00,0,-736.07
0,0.00,0,-735.62
0,0.00,0,-735.46
0,0.00,0,-735.62
0,0.00,0,-736.23
0,0.00,0,-736.38
0,0.00,0,-736.68
0,0.00,0,-736.99
0,0.00,0,-737.29
0,0.00,0,-737.29
0,0.00,0,-736.68
0,0.00,0,-736.68
0,0.00,0,-736.38
0,0.00,0,-736.23
0,0.00,0,-735.77
0,0.00,0,-735.77
0,0.00,0,-735.77
0,0.00,0,-736.07
0,0.00,0,-736.07
0,0.00,0,-736.53
0,0.00,0,-736.83
0,0.00,0,-736.99
0,0.00,0,-736.99
0,0.00,0,-736.99
0,0.00,0,-737.44
0,0.00,0,-736.68
0,0.00,0,-736.38
0,0.00,0,-735.92
0,0.00,0,-735.92
0,0.00,0,-735.31
0,0.00,0,-735.46
0,0.00,0,-735.62
0,0.00,0,-736.38
0,0.00,0,-736.53
0,0.00,0,-736.83
0,0.00,0,-737.14
0,0.00,0,-737.29
0,0.00,0,-737.29
0,0.00,0,-736.83
0,0.00,0,-736.83
0,0.00,0,-736.38
0,0.00,0,-736.38
0,0.00,0,-735.46
0,0.00,0,-735.77
0,0.00,0,-735.77
0,0.00,0,-735.92
0,0.00,0,-735.77
0,0.00,0,-736.38
0,0.00,0,-736.83
0,0.00,0,-736.99
0,0.00,0,-736.83
0,0.00,0,-736.99
0,0.00,0,-737.14
0,0.00,0,-736.83
0,0.00,0,-736.38
0,0.00,0,-735.46
0,0.00,0,-735.77
0,0.00,0,-735.92
0,0.00,0,-736.07
0,0.00,0,-735.62
0,0.00,0,-736.23
0,0.00,0,-736.53
0,0.00,0,-736.99
0,0.00,0,-736.68
0,0.00,0,-736.83
0,0.00,0,-737.14
0,0.00,0,-737.29
0,0.00,0,-736.83
0,0.00,0,-736.53
0,0.00,0,-736.53
0,0.00,0,-736.07
0,0.00,0,-735.92
0,0.00,0,-735.77
0,0.00,0,-735.92
0,0.00,0,-735.92
0,0.00,0,-736.53
0,0.00,0,-736.68
0,0.00,0,-737.29
0,0.00,0,-737.14
0,0.00,0,-737.29
0,0.00,0,-737.14
0,0.00,0,-736.83
0,0.00,0,-736.38
0,0.00,0,-736.07
0,0.00,0,-736.23
0,0.00,0,-735.92
0,0.00,0,-735.62
0,0.00,0,-735.46
0,0.00,0,-736.23
0,0.00,0,-736.53
0,0.00,0,-736.83
0,0.00,0,-736.53
0,0.00,0,-737.29
0,0.00,0,-737.44
0,0.00,0,-737.44
0,0.00,0,-736.68
0,0.00,0,-736.53
0,0.00,0,-736.38
0,0.00,0,-736.23
0,0.00,0,-735.92
0,0.00,0,-735.62
0,0.00,0,-735.77
0,0.00,0,-736.07
0,0.00,0,-736.23
0,0.00,0,-736.07
0,0.00,0,-736.68
0,0.00,0,-736.83
0,0.00,0,-737.29
0,0.00,0,-736.99
0,0.00,0,-736.83
0,0.00,0,-736.53
0,0.00,0,-736.68
0,0.00,0,-736.23
0,0.00,0,-735.92
0,0.00,0,-735.77
0,0.00,0,-735.77
0,0.00,0,-735.92
0,0.00,0,-735.62
0,0.00,0,-736.23
0,0.00,0,-736.53
0,0.00,0,-737.44
0,0.00,0,-736.99
0,0.00,0,-737.14
0,0.00,0,-736.53
0,0.00,0,-736.83
0,0.00,0,-736.68
0,0.00,0,-736.53
0,0.00,0,-735.92
0,0.00,0,-735.62
0,0.00,0,-735.46
0,0.00,0,-735.62
0,0.00,0,-736.07
0,0.00,0,-736.23
0,0.00,0,-736.83
0,0.00,0,-736.99
0,0.00,0,-737.29
0,0.00,0,-736.83
0,0.00,0,-736.99
0,0.00,0,-736.83
0,0.00,0,-736.83
0,0.00,0,-736.07
0,0.00,0,-735.62
0,0.00,0,-735.77
0,0.00,0,-735.92
0,0.00,0,-736.07
0,0.00,0,-735.92
0,0.00,0,-736.38
0,0.00,0,-736.53
0,0.00,0,-737.14
0,0.00,0,-736.99
0,0.00,0,-737.29
0,0.00,0,-737.14
0,0.00,0,-736.99
0,0.00,0,-736.68
0,0.00,0,-736.23
0,0.00,0,-735.77
0,0.00,0,-735.77
0,0.00,0,-735.92
0,0.00,0,-735.77
0,0.00,0,-736.07
0,0.00,0,-736.23
0,0.00,0,-736.99
0,0.00,0,-736.83
0,0.00,0,-737.14
0,0.00,0,-736.99
0,0.00,0,-736.99
0,0.00,0,-736.83
0,0.00,0,-736.53
0,0.00,0,-736.23
0,0.00,0,-736.07
0,0.00,0,-735.77
0,0.00,0,-735.62
0,0.00,0,-735.77
0,0.00,0,-735.77
0,0.00,0,-736.38
0,0.00,0,-736.68
0,0.00,0,-736.99
0,0.00,0,-736.68
0,0.00,0,-736.68
0,0.00,0,-736.99
0,0.00,0,-737.14
0,0.00,0,-736.99
0,0.00,0,-736.53
0,0.00,0,-736.07
0,0.00,0,-735.31
0,0.00,0,-735.62
0,0.00,0,-736.07
0,0.00,0,-736.23
0,0.00,0,-736.23
0,0.00,0,-736.68
0,0.00,0,-736.99
0,0.00,0,-737.14
0,0.00,0,-736.83
0,0.00,0,-736.53
0,0.00,0,-736.68
0,0.00,0,-736.53
0,0.00,0,-736.38
0,0.00,0,-736.23
0,0.00,0,-736.38
0,0.00,0,-736.07
0,0.00,0,-735.77
0,0.00,0,-735.62
0,0.00,0,-736.07
0,0.00,0,-736.68
0,0.00,0,-736.99
0,0.00,0,-736.99
0,0.00,0,-736.99
0,0.00,0,-736.99
0,0.00,0,-736.68
0,0.00,0,-736.53
0,0.00,0,-736.23
0,0.00,0,-736.07
0,0.00,0,-736.07
0,0.00,0,-736.07
0,0.00,0,-736.23
0,0.00,0,-736.07
0,0.00,0,-736.23
0,0.00,0,-736.53
0,0.00,0,-736.68
0,0.00,0,-736.53
0,0.00,0,-736.68
0,0.00,0,-737.14
0,0.00,0,-737.14
0,0.00,0,-736.53
0,0.00,0,-735.77
0,0.00,0,-735.46
0,0.00,0,-735.92
0,0.00,0,-736.23
0,0.00,0,-735.92
0,0.00,0,-735.92
0,0.00,0,-736.38
0,0.00,0,-736.53
0,0.00,0,-736.38
0,0.00,0,-736.38
0,0.00,0,-737.14
0,0.00,0,-737.44
0,0.00,0,-736.99
0,0.00,0,-736.38
0,0.00,0,-736.23
0,0.00,0,-736.23
0,0.00,0,-736.07
0,0.00,0,-735.77
0,0.00,0,-735.92
0,0.00,0,-735.92
0,0.00,0,-736.23
0,0.00,0,-736.38
0,0.00,0,-736.68
0,0.00,0,-736.68
0,0.00,0,-736.68
0,0.00,0,-736.99
0,0.00,0,-737.29
0,0.00,0,-736.83
0,0.00,0,-736.38
0,0.00,0,-736.38
0,0.00,0,-736.07
0,0.00,0,-735.77
0,0.00,0,-735.77
0,0.00,0,-736.23
0,0.00,0,-736.53
0,0.00,0,-737.14
0,0.00,0,-736.38
0,0.00,0,-736.38
0,0.00,0,-736.83
0,0.00,0,-737.44
0,0.00,0,-736.53
0,0.00,0,-736.38
0,0.00,0,-736.53
0,0.00,0,-736.83
0,0.00,0,-736.38
0,0.00,0,-735.77
0,0.00,0,-736.07
0,0.00,0,-736.07
0,0.00,0,-736.23
0,0.00,0,-735.92
0,0.00,0,-736.83
0,0.00,0,-737.14
0,0.00,0,-737.44
0,0.00,0,-736.68
0,0.00,0,-736.38
0,0.00,0,-736.68
0,0.00,0,-736.83
0,0.00,0,-736.53
0,0.00,0,-735.77
0,0.00,0,-735.92
0,0.00,0,-735.77
0,0.00,0,-736.07
0,0.00,0,-735.77
0,0.00,0,-736.07
0,0.00,0,-736.38
0,0.00,0,-736.99
0,0.00,0,-736.99
0,0.00,0,-737.14
0,0.00,0,-736.83
0,0.00,0,-736.83
0,0.00,0,-736.68
0,0.00,0,-736.38
0,0.00,0,-735.92
0,0.00,0,-735.62
0,0.00,0,-736.23
0,0.00,0,-736.23
0,0.00,0,-736.07
0,0.00,0,-736.07
0,0.00,0,-736.68
0,0.00,0,-736.99
0,0.00,0,-736.99
0,0.00,0,-736.68
0,0.00,0,-737.14
0,0.00,0,-737.14
0,0.00,0,-736.83
0,0.00,0,-736.07
0,0.00,0,-735.77
0,0.00,0,-736.07
0,0.00,0,-736.38
0,0.00,0,-735.92
0,0.00,0,-735.62
0,0.00,0,-735.92
0,0.00,0,-736.38
0,0.00,0,-736.83
0,0.00,0,-736.68
0,0.00,0,-736.99
0,0.00,0,-737.14
0,0.00,0,-737.44
0,0.00,0,-736.99
0,0.00,0,-736.38
0,0.00,0,-735.92
0,0.00,0,-736.07
0,0.00,0,-736.07
0,0.00,0,-735.77
0,0.00,0,-736.07
0,0.00,0,-736.53
0,0.00,0,-736.99
0,0.00,0,-736.99
0,0.00,0,-736.83
0,0.00,0,-736.68
0,0.00,0,-736.99
0,0.00,0,-736.99
0,0.00,0,-736.53
0,0.00,0,-736.23
0,0.00,0,-736.38
0,0.00,0,-736.23
0,0.00,0,-735.92
0,0.00,0,-735.62
0,0.00,0,-735.92
0,0.00,0,-736.07
0,0.00,0,-736.53
0,0.00,0,-736.53
0,0.00,0,-736.83
0,0.00,0,-736.99
0,0.00,0,-737.14
0,0.00,0,-736.83
0,0.00,0,-736.53
0,0.00,0,-736.38
0,0.00,0,-736.07
0,0.00,0,-736.07
0,0.00,0,-735.77
0,0.00,0,-735.92
0,0.00,0,-735.92
0,0.00,0,-736.23
0,0.00,0,-736.07
0,0.00,0,-736.38
0,0.00,0,-736.68
0,0.00,0,-737.29
0,0.00,0,-737.29
0,0.00,0,-736.83
0,0.00,0,-736.53
0,0.00,0,-736.53
0,0.00,0,-736.23
0,0.00,0,-735.77
0,0.00,0,-735.77
0,0.00,0,-736.07
0,0.00,0,-736.53
0,0.00,0,-736.38
0,0.00,0,-736.38
0,0.00,0,-736.23
0,0.00,0,-736.53
0,0.00,0,-736.83
0,0.00,0,-736.68
0,0.00,0,-736.38
0,0.00,0,-736.38
0,0.00,0,-736.68
0,0.00,0,-736.68
0,0.00,0,-736.53
0,0.00,0,-736.07
0,0.00,0,-735.92
0,0.00,0,-735.92
0,0.00,0,-736.23
0,0.00,0,-736.07
0,0.00,0,-736.68
