0,0.00,0,-740.18
0,0.00,0,-741.25
0,0.00,0,-740.94
0,0.00,0,-740.49
0,0.00,0,-740.64
0,0.00,0,-740.79
0,0.00,0,-742.01
0,0.00,0,-741.25
0,0.00,0,-741.55
0,0.00,0,-740.64
0,0.00,0,-741.70
0,0.00,0,-741.25
0,0.00,0,-741.70
0,0.00,0,-741.10
0,0.00,0,-740.64
0,0.00,0,-740.03
0,0.00,0,-739.27
0,0.00,0,-739.73
0,0.00,0,-739.57
0,0.00,0,-740.94
0,0.00,0,-740.94
0,0.00,0,-742.01
0,0.00,0,-741.40
0,0.00,0,-742.01
0,0.00,0,-741.10
0,0.00,0,-741.25
0,0.00,0,-740.79
0,0.00,0,-740.79
0,0.00,0,-740.49
0,0.00,0,-740.79
0,0.00,0,-740.94
0,0.00,0,-740.94
0,0.00,0,-741.10
0,0.00,0,-740.49
0,0.00,0,-740.33
0,0.00,0,-739.88
0,0.00,0,-740.64
0,0.00,0,-740.79
0,0.00,0,-741.70
0,0.00,0,-741.70
0,0.00,0,-741.86
0,0.00,0,-741.40
0,0.00,0,-741.40
0,0.00,0,-740.94
0,0.00,0,-740.64
0,0.00,0,-740.33
0,0.00,0,-740.33
0,0.00,0,-740.79
0,0.00,0,-740.64
0,0.00,0,-741.25
0,0.00,0,-740.94
0,0.00,0,-741.25
0,0.00,0,-740.79
0,0.00,0,-740.79
0,0.00,0,-740.64
0,0.00,0,-740.94
0,0.00,0,-740.94
0,0.00,0,-741.25
0,0.00,0,-740.94
0,0.00,0,-740.94
0,0.00,0,-741.10
0,0.00,0,-740.94
0,0.00,0,-741.10
0,0.00,0,-740.33
0,0.00,0,-740.49
0,0.00,0,-740.18
0,0.00,0,-740.64
0,0.00,0,-740.64
0,0.00,0,-741.40
0,0.00,0,-741.25
0,0.00,0,-741.10
0,0.00,0,-740.94
0,0.00,0,-740.64
0,0.00,0,-740.64
0,0.00,0,-740.64
0,0.00,0,-740.94
0,0.00,0,-740.94
0,0.00,0,-740.94
0,0.00,0,-740.79
0,0.00,0,-740.94
0,0.00,0,-740.79
0,0.00,0,-741.10
0,0.00,0,-740.64
0,0.00,0,-740.79
0,0.00,0,-740.94
0,0.00,0,-741.25
0,0.00,0,-741.40
0,0.00,0,-741.40
0,0.00,0,-741.10
0,0.00,0,-740.79
0,0.00,0,-740.64
0,0.00,0,-740.64
0,0.00,0,-740.64
0,0.00,0,-740.49
0,0.00,0,-740.49
0,0.00,0,-740.33
0,0.00,0,-740.64
0,0.00,0,-741.10
0,0.00,0,-741.70
0,0.00,0,-741.55
0,0.00,0,-741.10
0,0.00,0,-741.10
0,0.00,0,-741.10
0,0.00,0,-741.25
0,0.00,0,-741.10
0,0.00,0,-740.94
0,0.00,0,-740.49
0,0.00,0,-740.49
0,0.00,0,-740.33
0,0.00,0,-740.64
0,0.00,0,-740.64
0,0.00,0,-740.64
0,0.00,0,-740.49
0,0.00,0,-740.79
0,0.00,0,-741.10
0,0.00,0,-741.25
0,0.00,0,-741.55
0,0.00,0,-741.40
0,0.00,0,-741.40
0,0.00,0,-741.10
0,0.00,0,-741.10
0,0.00,0,-740.94
0,0.00,0,-740.79
0,0.00,0,-740.49
0,0.00,0,-740.33
0,0.00,0,-740.33
0,0.00,0,-740.49
0,0.00,0,-740.64
0,0.00,0,-740.64
0,0.00,0,-740.79
0,0.00,0,-740.79
0,0.00,0,-740.94
0,0.00,0,-741.10
0,0.00,0,-741.55
0,0.00,0,-741.55
0,0.00,0,-741.10
0,0.00,0,-740.49
0,0.00,0,-740.33
0,0.00,0,-740.64
0,0.00,0,-740.79
0,0.00,0,-740.94
0,0.00,0,-740.94
0,0.00,0,-740.64
0,0.00,0,-740.49
0,0.00,0,-740.64
0,0.00,0,-740.64
0,0.00,0,-741.25
0,0.00,0,-741.10
0,0.00,0,-741.25
0,0.00,0,-740.94
0,0.00,0,-740.94
0,0.00,0,-740.79
0,0.00,0,-740.94
0,0.00,0,-740.94
0,0.00,0,-740.64
0,0.00,0,-740.49
0,0.00,0,-740.33
0,0.00,0,-740.64
0,0.00,0,-740.94
0,0.00,0,-741.10
0,0.00,0,-740.79
0,0.00,0,-741.10
0,0.00,0,-741.10
0,0.00,0,-741.40
0,0.00,0,-741.25
0,0.00,0,-740.94
0,0.00,0,-740.79
0,0.00,0,-740.64
0,0.00,0,-740.79
0,0.00,0,-740.79
0,0.00,0,-741.10
0,0.00,0,-740.94
0,0.00,0,-740.79
0,0.00,0,-740.79
0,0.00,0,-740.94
0,0.00,0,-740.64
0,0.00,0,-741.10
0,0.00,0,-741.25
0,0.00,0,-741.55
0,0.00,0,-741.25
0,0.00,0,-741.10
0,0.00,0,-741.10
0,0.00,0,-740.64
0,0.00,0,-740.33
0,0.00,0,-740.18
0,0.00,0,-740.49
0,0.00,0,-740.33
0,0.00,0,-740.64
0,0.00,0,-740.64
0,0.00,0,-741.10
0,0.00,0,-741.10
0,0.00,0,-741.25
0,0.00,0,-741.25
0,0.00,0,-741.70
0,0.00,0,-741.40
0,0.00,0,-741.25
0,0.00,0,-741.10
0,0.00,0,-740.79
0,0.00,0,-740.94
0,0.00,0,-740.49
0,0.00,0,-740.64
0,0.00,0,-740.33
0,0.00,0,-740.33
0,0.00,0,-740.03
0,0.00,0,-740.33
0,0.00,0,-740.33
0,0.00,0,-741.25
0,0.00,0,-741.55
0,0.00,0,-741.86
0,0.00,0,-741.86
0,0.00,0,-741.55
0,0.00,0,-741.25
0,0.00,0,-740.64
0,0.00,0,-740.79
0,0.00,0,-740.79
0,0.00,0,-741.10
0,0.00,0,-740.79
0,0.00,0,-740.64
0,0.00,0,-740.64
0,0.00,0,-740.33
0,0.00,0,-740.03
0,0.00,0,-740.49
0,0.00,0,-740.64
0,0.00,0,-740.94
0,0.00,0,-741.25
0,0.00,0,-741.40
0,0.00,0,-741.55
0,0.00,0,-741.25
0,0.00,0,-741.10
0,0.00,0,-741.10
0,0.00,0,-740.64
0,0.00,0,-740.64
0,0.00,0,-740.33
0,0.00,0,-740.49
0,0.00,0,-740.64
0,0.00,0,-740.49
0,0.00,0,-740.64
0,0.00,0,-740.49
0,0.00,0,-741.10
0,0.00,0,-740.94
0,0.00,0,-741.10
0,0.00,0,-740.64
0,0.00,0,-740.94
0,0.00,0,-740.94
0,0.00,0,-741.55
0,0.00,0,-741.70
0,0.00,0,-741.25
0,0.00,0,-740.79
0,0.00,0,-740.49
0,0.00,0,-740.49
0,0.00,0,-740.49
0,0.00,0,-740.79
0,0.00,0,-740.94
0,0.00,0,-740.94
0,0.00,0,-741.10
0,0.00,0,-740.64
0,0.00,0,-740.79
0,0.00,0,-740.79
0,0.00,0,-740.94
0,0.00,0,-740.94
0,0.00,0,-740.49
0,0.00,0,-740.64
0,0.00,0,-740.49
0,0.00,0,-741.40
0,0.00,0,-740.94
0,0.00,0,-741.40
0,0.00,0,-740.64
0,0.00,0,-741.25
0,0.00,0,-740.94
0,0.00,0,-741.10
0,0.00,0,-740.79
0,0.00,0,-740.64
0,0.00,0,-740.79
0,0.00,0,-740.49
0,0.00,0,-740.94
0,0.00,0,-740.49
0,0.00,0,-740.94
0,0.00,0,-740.03
0,0.00,0,-740.79
0,0.00,0,-740.33
0,0.00,0,-740.94
0,0.00,0,-740.64
0,0.00,0,-741.40
0,0.00,0,-741.70
0,0.00,0,-741.70
0,0.00,0,-741.55
0,0.00,0,-741.40
0,0.00,0,-741.40
0,0.00,0,-740.49
0,0.00,0,-740.64
0,0.00,0,-740.03
0,0.00,0,-740.49
0,0.00,0,-739.88
0,0.00,0,-740.49
0,0.00,0,-740.03
0,0.00,0,-740.79
0,0.00,0,-740.49
0,0.00,0,-741.10
0,0.00,0,-741.40
0,0.00,0,-741.70
0,0.00,0,-741.86
0,0.00,0,-741.40
0,0.00,0,-741.55
0,0.00,0,-741.40
0,0.00,0,-741.70
0,0.00,0,-740.79
0,0.00,0,-740.64
0,0.00,0,-740.03
0,0.00,0,-740.33
0,0.00,0,-739.88
0,0.00,0,-740.64
0,0.00,0,-740.79
0,0.00,0,-740.94
0,0.00,0,-740.79
0,0.00,0,-740.64
0,0.00,0,-741.25
0,0.00,0,-740.94
0,0.00,0,-741.70
0,0.00,0,-741.40
0,0.00,0,-741.55
0,0.00,0,-740.79
0,0.00,0,-740.94
0,0.00,0,-740.64
0,0.00,0,-740.94
0,0.00,0,-740.49
0,0.00,0,-740.79
0,0.00,0,-740.49
0,0.00,0,-740.79
0,0.00,0,-740.94
0,0.00,0,-740.64
0,0.00,0,-740.79
0,0.00,0,-740.49
0,0.00,0,-741.25
0,0.00,0,-740.64
0,0.00,0,-741.25
0,0.00,0,-740.49
0,0.00,0,-740.64
0,0.00,0,-740.64
0,0.00,0,-740.94
0,0.00,0,-740.94
0,0.00,0,-740.94
0,0.00,0,-741.10
0,0.00,0,-740.94
0,0.00,0,-740.79
0,0.00,0,-740.49
0,0.00,0,-740.94
0,0.00,0,-740.64
0,0.00,0,-741.25
0,0.00,0,-740.94
0,0.00,0,-741.25
0,0.00,0,-740.64
0,0.00,0,-740.49
0,0.00,0,-740.18
0,0.00,0,-740.49
0,0.00,0,-741.10
0,0.00,0,-741.40
0,0.00,0,-741.40
0,0.00,0,-741.10
0,0.00,0,-741.40
0,0.00,0,-740.49
0,0.00,0,-740.79
0,0.00,0,-740.33
0,0.00,0,-740.94
0,0.00,0,-740.64
0,0.00,0,-741.25
0,0.00,0,-740.79
0,0.00,0,-740.79
0,0.00,0,-740.64
0,0.00,0,-740.64
0,0.00,0,-741.25
0,0.00,0,-740.94
0,0.00,0,-741.10
0,0.00,0,-740.49
0,0.00,0,-740.94
0,0.00,0,-740.33
0,0.00,0,-740.79
0,0.00,0,-740.64
0,0.00,0,-741.55
0,0.00,0,-741.40
0,0.00,0,-741.25
0,0.00,0,-740.33
0,0.00,0,-739.88
0,0.00,0,-740.18
0,0.00,0,-740.33
0,0.00,0,-741.10
0,0.00,0,-741.40
0,0.00,0,-741.70
0,0.00,0,-741.40
0,0.00,0,-741.40
0,0.00,0,-740.33
0,0.00,0,-740.49
0,0.00,0,-740.18
0,0.00,0,-740.79
0,0.00,0,-741.10
0,0.00,0,-741.25
0,0.00,0,-740.79
0,0.00,0,-740.79
0,0.00,0,-740.49
0,0.00,0,-740.64
0,0.00,0,-741.25
0,0.00,0,-740.94
0,0.00,0,-741.10
0,0.00,0,-740.79
0,0.00,0,-740.94
0,0.00,0,-740.64
0,0.00,0,-740.79
0,0.00,0,-740.64
0,0.00,0,-741.40
0,0.00,0,-740.94
0,0.00,0,-740.94
0,0.00,0,-740.33
0,0.00,0,-740.18
0,0.00,0,-740.79
0,0.00,0,-741.10
0,0.00,0,-741.70
0,0.00,0,-741.55
0,0.00,0,-741.55
0,0.00,0,-740.79
0,0.00,0,-740.64
0,0.00,0,-740.18
0,0.00,0,-740.33
0,0.00,0,-740.18
0,0.00,0,-740.64
0,0.00,0,-741.25
0,0.00,0,-741.70
0,0.00,0,-742.01
0,0.00,0,-741.70
0,0.00,0,-741.40
0,0.00,0,-741.25
0,0.00,0,-741.10
0,0.00,0,-740.79
0,0.00,0,-740.49
0,0.00,0,-740.18
0,0.00,0,-740.18
0,0.00,0,-739.88
0,0.00,0,-740.18
0,0.00,0,-740.49
0,0.00,0,-741.10
0,0.00,0,-741.10
0,0.00,0,-741.40
0,0.00,0,-741.25
0,0.00,0,-741.40
0,0.00,0,-741.70
0,0.00,0,-742.01
0,0.00,0,-742.01
0,0.00,0,-741.40
0,0.00,0,-740.94
0,0.00,0,-740.18
0,0.00,0,-740.18
0,0.00,0,-739.57
0,0.00,0,-739.27
0,0.00,0,-739.27
0,0.00,0,-739.73
0,0.00,0,-740.49
0,0.00,0,-741.55
0,0.00,0,-741.86
0,0.00,0,-742.31
0,0.00,0,-742.31
0,0.00,0,-742.31
0,0.00,0,-742.31
0,0.00,0,-741.86
0,0.00,0,-741.25
0,0.00,0,-740.33
0,0.00,0,-740.03
0,0.00,0,-739.73
0,0.00,0,-739.73
0,0.00,0,-739.42
0,0.00,0,-739.57
0,0.00,0,-739.42
0,0.00,0,-740.18
0,0.00,0,-740.49
0,0.00,0,-741.25
0,0.00,0,-741.86
0,0.00,0,-742.47
0,0.00,0,-743.07
0,0.00,0,-742.92
0,0.00,0,-742.31
0,0.00,0,-741.55
0,0.00,0,-741.10
0,0.00,0,-740.03
0,0.00,0,-739.57
0,0.00,0,-738.81
0,0.00,0,-738.96
0,0.00,0,-739.27
0,0.00,0,-740.18
0,0.00,0,-740.64
0,0.00,0,-741.10
0,0.00,0,-741.55
0,0.00,0,-742.01
0,0.00,0,-742.31
0,0.00,0,-742.16
0,0.00,0,-742.31
0,0.00,0,-741.70
0,0.00,0,-741.25
0,0.00,0,-740.64
0,0.00,0,-740.33
0,0.00,0,-739.73
0,0.00,0,-739.42
0,0.00,0,-738.96
0,0.00,0,-739.73
