0,0.00,0,-759.51
0,0.00,0,-759.21
0,0.00,0,-759.06
0,0.00,0,-759.51
0,0.00,0,-760.12
0,0.00,0,-760.88
0,0.00,0,-760.88
0,0.00,0,-761.03
0,0.00,0,-761.49
0,0.00,0,-761.49
0,0.00,0,-761.95
0,0.00,0,-761.64
0,0.00,0,-761.34
0,0.00,0,-761.03
0,0.00,0,-760.43
0,0.00,0,-760.12
0,0.00,0,-759.51
0,0.00,0,-759.06
0,0.00,0,-758.45
0,0.00,0,-758.14
0,0.00,0,-758.45
0,0.00,0,-758.90
0,0.00,0,-759.82
0,0.00,0,-760.58
0,0.00,0,-761.34
0,0.00,0,-761.80
0,0.00,0,-762.40
0,0.00,0,-762.71
0,0.00,0,-762.25
0,0.00,0,-761.80
0,0.00,0,-761.03
0,0.00,0,-760.43
0,0.00,0,-759.97
0,0.00,0,-759.67
0,0.00,0,-759.21
0,0.00,0,-758.90
0,0.00,0,-758.90
0,0.00,0,-759.06
0,0.00,0,-759.67
0,0.00,0,-759.97
0,0.00,0,-760.58
0,0.00,0,-760.73
0,0.00,0,-761.03
0,0.00,0,-761.34
0,0.00,0,-761.64
0,0.00,0,-761.64
0,0.00,0,-761.64
0,0.00,0,-761.64
0,0.00,0,-761.19
0,0.00,0,-760.73
0,0.00,0,-760.12
0,0.00,0,-759.82
0,0.00,0,-759.51
0,0.00,0,-759.21
0,0.00,0,-759.06
0,0.00,0,-758.90
0,0.00,0,-759.21
0,0.00,0,-759.51
0,0.00,0,-759.97
0,0.00,0,-760.43
0,0.00,0,-760.88
0,0.00,0,-761.49
0,0.00,0,-761.95
0,0.00,0,-761.95
0,0.00,0,-761.95
0,0.00,0,-761.64
0,0.00,0,-760.88
0,0.00,0,-760.43
0,0.00,0,-759.82
0,0.00,0,-759.67
0,0.00,0,-759.51
0,0.00,0,-759.21
0,0.00,0,-759.21
0,0.00,0,-758.90
0,0.00,0,-759.36
0,0.00,0,-759.97
0,0.00,0,-760.58
0,0.00,0,-760.88
0,0.00,0,-761.19
0,0.00,0,-761.34
0,0.00,0,-761.34
0,0.00,0,-761.64
0,0.00,0,-761.34
0,0.00,0,-761.34
0,0.00,0,-761.19
0,0.00,0,-760.73
0,0.00,0,-760.58
0,0.00,0,-760.27
0,0.00,0,-759.82
0,0.00,0,-759.51
0,0.00,0,-759.36
0,0.00,0,-759.21
0,0.00,0,-759.21
0,0.00,0,-759.36
0,0.00,0,-759.82
0,0.00,0,-760.43
0,0.00,0,-761.03
0,0.00,0,-761.49
0,0.00,0,-761.80
0,0.00,0,-761.64
0,0.00,0,-761.49
0,0.00,0,-761.19
0,0.00,0,-761.03
0,0.00,0,-760.43
0,0.00,0,-759.97
0,0.00,0,-759.82
0,0.00,0,-759.82
0,0.00,0,-759.82
0,0.00,0,-759.82
0,0.00,0,-759.82
0,0.00,0,-759.97
0,0.00,0,-760.27
0,0.00,0,-760.58
0,0.00,0,-760.27
0,0.00,0,-760.27
0,0.00,0,-760.27
0,0.00,0,-760.43
0,0.00,0,-760.58
0,0.00,0,-760.73
0,0.00,0,-760.88
0,0.00,0,-761.03
0,0.00,0,-761.03
0,0.00,0,-760.88
0,0.00,0,-761.03
0,0.00,0,-760.58
0,0.00,0,-759.82
0,0.00,0,-759.36
0,0.00,0,-759.21
0,0.00,0,-759.36
0,0.00,0,-759.67
0,0.00,0,-760.27
0,0.00,0,-760.73
0,0.00,0,-760.88
0,0.00,0,-760.88
0,0.00,0,-761.03
0,0.00,0,-761.19
0,0.00,0,-761.03
0,0.00,0,-760.88
0,0.00,0,-760.58
0,0.00,0,-760.12
0,0.00,0,-759.82
0,0.00,0,-759.67
0,0.00,0,-759.67
0,0.00,0,-759.82
0,0.00,0,-760.12
0,0.00,0,-760.73
0,0.00,0,-761.03
0,0.00,0,-761.03
0,0.00,0,-760.73
0,0.00,0,-760.27
0,0.00,0,-760.27
0,0.00,0,-760.27
0,0.00,0,-760.27
0,0.00,0,-759.97
0,0.00,0,-759.97
0,0.00,0,-759.97
0,0.00,0,-760.27
0,0.00,0,-760.88
0,0.00,0,-761.03
0,0.00,0,-760.88
0,0.00,0,-760.58
0,0.00,0,-760.43
0,0.00,0,-760.12
0,0.00,0,-760.12
0,0.00,0,-760.27
0,0.00,0,-760.43
0,0.00,0,-760.58
0,0.00,0,-760.58
0,0.00,0,-760.73
0,0.00,0,-760.73
0,0.00,0,-760.88
0,0.00,0,-761.03
0,0.00,0,-760.73
0,0.00,0,-760.27
0,0.00,0,-759.67
0,0.00,0,-759.36
0,0.00,0,-759.36
0,0.00,0,-759.51
0,0.00,0,-759.97
0,0.00,0,-760.27
0,0.00,0,-760.73
0,0.00,0,-761.03
0,0.00,0,-761.19
0,0.00,0,-761.34
0,0.00,0,-761.03
0,0.00,0,-760.43
0,0.00,0,-759.97
0,0.00,0,-759.97
0,0.00,0,-759.97
0,0.00,0,-759.97
0,0.00,0,-760.12
0,0.00,0,-760.12
0,0.00,0,-760.27
0,0.00,0,-760.43
0,0.00,0,-760.88
0,0.00,0,-760.88
0,0.00,0,-760.58
0,0.00,0,-760.43
0,0.00,0,-760.27
0,0.00,0,-760.27
0,0.00,0,-760.12
0,0.00,0,-760.43
0,0.00,0,-760.43
0,0.00,0,-760.73
0,0.00,0,-760.73
0,0.00,0,-760.43
0,0.00,0,-760.43
0,0.00,0,-760.43
0,0.00,0,-760.12
0,0.00,0,-759.67
0,0.00,0,-759.67
0,0.00,0,-759.97
0,0.00,0,-760.43
0,0.00,0,-760.73
0,0.00,0,-760.58
0,0.00,0,-760.73
0,0.00,0,-760.88
0,0.00,0,-760.88
0,0.00,0,-760.73
0,0.00,0,-760.58
0,0.00,0,-760.27
0,0.00,0,-760.27
0,0.00,0,-760.27
0,0.00,0,-760.12
0,0.00,0,-760.12
0,0.00,0,-760.27
0,0.00,0,-759.97
0,0.00,0,-759.97
0,0.00,0,-760.43
0,0.00,0,-760.58
0,0.00,0,-760.58
0,0.00,0,-760.43
0,0.00,0,-760.43
0,0.00,0,-760.43
0,0.00,0,-760.58
0,0.00,0,-760.73
0,0.00,0,-760.73
0,0.00,0,-760.88
0,0.00,0,-760.73
0,0.00,0,-760.73
0,0.00,0,-760.73
0,0.00,0,-760.58
0,0.00,0,-760.58
0,0.00,0,-760.27
0,0.00,0,-760.12
0,0.00,0,-759.82
0,0.00,0,-759.82
0,0.00,0,-759.97
0,0.00,0,-760.27
0,0.00,0,-760.58
0,0.00,0,-760.27
0,0.00,0,-760.58
0,0.00,0,-760.73
0,0.00,0,-760.58
0,0.00,0,-760.58
0,0.00,0,-760.58
0,0.00,0,-760.58
0,0.00,0,-760.43
0,0.00,0,-759.97
0,0.00,0,-759.97
0,0.00,0,-760.27
0,0.00,0,-760.43
0,0.00,0,-760.43
0,0.00,0,-760.58
0,0.00,0,-760.88
0,0.00,0,-760.88
0,0.00,0,-760.73
0,0.00,0,-760.58
0,0.00,0,-760.27
0,0.00,0,-760.27
0,0.00,0,-760.27
0,0.00,0,-760.58
0,0.00,0,-760.58
0,0.00,0,-760.43
0,0.00,0,-760.43
0,0.00,0,-760.27
0,0.00,0,-760.27
0,0.00,0,-760.27
0,0.00,0,-760.27
0,0.00,0,-760.43
0,0.00,0,-760.43
0,0.00,0,-760.27
0,0.00,0,-760.43
0,0.00,0,-760.43
0,0.00,0,-760.43
0,0.00,0,-760.43
0,0.00,0,-760.73
0,0.00,0,-760.88
0,0.00,0,-760.73
0,0.00,0,-760.73
0,0.00,0,-760.73
0,0.00,0,-760.88
0,0.00,0,-760.43
0,0.00,0,-760.12
0,0.00,0,-759.97
0,0.00,0,-759.97
0,0.00,0,-760.12
0,0.00,0,-760.12
0,0.00,0,-759.97
0,0.00,0,-760.27
0,0.00,0,-760.27
0,0.00,0,-760.43
0,0.00,0,-760.73
0,0.00,0,-760.73
0,0.00,0,-760.88
0,0.00,0,-760.88
0,0.00,0,-761.03
0,0.00,0,-760.73
0,0.00,0,-760.58
0,0.00,0,-760.43
0,0.00,0,-760.12
0,0.00,0,-759.82
0,0.00,0,-759.82
0,0.00,0,-759.97
0,0.00,0,-760.27
0,0.00,0,-760.12
0,0.00,0,-760.27
0,0.00,0,-760.43
0,0.00,0,-760.88
0,0.00,0,-760.88
0,0.00,0,-760.73
0,0.00,0,-760.73
0,0.00,0,-760.43
0,0.00,0,-760.27
0,0.00,0,-760.27
0,0.00,0,-760.43
0,0.00,0,-760.43
0,0.00,0,-760.12
0,0.00,0,-760.12
0,0.00,0,-759.97
0,0.00,0,-759.97
0,0.00,0,-760.27
0,0.00,0,-760.27
0,0.00,0,-760.43
0,0.00,0,-760.58
0,0.00,0,-760.58
0,0.00,0,-760.58
0,0.00,0,-760.12
0,0.00,0,-760.27
0,0.00,0,-760.58
0,0.00,0,-760.73
0,0.00,0,-760.58
0,0.00,0,-760.73
0,0.00,0,-760.73
0,0.00,0,-760.73
0,0.00,0,-760.43
0,0.00,0,-760.12
0,0.00,0,-759.82
0,0.00,0,-759.82
0,0.00,0,-759.82
0,0.00,0,-759.82
0,0.00,0,-759.82
0,0.00,0,-760.27
0,0.00,0,-760.88
0,0.00,0,-761.19
0,0.00,0,-761.03
0,0.00,0,-760.88
0,0.00,0,-760.73
0,0.00,0,-760.58
0,0.00,0,-760.58
0,0.00,0,-760.58
0,0.00,0,-760.43
0,0.00,0,-760.27
0,0.00,0,-760.12
0,0.00,0,-759.97
0,0.00,0,-759.82
0,0.00,0,-760.27
0,0.00,0,-760.58
0,0.00,0,-760.73
0,0.00,0,-760.58
0,0.00,0,-760.43
0,0.00,0,-760.27
0,0.00,0,-759.97
0,0.00,0,-760.27
0,0.00,0,-760.27
0,0.00,0,-760.73
0,0.00,0,-760.73
0,0.00,0,-760.58
0,0.00,0,-760.88
0,0.00,0,-761.03
0,0.00,0,-760.88
0,0.00,0,-760.58
0,0.00,0,-760.12
0,0.00,0,-759.82
0,0.00,0,-759.67
0,0.00,0,-759.97
0,0.00,0,-760.43
0,0.00,0,-760.58
0,0.00,0,-760.58
0,0.00,0,-760.58
0,0.00,0,-760.58
0,0.00,0,-760.73
0,0.00,0,-760.58
0,0.00,0,-760.43
0,0.00,0,-760.27
0,0.00,0,-760.43
0,0.00,0,-760.58
0,0.00,0,-760.27
0,0.00,0,-759.97
0,0.00,0,-760.27
0,0.00,0,-760.43
0,0.00,0,-760.58
0,0.00,0,-760.43
0,0.00,0,-760.43
0,0.00,0,-760.43
0,0.00,0,-760.43
0,0.00,0,-760.27
0,0.00,0,-760.12
0,0.00,0,-760.27
0,0.00,0,-760.43
0,0.00,0,-760.73
0,0.00,0,-760.43
0,0.00,0,-760.27
0,0.00,0,-760.43
0,0.00,0,-760.73
0,0.00,0,-760.73
0,0.00,0,-760.58
0,0.00,0,-760.43
0,0.00,0,-760.43
0,0.00,0,-760.27
0,0.00,0,-760.27
0,0.00,0,-760.12
0,0.00,0,-760.27
0,0.00,0,-760.58
0,0.00,0,-760.43
0,0.00,0,-760.43
0,0.00,0,-760.88
0,0.00,0,-760.88
0,0.00,0,-760.88
0,0.00,0,-760.58
0,0.00,0,-760.43
0,0.00,0,-760.12
0,0.00,0,-760.12
0,0.00,0,-760.12
0,0.00,0,-760.12
0,0.00,0,-760.43
0,0.00,0,-760.58
0,0.00,0,-760.58
0,0.00,0,-760.27
0,0.00,0,-760.27
0,0.00,0,-760.27
0,0.00,0,-760.27
0,0.00,0,-760.12
0,0.00,0,-759.97
0,0.00,0,-760.12
0,0.00,0,-760.27
0,0.00,0,-760.73
0,0.00,0,-760.88
0,0.00,0,-761.03
0,0.00,0,-761.03
0,0.00,0,-760.58
0,0.00,0,-760.27
0,0.00,0,-759.97
0,0.00,0,-759.97
0,0.00,0,-759.67
0,0.00,0,-759.82
0,0.00,0,-759.97
0,0.00,0,-760.12
0,0.00,0,-760.43
0,0.00,0,-760.27
0,0.00,0,-760.43
0,0.00,0,-760.58
0,0.00,0,-760.73
0,0.00,0,-761.03
0,0.00,0,-760.73
0,0.00,0,-760.43
0,0.00,0,-760.43
0,0.00,0,-760.58
0,0.00,0,-760.88
0,0.00,0,-760.73
0,0.00,0,-760.58
0,0.00,0,-760.43
0,0.00,0,-760.12
0,0.00,0,-759.82
0,0.00,0,-759.67
0,0.00,0,-759.82
0,0.00,0,-759.67
0,0.00,0,-759.67
0,0.00,0,-759.67
0,0.00,0,-759.97
0,0.00,0,-760.58
0,0.00,0,-761.19
0,0.00,0,-761.49
0,0.00,0,-761.80
0,0.00,0,-761.95
0,0.00,0,-761.95
0,0.00,0,-761.19
0,0.00,0,-760.73
0,0.00,0,-760.43
0,0.00,0,-759.82
0,0.00,0,-759.51
0,0.00,0,-759.06
0,0.00,0,-758.90
0,0.00,0,-759.06
0,0.00,0,-759.21
0,0.00,0,-759.51
0,0.00,0,-759.82
0,0.00,0,-760.27
0,0.00,0,-760.58
0,0.00,0,-760.88
