0,0.00,0,-759.97
0,0.00,0,-760.73
0,0.00,0,-761.49
0,0.00,0,-762.10
0,0.00,0,-762.86
0,0.00,0,-763.01
0,0.00,0,-762.71
0,0.00,0,-762.25
0,0.00,0,-762.25
0,0.00,0,-761.80
0,0.00,0,-761.34
0,0.00,0,-759.97
0,0.00,0,-758.90
0,0.00,0,-758.14
0,0.00,0,-757.69
0,0.00,0,-757.69
0,0.00,0,-757.84
0,0.00,0,-758.90
0,0.00,0,-760.43
0,0.00,0,-761.64
0,0.00,0,-762.56
0,0.00,0,-762.86
0,0.00,0,-763.62
0,0.00,0,-763.47
0,0.00,0,-762.40
0,0.00,0,-762.40
0,0.00,0,-761.49
0,0.00,0,-760.58
0,0.00,0,-760.12
0,0.00,0,-758.90
0,0.00,0,-758.75
0,0.00,0,-758.45
0,0.00,0,-758.45
0,0.00,0,-758.60
0,0.00,0,-757.99
0,0.00,0,-758.90
0,0.00,0,-760.12
0,0.00,0,-761.34
0,0.00,0,-761.80
0,0.00,0,-761.95
0,0.00,0,-763.01
0,0.00,0,-763.77
0,0.00,0,-763.77
0,0.00,0,-763.01
0,0.00,0,-762.25
0,0.00,0,-761.49
0,0.00,0,-760.12
0,0.00,0,-759.21
0,0.00,0,-758.14
0,0.00,0,-757.53
0,0.00,0,-756.47
0,0.00,0,-756.47
0,0.00,0,-757.69
0,0.00,0,-758.90
0,0.00,0,-759.97
0,0.00,0,-760.73
0,0.00,0,-761.95
0,0.00,0,-763.17
0,0.00,0,-763.93
0,0.00,0,-764.84
0,0.00,0,-764.84
0,0.00,0,-764.23
0,0.00,0,-762.71
0,0.00,0,-761.03
0,0.00,0,-759.82
0,0.00,0,-758.60
0,0.00,0,-757.84
0,0.00,0,-757.23
0,0.00,0,-756.93
0,0.00,0,-757.23
0,0.00,0,-757.69
0,0.00,0,-759.21
0,0.00,0,-759.97
0,0.00,0,-760.27
0,0.00,0,-760.88
0,0.00,0,-762.10
0,0.00,0,-763.47
0,0.00,0,-763.47
0,0.00,0,-763.17
0,0.00,0,-763.47
0,0.00,0,-763.17
0,0.00,0,-762.40
0,0.00,0,-761.03
0,0.00,0,-760.12
0,0.00,0,-759.36
0,0.00,0,-757.84
0,0.00,0,-756.93
0,0.00,0,-756.77
0,0.00,0,-757.23
0,0.00,0,-758.14
0,0.00,0,-758.75
0,0.00,0,-760.12
0,0.00,0,-761.19
0,0.00,0,-762.71
0,0.00,0,-763.47
0,0.00,0,-763.47
0,0.00,0,-763.32
0,0.00,0,-763.01
0,0.00,0,-762.56
0,0.00,0,-761.95
0,0.00,0,-760.73
0,0.00,0,-759.51
0,0.00,0,-758.30
0,0.00,0,-758.30
0,0.00,0,-758.14
0,0.00,0,-758.60
0,0.00,0,-759.36
0,0.00,0,-759.36
0,0.00,0,-759.67
0,0.00,0,-759.06
0,0.00,0,-759.97
0,0.00,0,-761.19
0,0.00,0,-761.80
0,0.00,0,-762.10
0,0.00,0,-761.80
0,0.00,0,-762.40
0,0.00,0,-762.25
0,0.00,0,-761.80
0,0.00,0,-761.64
0,0.00,0,-761.03
0,0.00,0,-760.43
0,0.00,0,-759.51
0,0.00,0,-759.36
0,0.00,0,-759.51
0,0.00,0,-759.06
0,0.00,0,-758.75
0,0.00,0,-759.06
0,0.00,0,-759.97
0,0.00,0,-760.58
0,0.00,0,-760.58
0,0.00,0,-760.73
0,0.00,0,-760.27
0,0.00,0,-760.73
0,0.00,0,-761.34
0,0.00,0,-761.95
0,0.00,0,-762.10
0,0.00,0,-761.49
0,0.00,0,-761.03
0,0.00,0,-760.58
0,0.00,0,-760.27
0,0.00,0,-760.58
0,0.00,0,-760.27
0,0.00,0,-760.27
0,0.00,0,-759.82
0,0.00,0,-759.36
0,0.00,0,-759.51
0,0.00,0,-759.82
0,0.00,0,-760.27
0,0.00,0,-759.82
0,0.00,0,-759.82
0,0.00,0,-760.12
0,0.00,0,-760.58
0,0.00,0,-761.19
0,0.00,0,-761.34
0,0.00,0,-761.95
0,0.00,0,-762.10
0,0.00,0,-761.80
0,0.00,0,-761.34
0,0.00,0,-760.88
0,0.00,0,-760.88
0,0.00,0,-760.27
0,0.00,0,-759.82
0,0.00,0,-759.82
0,0.00,0,-759.82
0,0.00,0,-759.67
0,0.00,0,-759.51
0,0.00,0,-759.67
0,0.00,0,-759.97
0,0.00,0,-760.27
0,0.00,0,-760.58
0,0.00,0,-761.03
0,0.00,0,-761.03
0,0.00,0,-761.19
0,0.00,0,-761.03
0,0.00,0,-761.34
0,0.00,0,-761.80
0,0.00,0,-761.80
0,0.00,0,-761.64
0,0.00,0,-761.19
0,0.00,0,-760.58
0,0.00,0,-759.82
0,0.00,0,-759.36
0,0.00,0,-759.51
0,0.00,0,-759.36
0,0.00,0,-759.21
0,0.00,0,-758.90
0,0.00,0,-759.36
0,0.00,0,-760.12
0,0.00,0,-760.27
0,0.00,0,-760.88
0,0.00,0,-761.19
0,0.00,0,-761.80
0,0.00,0,-762.56
0,0.00,0,-762.40
0,0.00,0,-762.10
0,0.00,0,-761.95
0,0.00,0,-761.95
0,0.00,0,-761.64
0,0.00,0,-761.49
0,0.00,0,-759.97
0,0.00,0,-758.60
0,0.00,0,-758.14
0,0.00,0,-756.93
0,0.00,0,-757.69
0,0.00,0,-757.84
0,0.00,0,-759.06
0,0.00,0,-761.19
0,0.00,0,-761.64
0,0.00,0,-762.71
0,0.00,0,-762.71
0,0.00,0,-763.01
0,0.00,0,-763.62
0,0.00,0,-762.86
0,0.00,0,-762.25
0,0.00,0,-761.03
0,0.00,0,-760.43
0,0.00,0,-759.82
0,0.00,0,-759.36
0,0.00,0,-759.36
0,0.00,0,-758.75
0,0.00,0,-758.75
0,0.00,0,-757.99
0,0.00,0,-758.14
0,0.00,0,-758.75
0,0.00,0,-759.21
0,0.00,0,-760.58
0,0.00,0,-761.19
0,0.00,0,-762.25
0,0.00,0,-763.01
0,0.00,0,-763.32
0,0.00,0,-763.77
0,0.00,0,-763.77
0,0.00,0,-763.93
0,0.00,0,-762.86
0,0.00,0,-761.19
0,0.00,0,-759.82
0,0.00,0,-758.30
0,0.00,0,-757.84
0,0.00,0,-756.77
0,0.00,0,-756.16
0,0.00,0,-756.62
0,0.00,0,-757.69
0,0.00,0,-759.51
0,0.00,0,-760.88
0,0.00,0,-761.80
0,0.00,0,-762.71
0,0.00,0,-763.01
0,0.00,0,-764.08
0,0.00,0,-763.93
0,0.00,0,-763.62
0,0.00,0,-762.56
0,0.00,0,-761.03
0,0.00,0,-760.27
0,0.00,0,-759.36
0,0.00,0,-758.90
0,0.00,0,-758.14
0,0.00,0,-757.23
0,0.00,0,-757.08
0,0.00,0,-757.23
0,0.00,0,-758.30
0,0.00,0,-759.21
0,0.00,0,-760.12
0,0.00,0,-761.03
0,0.00,0,-761.80
0,0.00,0,-763.01
0,0.00,0,-763.62
0,0.00,0,-763.77
0,0.00,0,-763.62
0,0.00,0,-762.71
0,0.00,0,-762.10
0,0.00,0,-760.73
0,0.00,0,-759.67
0,0.00,0,-758.90
0,0.00,0,-757.53
0,0.00,0,-756.62
0,0.00,0,-755.86
0,0.00,0,-756.47
0,0.00,0,-757.53
0,0.00,0,-758.75
0,0.00,0,-760.27
0,0.00,0,-761.49
0,0.00,0,-763.01
0,0.00,0,-764.08
0,0.00,0,-764.69
0,0.00,0,-764.69
0,0.00,0,-763.93
0,0.00,0,-763.01
0,0.00,0,-761.80
0,0.00,0,-760.43
0,0.00,0,-759.21
0,0.00,0,-757.99
0,0.00,0,-757.23
0,0.00,0,-756.77
0,0.00,0,-756.62
0,0.00,0,-757.38
0,0.00,0,-757.99
0,0.00,0,-759.06
0,0.00,0,-760.12
0,0.00,0,-761.19
0,0.00,0,-762.25
0,0.00,0,-763.32
0,0.00,0,-764.23
0,0.00,0,-764.54
0,0.00,0,-764.08
0,0.00,0,-763.47
0,0.00,0,-762.25
0,0.00,0,-760.73
0,0.00,0,-759.36
0,0.00,0,-758.14
0,0.00,0,-757.38
0,0.00,0,-756.47
0,0.00,0,-756.62
0,0.00,0,-756.93
0,0.00,0,-757.53
0,0.00,0,-758.60
0,0.00,0,-759.82
0,0.00,0,-761.34
0,0.00,0,-762.56
0,0.00,0,-763.47
0,0.00,0,-764.08
0,0.00,0,-764.23
0,0.00,0,-763.93
0,0.00,0,-763.17
0,0.00,0,-762.25
0,0.00,0,-760.73
0,0.00,0,-759.51
0,0.00,0,-758.14
0,0.00,0,-757.38
0,0.00,0,-756.93
0,0.00,0,-756.77
0,0.00,0,-757.08
0,0.00,0,-757.53
0,0.00,0,-758.75
0,0.00,0,-759.97
0,0.00,0,-761.19
0,0.00,0,-762.40
0,0.00,0,-762.86
0,0.00,0,-762.86
0,0.00,0,-763.01
0,0.00,0,-763.77
0,0.00,0,-763.93
0,0.00,0,-763.01
0,0.00,0,-761.34
0,0.00,0,-759.82
0,0.00,0,-758.60
0,0.00,0,-757.84
0,0.00,0,-757.38
0,0.00,0,-757.08
0,0.00,0,-757.23
0,0.00,0,-757.69
0,0.00,0,-758.45
0,0.00,0,-759.67
0,0.00,0,-760.88
0,0.00,0,-761.64
0,0.00,0,-762.71
0,0.00,0,-763.77
0,0.00,0,-764.23
0,0.00,0,-763.93
0,0.00,0,-763.01
0,0.00,0,-762.10
0,0.00,0,-760.88
0,0.00,0,-759.97
0,0.00,0,-759.21
0,0.00,0,-758.60
0,0.00,0,-758.14
0,0.00,0,-757.38
0,0.00,0,-757.38
0,0.00,0,-757.84
0,0.00,0,-758.75
0,0.00,0,-759.67
0,0.00,0,-760.58
0,0.00,0,-761.34
0,0.00,0,-762.10
0,0.00,0,-762.86
0,0.00,0,-763.62
0,0.00,0,-763.93
0,0.00,0,-763.77
0,0.00,0,-762.56
0,0.00,0,-761.19
0,0.00,0,-759.97
0,0.00,0,-758.90
0,0.00,0,-758.60
0,0.00,0,-758.14
0,0.00,0,-757.84
0,0.00,0,-757.84
0,0.00,0,-757.84
0,0.00,0,-758.60
0,0.00,0,-759.36
0,0.00,0,-760.43
0,0.00,0,-761.34
0,0.00,0,-762.10
0,0.00,0,-763.17
0,0.00,0,-763.32
0,0.00,0,-763.01
0,0.00,0,-762.25
0,0.00,0,-761.34
0,0.00,0,-760.27
0,0.00,0,-759.51
0,0.00,0,-759.51
0,0.00,0,-759.06
0,0.00,0,-758.45
0,0.00,0,-758.14
0,0.00,0,-758.14
0,0.00,0,-758.90
0,0.00,0,-759.82
0,0.00,0,-760.58
0,0.00,0,-761.19
0,0.00,0,-761.03
0,0.00,0,-761.19
0,0.00,0,-761.80
0,0.00,0,-762.86
0,0.00,0,-763.17
0,0.00,0,-762.40
0,0.00,0,-761.19
0,0.00,0,-760.27
0,0.00,0,-759.67
0,0.00,0,-759.36
0,0.00,0,-759.21
0,0.00,0,-758.90
0,0.00,0,-758.75
0,0.00,0,-758.90
0,0.00,0,-759.21
0,0.00,0,-759.36
0,0.00,0,-759.82
0,0.00,0,-760.58
0,0.00,0,-761.49
0,0.00,0,-762.40
0,0.00,0,-762.71
0,0.00,0,-763.01
0,0.00,0,-762.56
0,0.00,0,-761.64
0,0.00,0,-760.88
0,0.00,0,-760.43
0,0.00,0,-759.82
0,0.00,0,-759.36
0,0.00,0,-758.60
0,0.00,0,-758.14
0,0.00,0,-758.45
0,0.00,0,-758.45
0,0.00,0,-759.21
0,0.00,0,-759.82
0,0.00,0,-760.58
0,0.00,0,-761.19
0,0.00,0,-761.64
0,0.00,0,-761.95
0,0.00,0,-761.80
0,0.00,0,-761.95
0,0.00,0,-761.95
0,0.00,0,-761.80
0,0.00,0,-761.34
0,0.00,0,-760.73
0,0.00,0,-759.97
0,0.00,0,-759.21
0,0.00,0,-758.75
0,0.00,0,-758.90
0,0.00,0,-758.90
0,0.00,0,-759.06
0,0.00,0,-759.06
0,0.00,0,-759.51
0,0.00,0,-760.12
0,0.00,0,-760.58
0,0.00,0,-761.19
0,0.00,0,-761.95
0,0.00,0,-762.40
0,0.00,0,-762.40
0,0.00,0,-762.10
0,0.00,0,-761.64
0,0.00,0,-761.03
0,0.00,0,-760.73
0,0.00,0,-760.43
0,0.00,0,-759.67
0,0.00,0,-759.51
0,0.00,0,-759.36
0,0.00,0,-759.06
0,0.00,0,-758.60
0,0.00,0,-758.75
0,0.00,0,-759.36
0,0.00,0,-760.12
0,0.00,0,-761.03
0,0.00,0,-761.49
0,0.00,0,-761.64
0,0.00,0,-761.64
0,0.00,0,-761.49
0,0.00,0,-761.64
0,0.00,0,-761.64
0,0.00,0,-761.64
0,0.00,0,-761.19
0,0.00,0,-760.27
0,0.00,0,-759.67
0,0.00,0,-759.21
0,0.00,0,-759.36
0,0.00,0,-759.82
0,0.00,0,-759.67
0,0.00,0,-759.36
0,0.00,0,-759.21
0,0.00,0,-759.67
0,0.00,0,-759.97
0,0.00,0,-760.27
0,0.00,0,-760.88
0,0.00,0,-761.49
