0,0.00,0,-822.37
0,0.00,0,-822.53
0,0.00,0,-818.87
0,0.00,0,-816.59
0,0.00,0,-816.29
0,0.00,0,-817.50
0,0.00,0,-819.63
0,0.00,0,-819.63
0,0.00,0,-817.66
0,0.00,0,-815.07
0,0.00,0,-815.98
0,0.00,0,-818.42
0,0.00,0,-820.70
0,0.00,0,-822.83
0,0.00,0,-820.85
0,0.00,0,-818.11
0,0.00,0,-816.13
0,0.00,0,-817.81
0,0.00,0,-819.33
0,0.00,0,-821.46
0,0.00,0,-820.24
0,0.00,0,-817.35
0,0.00,0,-814.92
0,0.00,0,-815.22
0,0.00,0,-818.26
0,0.00,0,-820.09
0,0.00,0,-821.77
0,0.00,0,-820.09
0,0.00,0,-817.96
0,0.00,0,-817.50
0,0.00,0,-818.87
0,0.00,0,-822.22
0,0.00,0,-822.07
0,0.00,0,-820.40
0,0.00,0,-815.68
0,0.00,0,-813.39
0,0.00,0,-814.76
0,0.00,0,-817.35
0,0.00,0,-820.55
0,0.00,0,-819.63
0,0.00,0,-818.26
0,0.00,0,-815.53
0,0.00,0,-817.35
0,0.00,0,-819.48
0,0.00,0,-821.92
0,0.00,0,-823.29
0,0.00,0,-820.09
0,0.00,0,-817.35
0,0.00,0,-814.92
0,0.00,0,-816.89
0,0.00,0,-819.18
0,0.00,0,-820.40
0,0.00,0,-819.03
0,0.00,0,-815.98
0,0.00,0,-815.07
0,0.00,0,-816.13
0,0.00,0,-819.48
0,0.00,0,-822.22
0,0.00,0,-821.92
0,0.00,0,-819.03
0,0.00,0,-815.53
0,0.00,0,-815.53
0,0.00,0,-816.74
0,0.00,0,-819.48
0,0.00,0,-819.63
0,0.00,0,-818.42
0,0.00,0,-815.22
0,0.00,0,-814.16
0,0.00,0,-815.98
0,0.00,0,-818.57
0,0.00,0,-820.85
0,0.00,0,-820.40
0,0.00,0,-817.81
0,0.00,0,-815.53
0,0.00,0,-816.89
0,0.00,0,-819.33
0,0.00,0,-822.07
0,0.00,0,-822.07
0,0.00,0,-818.26
0,0.00,0,-815.98
0,0.00,0,-815.68
0,0.00,0,-819.03
0,0.00,0,-820.85
0,0.00,0,-821.46
0,0.00,0,-819.79
0,0.00,0,-816.74
0,0.00,0,-816.13
0,0.00,0,-817.05
0,0.00,0,-820.55
0,0.00,0,-821.92
0,0.00,0,-821.61
0,0.00,0,-819.03
0,0.00,0,-816.74
0,0.00,0,-818.11
0,0.00,0,-819.18
0,0.00,0,-822.37
0,0.00,0,-821.61
0,0.00,0,-818.87
0,0.00,0,-816.44
0,0.00,0,-816.13
0,0.00,0,-818.87
0,0.00,0,-820.70
0,0.00,0,-822.68
0,0.00,0,-821.00
0,0.00,0,-818.26
0,0.00,0,-816.74
0,0.00,0,-817.66
0,0.00,0,-820.40
0,0.00,0,-821.46
0,0.00,0,-821.31
0,0.00,0,-817.35
0,0.00,0,-815.07
0,0.00,0,-814.92
0,0.00,0,-816.74
0,0.00,0,-820.24
0,0.00,0,-821.00
0,0.00,0,-819.63
0,0.00,0,-816.89
0,0.00,0,-817.20
0,0.00,0,-818.87
0,0.00,0,-821.31
0,0.00,0,-822.22
0,0.00,0,-819.79
0,0.00,0,-816.89
0,0.00,0,-814.31
0,0.00,0,-816.74
0,0.00,0,-817.66
0,0.00,0,-820.40
0,0.00,0,-818.87
0,0.00,0,-817.35
0,0.00,0,-814.61
0,0.00,0,-815.83
0,0.00,0,-819.18
0,0.00,0,-821.46
0,0.00,0,-823.14
0,0.00,0,-819.79
0,0.00,0,-817.96
0,0.00,0,-816.13
0,0.00,0,-817.50
0,0.00,0,-819.03
0,0.00,0,-819.94
0,0.00,0,-819.18
0,0.00,0,-814.92
0,0.00,0,-813.55
0,0.00,0,-814.61
0,0.00,0,-818.11
0,0.00,0,-821.16
0,0.00,0,-821.61
0,0.00,0,-819.33
0,0.00,0,-816.44
0,0.00,0,-817.81
0,0.00,0,-819.18
0,0.00,0,-821.61
0,0.00,0,-821.00
0,0.00,0,-818.87
0,0.00,0,-815.53
0,0.00,0,-813.85
0,0.00,0,-815.37
0,0.00,0,-817.81
0,0.00,0,-820.55
0,0.00,0,-819.48
0,0.00,0,-817.81
0,0.00,0,-815.83
0,0.00,0,-818.11
0,0.00,0,-821.00
0,0.00,0,-824.05
0,0.00,0,-823.29
0,0.00,0,-819.63
0,0.00,0,-817.20
0,0.00,0,-815.07
0,0.00,0,-817.81
0,0.00,0,-818.42
0,0.00,0,-819.94
0,0.00,0,-817.66
0,0.00,0,-815.83
0,0.00,0,-815.53
0,0.00,0,-818.11
0,0.00,0,-822.83
0,0.00,0,-824.51
0,0.00,0,-824.35
0,0.00,0,-820.40
0,0.00,0,-818.11
0,0.00,0,-818.42
0,0.00,0,-819.79
0,0.00,0,-821.31
0,0.00,0,-819.63
0,0.00,0,-816.89
0,0.00,0,-813.70
0,0.00,0,-814.31
0,0.00,0,-817.05
0,0.00,0,-820.09
0,0.00,0,-822.53
0,0.00,0,-822.07
0,0.00,0,-819.48
0,0.00,0,-818.26
0,0.00,0,-819.79
0,0.00,0,-821.61
0,0.00,0,-822.68
0,0.00,0,-820.40
0,0.00,0,-815.98
0,0.00,0,-812.94
0,0.00,0,-813.39
0,0.00,0,-815.37
0,0.00,0,-818.42
0,0.00,0,-820.09
0,0.00,0,-818.87
0,0.00,0,-817.96
0,0.00,0,-816.89
0,0.00,0,-820.85
0,0.00,0,-822.68
0,0.00,0,-824.05
0,0.00,0,-820.24
0,0.00,0,-817.05
0,0.00,0,-813.70
0,0.00,0,-813.55
0,0.00,0,-814.92
0,0.00,0,-817.50
0,0.00,0,-817.96
0,0.00,0,-815.07
0,0.00,0,-814.92
0,0.00,0,-816.29
0,0.00,0,-820.40
0,0.00,0,-823.14
0,0.00,0,-824.35
0,0.00,0,-821.92
0,0.00,0,-818.11
0,0.00,0,-816.13
0,0.00,0,-815.68
0,0.00,0,-817.50
0,0.00,0,-817.66
0,0.00,0,-816.74
0,0.00,0,-813.09
0,0.00,0,-812.18
0,0.00,0,-814.76
0,0.00,0,-818.11
0,0.00,0,-822.83
0,0.00,0,-822.98
0,0.00,0,-821.77
0,0.00,0,-818.42
0,0.00,0,-818.87
0,0.00,0,-819.03
0,0.00,0,-821.16
0,0.00,0,-819.63
0,0.00,0,-817.05
0,0.00,0,-813.55
0,0.00,0,-811.42
0,0.00,0,-814.46
0,0.00,0,-816.74
0,0.00,0,-820.85
0,0.00,0,-820.24
0,0.00,0,-819.48
0,0.00,0,-817.35
0,0.00,0,-819.18
0,0.00,0,-821.61
0,0.00,0,-822.53
0,0.00,0,-821.46
0,0.00,0,-816.89
0,0.00,0,-813.39
0,0.00,0,-812.33
0,0.00,0,-814.00
0,0.00,0,-817.05
0,0.00,0,-818.42
0,0.00,0,-817.96
0,0.00,0,-815.22
0,0.00,0,-816.29
0,0.00,0,-818.57
0,0.00,0,-822.53
0,0.00,0,-824.20
0,0.00,0,-823.59
0,0.00,0,-819.63
0,0.00,0,-815.83
0,0.00,0,-815.53
0,0.00,0,-815.98
0,0.00,0,-818.87
0,0.00,0,-817.50
0,0.00,0,-815.83
0,0.00,0,-812.79
0,0.00,0,-815.22
0,0.00,0,-818.11
0,0.00,0,-822.22
0,0.00,0,-824.66
0,0.00,0,-823.14
0,0.00,0,-820.85
0,0.00,0,-817.81
0,0.00,0,-819.33
0,0.00,0,-819.48
0,0.00,0,-821.31
0,0.00,0,-818.26
0,0.00,0,-815.53
0,0.00,0,-812.94
0,0.00,0,-814.31
0,0.00,0,-817.66
0,0.00,0,-820.09
0,0.00,0,-821.77
0,0.00,0,-820.85
0,0.00,0,-819.79
0,0.00,0,-818.87
0,0.00,0,-821.77
0,0.00,0,-822.83
0,0.00,0,-822.83
0,0.00,0,-819.33
0,0.00,0,-814.61
0,0.00,0,-812.18
0,0.00,0,-812.79
0,0.00,0,-815.98
0,0.00,0,-818.11
0,0.00,0,-819.33
0,0.00,0,-817.20
0,0.00,0,-816.74
0,0.00,0,-818.87
0,0.00,0,-821.61
0,0.00,0,-824.35
0,0.00,0,-823.29
0,0.00,0,-820.85
0,0.00,0,-815.83
0,0.00,0,-814.61
0,0.00,0,-814.31
0,0.00,0,-817.50
0,0.00,0,-817.96
0,0.00,0,-816.89
0,0.00,0,-814.31
0,0.00,0,-814.00
0,0.00,0,-817.20
0,0.00,0,-820.09
0,0.00,0,-823.74
0,0.00,0,-823.29
0,0.00,0,-820.85
0,0.00,0,-817.96
0,0.00,0,-816.29
0,0.00,0,-817.50
0,0.00,0,-817.50
0,0.00,0,-817.96
0,0.00,0,-814.61
0,0.00,0,-812.94
0,0.00,0,-812.63
0,0.00,0,-815.68
0,0.00,0,-819.48
0,0.00,0,-822.22
0,0.00,0,-822.07
0,0.00,0,-819.18
0,0.00,0,-818.26
0,0.00,0,-818.87
0,0.00,0,-820.70
0,0.00,0,-821.16
0,0.00,0,-820.24
0,0.00,0,-816.29
0,0.00,0,-813.09
0,0.00,0,-812.18
0,0.00,0,-815.53
0,0.00,0,-818.26
0,0.00,0,-820.85
0,0.00,0,-820.24
0,0.00,0,-818.87
0,0.00,0,-817.96
0,0.00,0,-820.09
0,0.00,0,-821.92
0,0.00,0,-823.44
0,0.00,0,-820.70
0,0.00,0,-816.74
0,0.00,0,-813.24
0,0.00,0,-813.39
0,0.00,0,-814.92
0,0.00,0,-817.66
0,0.00,0,-818.72
0,0.00,0,-816.74
0,0.00,0,-816.44
0,0.00,0,-817.35
0,0.00,0,-821.16
0,0.00,0,-823.29
0,0.00,0,-824.35
0,0.00,0,-821.16
0,0.00,0,-817.66
0,0.00,0,-814.92
0,0.00,0,-815.07
0,0.00,0,-817.20
0,0.00,0,-818.57
0,0.00,0,-818.11
0,0.00,0,-815.68
0,0.00,0,-814.76
0,0.00,0,-816.74
0,0.00,0,-820.24
0,0.00,0,-823.90
0,0.00,0,-824.51
0,0.00,0,-822.22
0,0.00,0,-819.03
0,0.00,0,-817.50
0,0.00,0,-817.96
0,0.00,0,-819.18
0,0.00,0,-819.03
0,0.00,0,-816.74
0,0.00,0,-814.16
0,0.00,0,-813.24
0,0.00,0,-815.98
0,0.00,0,-819.18
0,0.00,0,-822.22
0,0.00,0,-823.14
0,0.00,0,-821.00
0,0.00,0,-818.26
0,0.00,0,-819.18
0,0.00,0,-819.94
0,0.00,0,-822.22
0,0.00,0,-820.85
0,0.00,0,-817.81
0,0.00,0,-813.55
0,0.00,0,-812.94
0,0.00,0,-814.46
0,0.00,0,-817.50
0,0.00,0,-819.79
0,0.00,0,-819.79
0,0.00,0,-817.66
0,0.00,0,-816.74
0,0.00,0,-819.33
0,0.00,0,-821.61
0,0.00,0,-822.98
0,0.00,0,-821.16
0,0.00,0,-817.20
0,0.00,0,-814.46
0,0.00,0,-813.70
0,0.00,0,-815.07
0,0.00,0,-817.66
0,0.00,0,-818.26
0,0.00,0,-817.05
0,0.00,0,-815.37
0,0.00,0,-815.98
0,0.00,0,-819.48
0,0.00,0,-822.98
0,0.00,0,-824.35
0,0.00,0,-823.29
0,0.00,0,-819.18
0,0.00,0,-817.20
0,0.00,0,-816.13
0,0.00,0,-818.42
0,0.00,0,-819.03
0,0.00,0,-818.26
0,0.00,0,-815.98
0,0.00,0,-814.76
0,0.00,0,-816.13
0,0.00,0,-819.03
0,0.00,0,-822.98
0,0.00,0,-824.51
0,0.00,0,-823.29
0,0.00,0,-820.09
0,0.00,0,-818.11
0,0.00,0,-819.79
0,0.00,0,-819.79
0,0.00,0,-820.55
0,0.00,0,-817.66
0,0.00,0,-814.76
0,0.00,0,-812.33
0,0.00,0,-813.24
0,0.00,0,-816.44
0,0.00,0,-819.63
0,0.00,0,-821.46
0,0.00,0,-819.48
0,0.00,0,-817.96
0,0.00,0,-818.26
0,0.00,0,-820.09
0,0.00,0,-822.68
0,0.00,0,-822.37
0,0.00,0,-819.63
0,0.00,0,-815.53
0,0.00,0,-813.39
0,0.00,0,-814.31
0,0.00,0,-816.89
0,0.00,0,-819.33
0,0.00,0,-819.03
0,0.00,0,-817.35
0,0.00,0,-816.29
0,0.00,0,-817.81
0,0.00,0,-820.70
0,0.00,0,-823.44
0,0.00,0,-822.83
0,0.00,0,-819.48
0,0.00,0,-815.37
0,0.00,0,-813.55
0,0.00,0,-815.37
0,0.00,0,-817.05
0,0.00,0,-818.57
0,0.00,0,-816.89
0,0.00,0,-815.68
0,0.00,0,-814.92
0,0.00,0,-817.50
0,0.00,0,-820.85
0,0.00,0,-823.44
0,0.00,0,-823.29
0,0.00,0,-818.87
0,0.00,0,-816.59
0,0.00,0,-815.37
0,0.00,0,-817.81
0,0.00,0,-818.72
0,0.00,0,-818.57
0,0.00,0,-815.83
0,0.00,0,-813.39
0,0.00,0,-813.85
0,0.00,0,-816.59
0,0.00,0,-821.00
0,0.00,0,-823.14
0,0.00,0,-823.14
0,0.00,0,-818.87
0,0.00,0,-817.81
0,0.00,0,-818.42
0,0.00,0,-820.70
0,0.00,0,-821.31
0,0.00,0,-819.03
0,0.00,0,-814.92
0,0.00,0,-812.02
0,0.00,0,-813.39
0,0.00,0,-815.07
0,0.00,0,-819.18
0,0.00,0,-820.09
0,0.00,0,-819.63
0,0.00,0,-817.35
0,0.00,0,-817.35
0,0.00,0,-820.09
0,0.00,0,-822.07
0,0.00,0,-823.44
0,0.00,0,-819.48
0,0.00,0,-815.83
0,0.00,0,-812.94
0,0.00,0,-814.16
0,0.00,0,-816.44
0,0.00,0,-818.11
0,0.00,0,-818.87
0,0.00,0,-817.05
0,0.00,0,-816.44
0,0.00,0,-816.44
0,0.00,0,-820.40
0,0.00,0,-822.37
0,0.00,0,-824.66
0,0.00,0,-821.46
0,0.00,0,-817.20
0,0.00,0,-815.37
0,0.00,0,-816.44
0,0.00,0,-817.81
0,0.00,0,-817.35
0,0.00,0,-816.29
0,0.00,0,-813.70
0,0.00,0,-814.16
0,0.00,0,-816.44
0,0.00,0,-819.94
0,0.00,0,-823.74
0,0.00,0,-824.20
0,0.00,0,-822.37
0,0.00,0,-818.87
0,0.00,0,-818.42
0,0.00,0,-819.18
0,0.00,0,-820.55
0,0.00,0,-820.24
0,0.00,0,-817.50
0,0.00,0,-814.92
0,0.00,0,-813.70
0,0.00,0,-816.59
0,0.00,0,-818.87
0,0.00,0,-822.07
0,0.00,0,-821.46
0,0.00,0,-820.09
0,0.00,0,-818.42
0,0.00,0,-819.18
0,0.00,0,-821.00
0,0.00,0,-822.53
0,0.00,0,-821.16
0,0.00,0,-816.89
0,0.00,0,-813.55
0,0.00,0,-812.48
0,0.00,0,-815.68
0,0.00,0,-817.20
0,0.00,0,-819.03
0,0.00,0,-817.96
0,0.00,0,-816.44
0,0.00,0,-816.13
0,0.00,0,-817.50
0,0.00,0,-821.31
0,0.00,0,-822.98
0,0.00,0,-822.37
0,0.00,0,-817.20
0,0.00,0,-814.16
0,0.00,0,-814.00
0,0.00,0,-815.37
0,0.00,0,-817.05
0,0.00,0,-816.59
0,0.00,0,-815.68
0,0.00,0,-813.70
0,0.00,0,-814.76
0,0.00,0,-818.42
0,0.00,0,-821.92
0,0.00,0,-824.20
0,0.00,0,-821.92
0,0.00,0,-819.18
0,0.00,0,-815.98
0,0.00,0,-817.05
0,0.00,0,-818.26
0,0.00,0,-819.33
0,0.00,0,-816.89
0,0.00,0,-814.00
0,0.00,0,-812.33
0,0.00,0,-813.85
0,0.00,0,-817.96
0,0.00,0,-821.31
0,0.00,0,-822.83
0,0.00,0,-821.00
0,0.00,0,-819.63
0,0.00,0,-818.11
0,0.00,0,-819.94
0,0.00,0,-821.16
0,0.00,0,-821.00
0,0.00,0,-817.50
0,0.00,0,-813.09
0,0.00,0,-811.11
0,0.00,0,-813.09
0,0.00,0,-815.98
0,0.00,0,-819.33
0,0.00,0,-819.79
0,0.00,0,-819.33
0,0.00,0,-817.81
0,0.00,0,-819.03
0,0.00,0,-821.61
0,0.00,0,-823.90
0,0.00,0,-823.44
0,0.00,0,-819.03
0,0.00,0,-815.07
0,0.00,0,-813.09
0,0.00,0,-815.98
0,0.00,0,-817.81
0,0.00,0,-819.79
0,0.00,0,-818.42
0,0.00,0,-816.89
0,0.00,0,-817.20
0,0.00,0,-818.57
0,0.00,0,-821.77
0,0.00,0,-823.29
0,0.00,0,-823.44
0,0.00,0,-819.63
0,0.00,0,-815.98
0,0.00,0,-815.07
0,0.00,0,-815.53
0,0.00,0,-818.26
0,0.00,0,-817.81
0,0.00,0,-816.74
0,0.00,0,-813.55
0,0.00,0,-814.92
0,0.00,0,-816.89
0,0.00,0,-821.00
0,0.00,0,-822.98
0,0.00,0,-821.92
0,0.00,0,-819.79
0,0.00,0,-816.59
0,0.00,0,-817.50
0,0.00,0,-818.26
0,0.00,0,-820.70
0,0.00,0,-819.03
0,0.00,0,-816.13
0,0.00,0,-813.55
0,0.00,0,-813.39
0,0.00,0,-816.89
0,0.00,0,-819.63
0,0.00,0,-822.22
0,0.00,0,-820.40
0,0.00,0,-819.18
0,0.00,0,-817.96
0,0.00,0,-819.79
0,0.00,0,-821.61
0,0.00,0,-822.53
0,0.00,0,-821.31
0,0.00,0,-816.89
0,0.00,0,-814.16
0,0.00,0,-814.16
0,0.00,0,-816.89
0,0.00,0,-819.03
0,0.00,0,-819.94
0,0.00,0,-818.57
0,0.00,0,-815.98
0,0.00,0,-817.50
0,0.00,0,-818.57
0,0.00,0,-822.68
0,0.00,0,-822.83
0,0.00,0,-821.61
0,0.00,0,-816.59
0,0.00,0,-814.46
0,0.00,0,-816.13
0,0.00,0,-817.81
0,0.00,0,-819.94
0,0.00,0,-818.26
0,0.00,0,-816.89
0,0.00,0,-815.07
0,0.00,0,-817.66
0,0.00,0,-820.09
0,0.00,0,-823.29
0,0.00,0,-823.29
0,0.00,0,-820.70
0,0.00,0,-817.50
0,0.00,0,-815.98
0,0.00,0,-817.20
0,0.00,0,-819.03
0,0.00,0,-819.33
0,0.00,0,-816.89
0,0.00,0,-814.00
0,0.00,0,-813.55
0,0.00,0,-815.53
0,0.00,0,-818.87
0,0.00,0,-821.61
0,0.00,0,-822.07
0,0.00,0,-820.40
0,0.00,0,-818.26
0,0.00,0,-818.11
0,0.00,0,-819.79
0,0.00,0,-821.46
0,0.00,0,-820.55
0,0.00,0,-817.35
0,0.00,0,-813.55
0,0.00,0,-812.79
0,0.00,0,-815.53
0,0.00,0,-819.03
0,0.00,0,-821.61
0,0.00,0,-821.46
0,0.00,0,-819.48
0,0.00,0,-818.72
0,0.00,0,-820.40
0,0.00,0,-822.53
0,0.00,0,-824.05
0,0.00,0,-822.22
0,0.00,0,-818.42
0,0.00,0,-814.31
0,0.00,0,-814.00
0,0.00,0,-815.53
0,0.00,0,-818.26
0,0.00,0,-819.18
0,0.00,0,-818.42
0,0.00,0,-816.29
0,0.00,0,-817.05
0,0.00,0,-820.85
0,0.00,0,-823.74
0,0.00,0,-825.88
0,0.00,0,-823.14
0,0.00,0,-819.63
0,0.00,0,-816.44
0,0.00,0,-816.13
0,0.00,0,-817.05
0,0.00,0,-818.57
0,0.00,0,-817.96
0,0.00,0,-814.61
0,0.00,0,-814.00
0,0.00,0,-814.92
0,0.00,0,-819.63
0,0.00,0,-823.29
0,0.00,0,-824.51
0,0.00,0,-821.92
0,0.00,0,-818.57
0,0.00,0,-817.50
0,0.00,0,-817.20
0,0.00,0,-819.33
0,0.00,0,-818.87
0,0.00,0,-817.20
0,0.00,0,-813.55
0,0.00,0,-812.18
0,0.00,0,-814.00
0,0.00,0,-817.81
0,0.00,0,-821.31
0,0.00,0,-822.07
0,0.00,0,-820.55
0,0.00,0,-818.42
0,0.00,0,-819.03
0,0.00,0,-820.09
0,0.00,0,-821.46
0,0.00,0,-821.31
0,0.00,0,-817.81
0,0.00,0,-814.00
0,0.00,0,-811.11
0,0.00,0,-814.76
0,0.00,0,-816.29
0,0.00,0,-819.63
0,0.00,0,-818.72
0,0.00,0,-817.81
0,0.00,0,-816.89
0,0.00,0,-818.42
0,0.00,0,-821.46
0,0.00,0,-822.68
0,0.00,0,-823.74
0,0.00,0,-819.33
0,0.00,0,-816.29
0,0.00,0,-813.85
0,0.00,0,-815.37
0,0.00,0,-817.35
0,0.00,0,-817.96
0,0.00,0,-817.05
0,0.00,0,-814.46
0,0.00,0,-815.98
0,0.00,0,-818.26
0,0.00,0,-822.37
0,0.00,0,-824.05
0,0.00,0,-823.44
0,0.00,0,-821.16
0,0.00,0,-817.35
0,0.00,0,-817.35
0,0.00,0,-817.66
0,0.00,0,-819.63
0,0.00,0,-817.96
0,0.00,0,-815.68
0,0.00,0,-813.55
0,0.00,0,-814.31
0,0.00,0,-818.26
0,0.00,0,-821.92
0,0.00,0,-824.51
0,0.00,0,-822.83
0,0.00,0,-821.00
0,0.00,0,-818.87
0,0.00,0,-821.16
0,0.00,0,-821.61
0,0.00,0,-822.98
0,0.00,0,-819.94
0,0.00,0,-816.59
0,0.00,0,-813.09
0,0.00,0,-813.09
0,0.00,0,-815.83
0,0.00,0,-818.57
0,0.00,0,-820.24
0,0.00,0,-818.42
0,0.00,0,-817.05
0,0.00,0,-817.66
0,0.00,0,-820.40
0,0.00,0,-822.53
0,0.00,0,-822.37
0,0.00,0,-820.55
0,0.00,0,-815.83
0,0.00,0,-813.09
0,0.00,0,-813.70
0,0.00,0,-816.29
0,0.00,0,-818.87
0,0.00,0,-818.72
0,0.00,0,-817.05
0,0.00,0,-815.37
0,0.00,0,-817.20
0,0.00,0,-820.09
0,0.00,0,-822.98
0,0.00,0,-823.74
0,0.00,0,-820.85
0,0.00,0,-817.81
0,0.00,0,-815.83
0,0.00,0,-816.74
0,0.00,0,-818.72
0,0.00,0,-819.03
0,0.00,0,-818.11
0,0.00,0,-815.22
0,0.00,0,-814.61
0,0.00,0,-815.98
0,0.00,0,-819.33
0,0.00,0,-822.68
0,0.00,0,-822.07
0,0.00,0,-821.00
0,0.00,0,-817.50
0,0.00,0,-817.96
0,0.00,0,-818.72
0,0.00,0,-821.00
0,0.00,0,-821.00
0,0.00,0,-818.72
0,0.00,0,-815.37
0,0.00,0,-812.94
0,0.00,0,-815.68
0,0.00,0,-817.50
0,0.00,0,-821.00
0,0.00,0,-819.48
0,0.00,0,-818.87
0,0.00,0,-816.89
0,0.00,0,-818.11
0,0.00,0,-819.48
0,0.00,0,-821.31
0,0.00,0,-821.61
0,0.00,0,-817.35
0,0.00,0,-815.07
0,0.00,0,-813.85
0,0.00,0,-816.74
0,0.00,0,-818.87
0,0.00,0,-821.00
0,0.00,0,-820.70
0,0.00,0,-816.74
0,0.00,0,-817.81
0,0.00,0,-817.66
0,0.00,0,-821.77
0,0.00,0,-822.37
0,0.00,0,-821.16
0,0.00,0,-817.81
0,0.00,0,-814.16
0,0.00,0,-815.68
0,0.00,0,-815.37
0,0.00,0,-819.79
0,0.00,0,-818.72
0,0.00,0,-818.72
0,0.00,0,-815.37
0,0.00,0,-815.68
0,0.00,0,-818.72
0,0.00,0,-820.70
0,0.00,0,-823.44
0,0.00,0,-819.79
0,0.00,0,-818.26
0,0.00,0,-814.76
0,0.00,0,-817.05
0,0.00,0,-818.26
0,0.00,0,-820.24
0,0.00,0,-819.03
0,0.00,0,-816.29
0,0.00,0,-815.37
0,0.00,0,-815.22
0,0.00,0,-819.63
0,0.00,0,-821.16
0,0.00,0,-823.14
0,0.00,0,-820.40
0,0.00,0,-817.35
0,0.00,0,-817.20
0,0.00,0,-818.26
0,0.00,0,-821.31
0,0.00,0,-820.09
0,0.00,0,-819.63
0,0.00,0,-814.61
0,0.00,0,-815.07
0,0.00,0,-816.44
0,0.00,0,-819.18
0,0.00,0,-822.68
0,0.00,0,-821.00
0,0.00,0,-820.70
0,0.00,0,-816.74
0,0.00,0,-819.18
0,0.00,0,-819.48
0,0.00,0,-822.22
0,0.00,0,-822.07
0,0.00,0,-818.11
0,0.00,0,-815.98
0,0.00,0,-813.39
0,0.00,0,-816.74
0,0.00,0,-817.96
0,0.00,0,-820.24
0,0.00,0,-818.42
0,0.00,0,-817.50
0,0.00,0,-816.44
0,0.00,0,-818.57
0,0.00,0,-821.46
0,0.00,0,-822.83
0,0.00,0,-822.53
0,0.00,0,-818.72
0,0.00,0,-816.44
0,0.00,0,-815.07
0,0.00,0,-817.20
0,0.00,0,-818.87
0,0.00,0,-820.70
0,0.00,0,-818.42
0,0.00,0,-815.37
0,0.00,0,-815.37
0,0.00,0,-816.89
0,0.00,0,-820.40
0,0.00,0,-821.61
0,0.00,0,-821.31
0,0.00,0,-817.50
0,0.00,0,-816.13
0,0.00,0,-815.98
0,0.00,0,-817.66
0,0.00,0,-819.63
0,0.00,0,-819.48
0,0.00,0,-817.81
0,0.00,0,-814.92
0,0.00,0,-815.37
0,0.00,0,-817.66
0,0.00,0,-820.70
0,0.00,0,-821.61
0,0.00,0,-820.09
0,0.00,0,-817.35
0,0.00,0,-815.98
0,0.00,0,-817.81
0,0.00,0,-819.18
0,0.00,0,-821.61
0,0.00,0,-820.09
0,0.00,0,-817.35
0,0.00,0,-814.31
0,0.00,0,-815.53
0,0.00,0,-817.96
0,0.00,0,-820.40
0,0.00,0,-821.61
0,0.00,0,-818.57
0,0.00,0,-817.35
0,0.00,0,-816.13
0,0.00,0,-819.33
0,0.00,0,-820.70
0,0.00,0,-822.22
0,0.00,0,-820.85
0,0.00,0,-817.35
0,0.00,0,-816.29
0,0.00,0,-816.29
0,0.00,0,-819.33
0,0.00,0,-821.00
0,0.00,0,-820.09
0,0.00,0,-817.35
0,0.00,0,-814.61
0,0.00,0,-816.44
0,0.00,0,-817.96
0,0.00,0,-822.37
0,0.00,0,-821.31
0,0.00,0,-820.70
0,0.00,0,-816.89
0,0.00,0,-815.53
0,0.00,0,-817.20
0,0.00,0,-820.40
0,0.00,0,-822.07
0,0.00,0,-819.79
0,0.00,0,-816.59
0,0.00,0,-814.61
0,0.00,0,-816.89
0,0.00,0,-819.03
0,0.00,0,-821.46
0,0.00,0,-821.31
0,0.00,0,-818.57
0,0.00,0,-815.98
0,0.00,0,-815.07
0,0.00,0,-818.57
0,0.00,0,-820.85
0,0.00,0,-822.68
0,0.00,0,-819.33
0,0.00,0,-816.44
0,0.00,0,-814.76
0,0.00,0,-817.20
0,0.00,0,-819.03
0,0.00,0,-821.16
0,0.00,0,-819.79
0,0.00,0,-816.59
0,0.00,0,-815.07
0,0.00,0,-816.29
0,0.00,0,-819.03
0,0.00,0,-821.31
0,0.00,0,-821.46
0,0.00,0,-818.87
0,0.00,0,-816.44
0,0.00,0,-816.29
0,0.00,0,-817.81
0,0.00,0,-819.94
0,0.00,0,-820.40
0,0.00,0,-818.57
0,0.00,0,-815.83
0,0.00,0,-815.22
0,0.00,0,-816.89
0,0.00,0,-819.18
0,0.00,0,-822.53
0,0.00,0,-820.40
0,0.00,0,-818.72
0,0.00,0,-815.83
0,0.00,0,-817.35
0,0.00,0,-819.18
0,0.00,0,-821.16
0,0.00,0,-820.70
0,0.00,0,-817.20
0,0.00,0,-815.68
0,0.00,0,-815.37
0,0.00,0,-818.57
0,0.00,0,-819.03
0,0.00,0,-821.77
0,0.00,0,-820.09
0,0.00,0,-818.42
0,0.00,0,-817.20
0,0.00,0,-817.81
0,0.00,0,-819.79
0,0.00,0,-821.16
0,0.00,0,-821.00
0,0.00,0,-816.59
0,0.00,0,-814.31
0,0.00,0,-815.37
0,0.00,0,-817.96
0,0.00,0,-820.70
0,0.00,0,-819.94
0,0.00,0,-819.03
0,0.00,0,-816.74
0,0.00,0,-817.50
0,0.00,0,-817.81
0,0.00,0,-819.79
0,0.00,0,-822.53
0,0.00,0,-820.09
0,0.00,0,-817.35
0,0.00,0,-812.63
0,0.00,0,-815.37
0,0.00,0,-816.59
0,0.00,0,-819.79
0,0.00,0,-818.11
0,0.00,0,-815.07
0,0.00,0,-814.76
0,0.00,0,-815.68
0,0.00,0,-820.24
0,0.00,0,-821.16
0,0.00,0,-823.29
0,0.00,0,-820.09
0,0.00,0,-817.35
0,0.00,0,-815.07
0,0.00,0,-815.07
0,0.00,0,-819.03
0,0.00,0,-819.79
0,0.00,0,-819.18
0,0.00,0,-814.31
0,0.00,0,-812.33
0,0.00,0,-815.83
0,0.00,0,-819.18
0,0.00,0,-821.77
0,0.00,0,-819.48
0,0.00,0,-819.18
0,0.00,0,-816.29
0,0.00,0,-817.20
0,0.00,0,-818.57
0,0.00,0,-820.70
0,0.00,0,-822.07
0,0.00,0,-817.50
0,0.00,0,-814.46
0,0.00,0,-812.48
0,0.00,0,-816.13
0,0.00,0,-819.03
0,0.00,0,-821.46
0,0.00,0,-819.63
0,0.00,0,-817.20
0,0.00,0,-816.29
0,0.00,0,-817.66
0,0.00,0,-819.79
0,0.00,0,-821.16
0,0.00,0,-820.70
0,0.00,0,-819.03
0,0.00,0,-815.98
0,0.00,0,-815.22
0,0.00,0,-816.59
0,0.00,0,-819.33
0,0.00,0,-820.55
0,0.00,0,-818.42
0,0.00,0,-815.98
0,0.00,0,-815.68
0,0.00,0,-818.42
0,0.00,0,-819.48
0,0.00,0,-820.70
0,0.00,0,-821.00
0,0.00,0,-819.03
0,0.00,0,-816.29
0,0.00,0,-815.37
0,0.00,0,-818.11
0,0.00,0,-820.40
0,0.00,0,-821.31
0,0.00,0,-818.57
0,0.00,0,-816.13
0,0.00,0,-816.29
0,0.00,0,-817.66
0,0.00,0,-820.09
0,0.00,0,-820.85
0,0.00,0,-820.70
0,0.00,0,-818.11
0,0.00,0,-816.59
0,0.00,0,-817.35
0,0.00,0,-819.03
0,0.00,0,-821.31
0,0.00,0,-819.94
0,0.00,0,-817.50
0,0.00,0,-814.31
0,0.00,0,-815.53
0,0.00,0,-818.87
0,0.00,0,-821.61
0,0.00,0,-821.46
0,0.00,0,-817.66
0,0.00,0,-817.35
0,0.00,0,-815.37
0,0.00,0,-818.11
0,0.00,0,-819.18
0,0.00,0,-822.07
0,0.00,0,-821.46
0,0.00,0,-817.20
0,0.00,0,-815.22
0,0.00,0,-815.83
0,0.00,0,-821.16
0,0.00,0,-821.46
0,0.00,0,-821.00
0,0.00,0,-816.13
0,0.00,0,-815.53
0,0.00,0,-815.83
0,0.00,0,-817.20
0,0.00,0,-819.48
0,0.00,0,-819.48
0,0.00,0,-819.18
0,0.00,0,-815.07
0,0.00,0,-815.53
0,0.00,0,-816.59
0,0.00,0,-820.70
0,0.00,0,-822.68
0,0.00,0,-821.46
0,0.00,0,-818.26
0,0.00,0,-815.37
0,0.00,0,-818.57
0,0.00,0,-819.33
0,0.00,0,-821.92
0,0.00,0,-818.57
0,0.00,0,-817.66
0,0.00,0,-815.37
0,0.00,0,-815.83
0,0.00,0,-817.66
0,0.00,0,-819.18
0,0.00,0,-822.68
0,0.00,0,-820.09
0,0.00,0,-817.96
0,0.00,0,-815.37
0,0.00,0,-818.87
0,0.00,0,-821.16
0,0.00,0,-821.31
0,0.00,0,-819.94
0,0.00,0,-816.13
0,0.00,0,-816.29
0,0.00,0,-814.76
0,0.00,0,-818.57
0,0.00,0,-819.18
0,0.00,0,-821.92
0,0.00,0,-819.18
0,0.00,0,-816.44
0,0.00,0,-816.44
0,0.00,0,-818.26
0,0.00,0,-821.77
0,0.00,0,-821.16
0,0.00,0,-820.85
0,0.00,0,-815.98
0,0.00,0,-815.68
0,0.00,0,-816.13
0,0.00,0,-819.18
0,0.00,0,-821.16
0,0.00,0,-819.63
0,0.00,0,-819.18
0,0.00,0,-815.37
0,0.00,0,-819.03
0,0.00,0,-819.03
0,0.00,0,-824.05
0,0.00,0,-821.92
0,0.00,0,-819.94
0,0.00,0,-816.89
0,0.00,0,-815.37
0,0.00,0,-818.57
0,0.00,0,-818.26
0,0.00,0,-821.61
0,0.00,0,-818.26
0,0.00,0,-817.66
0,0.00,0,-814.92
0,0.00,0,-817.50
0,0.00,0,-821.16
0,0.00,0,-822.68
0,0.00,0,-823.90
0,0.00,0,-818.26
0,0.00,0,-817.20
0,0.00,0,-815.83
0,0.00,0,-819.48
0,0.00,0,-819.94
0,0.00,0,-819.03
0,0.00,0,-817.35
0,0.00,0,-814.31
0,0.00,0,-815.68
0,0.00,0,-815.98
0,0.00,0,-819.79
0,0.00,0,-821.46
0,0.00,0,-821.77
0,0.00,0,-818.42
0,0.00,0,-815.07
0,0.00,0,-817.81
0,0.00,0,-819.03
0,0.00,0,-822.53
0,0.00,0,-819.48
0,0.00,0,-817.50
0,0.00,0,-814.46
0,0.00,0,-815.37
0,0.00,0,-817.05
0,0.00,0,-819.63
0,0.00,0,-821.77
0,0.00,0,-819.33
0,0.00,0,-818.26
0,0.00,0,-816.44
0,0.00,0,-820.09
0,0.00,0,-821.46
0,0.00,0,-823.14
0,0.00,0,-821.00
0,0.00,0,-816.89
0,0.00,0,-814.92
0,0.00,0,-814.76
0,0.00,0,-818.42
0,0.00,0,-819.48
0,0.00,0,-820.09
0,0.00,0,-817.66
0,0.00,0,-816.44
0,0.00,0,-817.35
0,0.00,0,-818.26
0,0.00,0,-823.14
0,0.00,0,-823.59
0,0.00,0,-823.29
0,0.00,0,-817.96
0,0.00,0,-816.89
0,0.00,0,-817.81
0,0.00,0,-819.63
0,0.00,0,-821.00
0,0.00,0,-818.72
0,0.00,0,-817.05
0,0.00,0,-814.16
0,0.00,0,-815.07
0,0.00,0,-816.89
0,0.00,0,-820.70
0,0.00,0,-822.22
0,0.00,0,-820.09
0,0.00,0,-817.20
0,0.00,0,-817.81
0,0.00,0,-820.55
0,0.00,0,-821.46
0,0.00,0,-821.61
0,0.00,0,-819.03
0,0.00,0,-816.74
0,0.00,0,-814.16
0,0.00,0,-815.68
0,0.00,0,-817.96
0,0.00,0,-820.24
0,0.00,0,-821.00
0,0.00,0,-817.50
0,0.00,0,-815.98
0,0.00,0,-817.05
0,0.00,0,-820.55
0,0.00,0,-823.14
0,0.00,0,-822.37
0,0.00,0,-818.87
0,0.00,0,-814.61
0,0.00,0,-814.92
0,0.00,0,-815.98
0,0.00,0,-817.81
0,0.00,0,-818.87
0,0.00,0,-818.42
0,0.00,0,-816.44
0,0.00,0,-814.31
0,0.00,0,-816.59
0,0.00,0,-819.33
0,0.00,0,-823.44
0,0.00,0,-822.68
0,0.00,0,-818.42
0,0.00,0,-815.68
0,0.00,0,-816.44
0,0.00,0,-818.11
0,0.00,0,-819.18
0,0.00,0,-818.11
0,0.00,0,-816.44
0,0.00,0,-813.70
0,0.00,0,-814.16
0,0.00,0,-815.83
0,0.00,0,-819.94
0,0.00,0,-822.68
0,0.00,0,-822.53
0,0.00,0,-819.63
0,0.00,0,-816.89
0,0.00,0,-819.48
0,0.00,0,-821.16
0,0.00,0,-821.77
0,0.00,0,-819.33
0,0.00,0,-815.68
0,0.00,0,-813.55
0,0.00,0,-813.09
0,0.00,0,-816.44
0,0.00,0,-818.87
0,0.00,0,-821.16
0,0.00,0,-821.00
0,0.00,0,-819.94
0,0.00,0,-818.57
0,0.00,0,-820.24
0,0.00,0,-822.68
0,0.00,0,-824.20
0,0.00,0,-821.46
0,0.00,0,-817.05
0,0.00,0,-814.16
0,0.00,0,-814.46
0,0.00,0,-815.83
0,0.00,0,-817.66
0,0.00,0,-817.05
0,0.00,0,-816.89
0,0.00,0,-815.07
0,0.00,0,-817.20
0,0.00,0,-818.42
0,0.00,0,-822.83
0,0.00,0,-823.74
0,0.00,0,-821.77
0,0.00,0,-817.35
0,0.00,0,-815.37
0,0.00,0,-816.44
0,0.00,0,-817.20
0,0.00,0,-818.72
0,0.00,0,-817.05
0,0.00,0,-815.83
0,0.00,0,-814.16
0,0.00,0,-816.29
0,0.00,0,-818.57
0,0.00,0,-822.37
0,0.00,0,-823.59
0,0.00,0,-821.00
0,0.00,0,-818.42
0,0.00,0,-817.20
0,0.00,0,-818.57
0,0.00,0,-819.94
0,0.00,0,-819.18
0,0.00,0,-817.35
0,0.00,0,-813.85
0,0.00,0,-814.16
0,0.00,0,-814.76
0,0.00,0,-818.11
0,0.00,0,-821.16
0,0.00,0,-822.37
0,0.00,0,-821.00
0,0.00,0,-818.11
0,0.00,0,-819.33
0,0.00,0,-820.40
0,0.00,0,-824.20
0,0.00,0,-821.46
0,0.00,0,-818.87
0,0.00,0,-814.31
0,0.00,0,-814.00
0,0.00,0,-816.29
0,0.00,0,-817.81
0,0.00,0,-820.85
0,0.00,0,-819.48
0,0.00,0,-819.03
0,0.00,0,-817.20
0,0.00,0,-818.87
0,0.00,0,-821.31
0,0.00,0,-824.05
0,0.00,0,-823.59
0,0.00,0,-818.87
0,0.00,0,-815.37
0,0.00,0,-815.07
0,0.00,0,-817.50
0,0.00,0,-818.72
0,0.00,0,-819.33
0,0.00,0,-817.66
0,0.00,0,-815.07
0,0.00,0,-815.53
0,0.00,0,-816.44
0,0.00,0,-821.31
0,0.00,0,-822.37
0,0.00,0,-822.98
0,0.00,0,-818.42
0,0.00,0,-815.68
0,0.00,0,-815.68
0,0.00,0,-817.96
0,0.00,0,-820.40
0,0.00,0,-817.81
0,0.00,0,-816.29
0,0.00,0,-812.79
0,0.00,0,-814.92
0,0.00,0,-816.59
0,0.00,0,-819.94
0,0.00,0,-821.31
0,0.00,0,-820.24
0,0.00,0,-818.72
0,0.00,0,-815.53
0,0.00,0,-818.42
0,0.00,0,-819.63
0,0.00,0,-821.77
0,0.00,0,-819.18
0,0.00,0,-815.53
0,0.00,0,-813.39
0,0.00,0,-814.00
0,0.00,0,-818.42
0,0.00,0,-819.48
0,0.00,0,-821.46
0,0.00,0,-818.72
0,0.00,0,-818.42
0,0.00,0,-818.26
0,0.00,0,-819.94
0,0.00,0,-822.68
0,0.00,0,-821.92
0,0.00,0,-820.55
0,0.00,0,-814.76
0,0.00,0,-814.16
0,0.00,0,-814.16
0,0.00,0,-816.59
0,0.00,0,-819.48
0,0.00,0,-818.72
0,0.00,0,-818.11
0,0.00,0,-815.22
0,0.00,0,-817.96
0,0.00,0,-818.57
0,0.00,0,-822.83
0,0.00,0,-822.53
0,0.00,0,-821.00
0,0.00,0,-817.35
0,0.00,0,-815.98
0,0.00,0,-817.20
0,0.00,0,-818.72
0,0.00,0,-820.55
0,0.00,0,-817.20
0,0.00,0,-816.13
0,0.00,0,-814.00
0,0.00,0,-816.59
0,0.00,0,-819.48
0,0.00,0,-821.92
0,0.00,0,-822.98
0,0.00,0,-819.94
0,0.00,0,-817.66
0,0.00,0,-815.98
0,0.00,0,-819.18
0,0.00,0,-821.00
0,0.00,0,-820.09
0,0.00,0,-817.35
0,0.00,0,-814.16
0,0.00,0,-814.31
0,0.00,0,-815.22
0,0.00,0,-819.18
0,0.00,0,-821.00
0,0.00,0,-820.70
0,0.00,0,-817.81
0,0.00,0,-815.37
0,0.00,0,-817.66
0,0.00,0,-819.03
0,0.00,0,-821.92
0,0.00,0,-820.40
0,0.00,0,-817.96
0,0.00,0,-814.46
0,0.00,0,-814.16
0,0.00,0,-816.44
0,0.00,0,-818.57
0,0.00,0,-820.55
0,0.00,0,-818.42
0,0.00,0,-817.05
0,0.00,0,-816.13
0,0.00,0,-818.11
0,0.00,0,-820.55
0,0.00,0,-822.98
0,0.00,0,-822.68
0,0.00,0,-818.42
0,0.00,0,-817.05
0,0.00,0,-817.20
0,0.00,0,-819.48
0,0.00,0,-820.70
0,0.00,0,-819.63
0,0.00,0,-818.11
0,0.00,0,-815.37
0,0.00,0,-816.74
0,0.00,0,-817.66
0,0.00,0,-821.46
0,0.00,0,-823.29
0,0.00,0,-821.16
0,0.00,0,-819.03
0,0.00,0,-815.53
0,0.00,0,-818.87
0,0.00,0,-819.18
0,0.00,0,-821.77
0,0.00,0,-818.57
0,0.00,0,-815.83
0,0.00,0,-814.00
0,0.00,0,-813.85
0,0.00,0,-817.35
0,0.00,0,-818.26
0,0.00,0,-821.92
0,0.00,0,-818.87
0,0.00,0,-817.05
0,0.00,0,-816.44
0,0.00,0,-818.11
0,0.00,0,-821.61
0,0.00,0,-820.70
0,0.00,0,-819.94
0,0.00,0,-815.53
0,0.00,0,-814.61
0,0.00,0,-815.98
0,0.00,0,-818.26
0,0.00,0,-821.92
0,0.00,0,-820.40
0,0.00,0,-819.33
0,0.00,0,-815.68
0,0.00,0,-817.20
0,0.00,0,-819.18
0,0.00,0,-821.77
0,0.00,0,-822.37
0,0.00,0,-818.11
0,0.00,0,-817.20
0,0.00,0,-814.61
0,0.00,0,-818.11
0,0.00,0,-818.87
0,0.00,0,-822.07
0,0.00,0,-820.55
0,0.00,0,-817.81
0,0.00,0,-817.05
0,0.00,0,-817.50
0,0.00,0,-821.92
0,0.00,0,-820.70
0,0.00,0,-822.37
0,0.00,0,-817.20
0,0.00,0,-815.53
0,0.00,0,-814.31
0,0.00,0,-816.59
0,0.00,0,-820.40
0,0.00,0,-818.72
0,0.00,0,-820.09
0,0.00,0,-815.37
0,0.00,0,-818.72
0,0.00,0,-818.11
0,0.00,0,-821.77
0,0.00,0,-823.14
0,0.00,0,-821.16
0,0.00,0,-818.72
0,0.00,0,-813.85
0,0.00,0,-816.44
0,0.00,0,-816.13
0,0.00,0,-819.94
0,0.00,0,-818.42
0,0.00,0,-816.89
0,0.00,0,-816.74
0,0.00,0,-816.13
0,0.00,0,-819.79
0,0.00,0,-820.70
0,0.00,0,-824.05
0,0.00,0,-821.46
0,0.00,0,-818.57
0,0.00,0,-816.13
0,0.00,0,-816.29
0,0.00,0,-819.63
0,0.00,0,-818.87
0,0.00,0,-819.33
0,0.00,0,-814.00
0,0.00,0,-815.22
0,0.00,0,-815.07
0,0.00,0,-819.48
0,0.00,0,-822.83
0,0.00,0,-823.14
0,0.00,0,-822.07
0,0.00,0,-817.35
0,0.00,0,-818.57
0,0.00,0,-817.50
0,0.00,0,-821.16
0,0.00,0,-819.79
0,0.00,0,-818.72
0,0.00,0,-814.61
0,0.00,0,-811.72
0,0.00,0,-815.37
0,0.00,0,-818.11
0,0.00,0,-822.22
0,0.00,0,-819.48
0,0.00,0,-819.33
0,0.00,0,-816.89
0,0.00,0,-817.96
0,0.00,0,-819.48
0,0.00,0,-820.09
0,0.00,0,-821.46
0,0.00,0,-816.74
0,0.00,0,-814.31
0,0.00,0,-812.33
0,0.00,0,-815.83
0,0.00,0,-818.42
0,0.00,0,-819.63
0,0.00,0,-818.72
0,0.00,0,-815.68
0,0.00,0,-817.05
0,0.00,0,-818.72
0,0.00,0,-822.22
0,0.00,0,-823.59
0,0.00,0,-822.53
0,0.00,0,-819.79
0,0.00,0,-815.68
0,0.00,0,-816.44
0,0.00,0,-816.74
0,0.00,0,-819.63
0,0.00,0,-819.33
0,0.00,0,-817.35
0,0.00,0,-814.76
0,0.00,0,-815.53
0,0.00,0,-819.79
0,0.00,0,-821.92
0,0.00,0,-824.05
0,0.00,0,-821.61
0,0.00,0,-820.24
0,0.00,0,-816.89
0,0.00,0,-817.50
0,0.00,0,-817.96
0,0.00,0,-819.63
0,0.00,0,-819.33
0,0.00,0,-815.22
0,0.00,0,-814.00
0,0.00,0,-813.85
0,0.00,0,-818.26
0,0.00,0,-820.40
0,0.00,0,-822.07
0,0.00,0,-819.94
0,0.00,0,-817.81
0,0.00,0,-817.81
0,0.00,0,-818.72
0,0.00,0,-820.40
0,0.00,0,-820.55
0,0.00,0,-819.48
0,0.00,0,-815.37
0,0.00,0,-813.09
0,0.00,0,-813.55
0,0.00,0,-816.29
0,0.00,0,-820.09
0,0.00,0,-819.94
0,0.00,0,-818.42
0,0.00,0,-816.13
0,0.00,0,-817.96
0,0.00,0,-819.94
0,0.00,0,-822.07
0,0.00,0,-821.16
0,0.00,0,-819.33
0,0.00,0,-816.44
0,0.00,0,-814.46
0,0.00,0,-814.61
0,0.00,0,-817.35
0,0.00,0,-820.09
0,0.00,0,-819.18
0,0.00,0,-817.05
0,0.00,0,-814.92
0,0.00,0,-817.35
0,0.00,0,-819.94
0,0.00,0,-822.07
0,0.00,0,-821.61
0,0.00,0,-818.87
0,0.00,0,-816.89
0,0.00,0,-815.37
0,0.00,0,-817.05
0,0.00,0,-819.18
0,0.00,0,-820.55
0,0.00,0,-818.26
0,0.00,0,-815.53
0,0.00,0,-814.46
0,0.00,0,-816.59
0,0.00,0,-820.55
0,0.00,0,-822.07
0,0.00,0,-822.37
0,0.00,0,-818.42
0,0.00,0,-816.89
0,0.00,0,-816.13
0,0.00,0,-818.87
0,0.00,0,-819.79
0,0.00,0,-820.24
0,0.00,0,-817.66
0,0.00,0,-814.00
0,0.00,0,-814.16
0,0.00,0,-815.68
0,0.00,0,-820.55
0,0.00,0,-821.00
0,0.00,0,-820.85
0,0.00,0,-817.66
0,0.00,0,-817.20
0,0.00,0,-818.87
0,0.00,0,-820.40
0,0.00,0,-823.14
0,0.00,0,-820.70
0,0.00,0,-818.26
0,0.00,0,-814.00
0,0.00,0,-814.61
0,0.00,0,-816.29
0,0.00,0,-819.48
0,0.00,0,-821.31
0,0.00,0,-818.87
0,0.00,0,-817.50
0,0.00,0,-816.74
0,0.00,0,-820.09
0,0.00,0,-821.77
0,0.00,0,-823.74
0,0.00,0,-821.61
0,0.00,0,-818.26
0,0.00,0,-816.13
0,0.00,0,-816.13
0,0.00,0,-818.87
0,0.00,0,-819.48
0,0.00,0,-819.79
0,0.00,0,-816.29
0,0.00,0,-814.76
0,0.00,0,-816.13
0,0.00,0,-819.33
0,0.00,0,-823.14
0,0.00,0,-822.98
0,0.00,0,-821.92
0,0.00,0,-818.72
0,0.00,0,-818.26
0,0.00,0,-817.66
0,0.00,0,-819.79
0,0.00,0,-821.46
0,0.00,0,-819.18
0,0.00,0,-815.98
0,0.00,0,-813.39
0,0.00,0,-815.98
0,0.00,0,-817.81
0,0.00,0,-820.85
0,0.00,0,-820.70
0,0.00,0,-819.03
0,0.00,0,-817.20
0,0.00,0,-817.50
0,0.00,0,-819.63
0,0.00,0,-820.70
0,0.00,0,-821.77
0,0.00,0,-818.42
0,0.00,0,-815.37
0,0.00,0,-813.39
0,0.00,0,-815.07
0,0.00,0,-817.81
0,0.00,0,-819.63
0,0.00,0,-818.42
0,0.00,0,-816.29
0,0.00,0,-815.83
0,0.00,0,-818.26
0,0.00,0,-821.61
0,0.00,0,-823.90
0,0.00,0,-824.05
0,0.00,0,-820.70
0,0.00,0,-817.35
0,0.00,0,-816.74
0,0.00,0,-817.66
0,0.00,0,-819.63
0,0.00,0,-819.48
0,0.00,0,-817.96
0,0.00,0,-814.92
0,0.00,0,-814.31
0,0.00,0,-816.74
0,0.00,0,-819.63
0,0.00,0,-822.98
0,0.00,0,-822.07
0,0.00,0,-820.70
0,0.00,0,-818.11
0,0.00,0,-819.33
0,0.00,0,-819.48
0,0.00,0,-820.85
0,0.00,0,-820.40
0,0.00,0,-817.05
0,0.00,0,-813.24
0,0.00,0,-812.33
0,0.00,0,-815.53
0,0.00,0,-817.96
0,0.00,0,-819.94
0,0.00,0,-819.33
0,0.00,0,-818.11
0,0.00,0,-817.35
0,0.00,0,-818.57
0,0.00,0,-821.31
0,0.00,0,-821.92
0,0.00,0,-822.07
0,0.00,0,-816.89
0,0.00,0,-814.46
0,0.00,0,-813.39
0,0.00,0,-815.98
0,0.00,0,-817.81
0,0.00,0,-818.72
0,0.00,0,-817.66
0,0.00,0,-815.37
0,0.00,0,-815.68
0,0.00,0,-817.96
0,0.00,0,-821.77
0,0.00,0,-822.83
0,0.00,0,-822.07
0,0.00,0,-818.57
0,0.00,0,-815.37
0,0.00,0,-815.22
0,0.00,0,-816.59
0,0.00,0,-819.18
0,0.00,0,-818.42
0,0.00,0,-815.53
0,0.00,0,-813.85
0,0.00,0,-815.37
0,0.00,0,-819.33
0,0.00,0,-822.37
0,0.00,0,-823.44
0,0.00,0,-821.61
0,0.00,0,-819.03
0,0.00,0,-817.20
0,0.00,0,-817.50
0,0.00,0,-819.03
0,0.00,0,-819.48
0,0.00,0,-817.35
0,0.00,0,-813.09
0,0.00,0,-811.72
0,0.00,0,-813.09
0,0.00,0,-816.74
0,0.00,0,-820.24
0,0.00,0,-820.55
0,0.00,0,-819.03
0,0.00,0,-817.35
0,0.00,0,-817.66
0,0.00,0,-819.94
0,0.00,0,-821.16
0,0.00,0,-821.31
0,0.00,0,-818.42
0,0.00,0,-814.46
0,0.00,0,-812.48
0,0.00,0,-814.46
0,0.00,0,-817.66
0,0.00,0,-820.09
0,0.00,0,-819.18
0,0.00,0,-817.35
0,0.00,0,-817.20
0,0.00,0,-819.48
0,0.00,0,-822.22
0,0.00,0,-824.05
0,0.00,0,-823.90
0,0.00,0,-820.55
0,0.00,0,-816.44
0,0.00,0,-815.22
0,0.00,0,-816.44
0,0.00,0,-818.42
0,0.00,0,-818.72
0,0.00,0,-817.50
0,0.00,0,-815.68
0,0.00,0,-815.68
0,0.00,0,-818.11
0,0.00,0,-821.46
0,0.00,0,-823.90
0,0.00,0,-822.68
0,0.00,0,-819.33
0,0.00,0,-816.44
0,0.00,0,-816.13
0,0.00,0,-816.89
0,0.00,0,-818.26
0,0.00,0,-818.11
0,0.00,0,-816.59
0,0.00,0,-813.55
0,0.00,0,-814.00
0,0.00,0,-817.05
0,0.00,0,-821.00
0,0.00,0,-822.68
0,0.00,0,-821.77
0,0.00,0,-819.79
0,0.00,0,-817.96
0,0.00,0,-818.72
0,0.00,0,-819.18
0,0.00,0,-821.16
0,0.00,0,-819.63
0,0.00,0,-815.83
0,0.00,0,-813.09
0,0.00,0,-812.94
0,0.00,0,-817.05
0,0.00,0,-820.09
0,0.00,0,-822.53
0,0.00,0,-820.40
0,0.00,0,-819.18
0,0.00,0,-819.03
0,0.00,0,-820.85
0,0.00,0,-822.22
0,0.00,0,-822.53
0,0.00,0,-821.77
0,0.00,0,-816.59
0,0.00,0,-814.61
0,0.00,0,-814.00
0,0.00,0,-817.66
0,0.00,0,-820.55
0,0.00,0,-820.70
0,0.00,0,-819.03
0,0.00,0,-817.05
0,0.00,0,-818.11
0,0.00,0,-820.55
0,0.00,0,-822.53
0,0.00,0,-822.98
0,0.00,0,-820.70
0,0.00,0,-817.50
0,0.00,0,-814.76
0,0.00,0,-816.13
0,0.00,0,-817.05
0,0.00,0,-820.09
0,0.00,0,-818.57
0,0.00,0,-817.05
0,0.00,0,-814.61
0,0.00,0,-816.74
0,0.00,0,-820.24
0,0.00,0,-822.22
0,0.00,0,-823.29
0,0.00,0,-820.09
0,0.00,0,-817.81
0,0.00,0,-815.98
0,0.00,0,-817.50
0,0.00,0,-818.87
0,0.00,0,-819.94
0,0.00,0,-818.87
0,0.00,0,-814.92
0,0.00,0,-814.46
0,0.00,0,-815.37
0,0.00,0,-819.63
0,0.00,0,-821.61
0,0.00,0,-821.61
0,0.00,0,-819.18
0,0.00,0,-817.50
0,0.00,0,-818.11
0,0.00,0,-818.57
0,0.00,0,-821.46
0,0.00,0,-820.55
0,0.00,0,-818.11
0,0.00,0,-814.31
0,0.00,0,-814.00
0,0.00,0,-816.59
0,0.00,0,-819.18
0,0.00,0,-821.46
0,0.00,0,-819.94
0,0.00,0,-817.81
0,0.00,0,-815.53
0,0.00,0,-817.96
0,0.00,0,-820.09
0,0.00,0,-822.37
0,0.00,0,-821.92
0,0.00,0,-817.81
0,0.00,0,-815.53
0,0.00,0,-814.16
0,0.00,0,-816.89
0,0.00,0,-818.87
0,0.00,0,-820.24
0,0.00,0,-818.11
0,0.00,0,-815.98
0,0.00,0,-816.13
0,0.00,0,-818.57
0,0.00,0,-821.92
0,0.00,0,-822.83
0,0.00,0,-821.92
0,0.00,0,-818.87
0,0.00,0,-817.35
0,0.00,0,-817.35
0,0.00,0,-818.72
0,0.00,0,-820.70
0,0.00,0,-819.63
0,0.00,0,-817.20
0,0.00,0,-813.85
