0,0.00,0,-434.25
0,0.00,0,-434.25
0,0.00,0,-434.55
0,0.00,0,-434.55
0,0.00,0,-434.55
0,0.00,0,-434.70
0,0.00,0,-434.70
0,0.00,0,-434.55
0,0.00,0,-434.55
0,0.00,0,-434.70
0,0.00,0,-434.55
0,0.00,0,-434.09
0,0.00,0,-433.94
0,0.00,0,-433.79
0,0.00,0,-433.64
0,0.00,0,-434.25
0,0.00,0,-434.40
0,0.00,0,-434.40
0,0.00,0,-434.40
0,0.00,0,-434.86
0,0.00,0,-435.31
0,0.00,0,-435.16
0,0.00,0,-435.01
0,0.00,0,-435.01
0,0.00,0,-434.55
0,0.00,0,-434.55
0,0.00,0,-433.64
0,0.00,0,-433.18
0,0.00,0,-432.27
0,0.00,0,-434.40
0,0.00,0,-434.55
0,0.00,0,-436.83
0,0.00,0,-433.94
0,0.00,0,-434.25
0,0.00,0,-432.57
0,0.00,0,-435.77
0,0.00,0,-436.53
0,0.00,0,-436.83
0,0.00,0,-433.64
0,0.00,0,-432.42
0,0.00,0,-433.03
0,0.00,0,-433.79
0,0.00,0,-435.01
0,0.00,0,-433.94
0,0.00,0,-434.40
0,0.00,0,-434.25
0,0.00,0,-433.64
0,0.00,0,-434.09
0,0.00,0,-434.70
0,0.00,0,-436.23
0,0.00,0,-437.44
0,0.00,0,-434.86
0,0.00,0,-433.03
0,0.00,0,-431.66
0,0.00,0,-434.70
0,0.00,0,-436.38
0,0.00,0,-436.07
0,0.00,0,-433.33
0,0.00,0,-431.05
0,0.00,0,-431.96
0,0.00,0,-433.64
0,0.00,0,-436.23
0,0.00,0,-437.29
0,0.00,0,-437.14
0,0.00,0,-435.16
0,0.00,0,-432.57
0,0.00,0,-433.18
0,0.00,0,-435.01
0,0.00,0,-437.75
0,0.00,0,-435.92
0,0.00,0,-432.88
0,0.00,0,-430.44
0,0.00,0,-431.20
0,0.00,0,-434.40
0,0.00,0,-435.16
0,0.00,0,-436.53
0,0.00,0,-435.01
0,0.00,0,-435.62
0,0.00,0,-433.64
0,0.00,0,-434.70
0,0.00,0,-435.16
0,0.00,0,-437.44
0,0.00,0,-436.38
0,0.00,0,-433.64
0,0.00,0,-430.44
0,0.00,0,-431.20
0,0.00,0,-434.25
0,0.00,0,-435.46
0,0.00,0,-435.16
0,0.00,0,-433.33
0,0.00,0,-433.94
0,0.00,0,-435.16
0,0.00,0,-435.77
0,0.00,0,-436.23
0,0.00,0,-436.23
0,0.00,0,-436.23
0,0.00,0,-434.55
0,0.00,0,-432.27
0,0.00,0,-431.51
0,0.00,0,-433.33
0,0.00,0,-435.01
0,0.00,0,-434.86
0,0.00,0,-433.33
0,0.00,0,-432.57
0,0.00,0,-434.55
0,0.00,0,-435.77
0,0.00,0,-436.38
0,0.00,0,-435.46
0,0.00,0,-435.92
0,0.00,0,-435.92
0,0.00,0,-434.40
0,0.00,0,-432.88
0,0.00,0,-432.57
0,0.00,0,-434.25
0,0.00,0,-434.25
0,0.00,0,-433.18
0,0.00,0,-432.57
0,0.00,0,-433.03
0,0.00,0,-434.86
0,0.00,0,-435.31
0,0.00,0,-436.07
0,0.00,0,-436.07
0,0.00,0,-436.68
0,0.00,0,-435.62
0,0.00,0,-434.09
0,0.00,0,-433.49
0,0.00,0,-433.79
0,0.00,0,-434.55
0,0.00,0,-433.64
0,0.00,0,-432.12
0,0.00,0,-432.12
0,0.00,0,-433.79
0,0.00,0,-435.31
0,0.00,0,-435.62
0,0.00,0,-435.46
0,0.00,0,-435.77
0,0.00,0,-436.07
0,0.00,0,-435.62
0,0.00,0,-434.55
0,0.00,0,-434.40
0,0.00,0,-434.55
0,0.00,0,-433.79
0,0.00,0,-432.42
0,0.00,0,-432.12
0,0.00,0,-433.18
0,0.00,0,-434.40
0,0.00,0,-434.55
0,0.00,0,-434.40
0,0.00,0,-434.70
0,0.00,0,-435.92
0,0.00,0,-436.53
0,0.00,0,-435.92
0,0.00,0,-435.16
0,0.00,0,-434.86
0,0.00,0,-434.86
0,0.00,0,-433.64
0,0.00,0,-432.27
0,0.00,0,-432.27
0,0.00,0,-433.33
0,0.00,0,-434.40
0,0.00,0,-434.09
0,0.00,0,-434.40
0,0.00,0,-435.16
0,0.00,0,-435.77
0,0.00,0,-435.77
0,0.00,0,-435.31
0,0.00,0,-435.46
0,0.00,0,-435.46
0,0.00,0,-435.31
0,0.00,0,-434.09
0,0.00,0,-432.72
0,0.00,0,-432.88
0,0.00,0,-433.18
0,0.00,0,-433.64
0,0.00,0,-433.49
0,0.00,0,-434.55
0,0.00,0,-435.62
0,0.00,0,-435.92
0,0.00,0,-435.46
0,0.00,0,-435.01
0,0.00,0,-435.46
0,0.00,0,-435.77
0,0.00,0,-435.31
0,0.00,0,-433.79
0,0.00,0,-432.57
0,0.00,0,-433.03
0,0.00,0,-433.49
0,0.00,0,-433.33
0,0.00,0,-433.49
0,0.00,0,-434.09
0,0.00,0,-435.01
0,0.00,0,-435.01
0,0.00,0,-435.31
0,0.00,0,-435.62
0,0.00,0,-435.92
0,0.00,0,-435.46
0,0.00,0,-433.94
0,0.00,0,-433.49
0,0.00,0,-433.64
0,0.00,0,-434.25
0,0.00,0,-433.94
0,0.00,0,-433.18
0,0.00,0,-433.03
0,0.00,0,-433.79
0,0.00,0,-434.70
0,0.00,0,-435.01
0,0.00,0,-435.31
0,0.00,0,-435.77
0,0.00,0,-436.07
0,0.00,0,-435.31
0,0.00,0,-434.25
0,0.00,0,-433.94
0,0.00,0,-434.25
0,0.00,0,-433.94
0,0.00,0,-433.18
0,0.00,0,-432.72
0,0.00,0,-433.33
0,0.00,0,-434.25
0,0.00,0,-434.55
0,0.00,0,-434.70
0,0.00,0,-435.16
0,0.00,0,-435.77
0,0.00,0,-435.92
0,0.00,0,-435.31
0,0.00,0,-434.70
0,0.00,0,-434.55
0,0.00,0,-434.40
0,0.00,0,-433.64
0,0.00,0,-433.03
0,0.00,0,-433.33
0,0.00,0,-433.79
0,0.00,0,-434.09
0,0.00,0,-434.09
0,0.00,0,-434.40
0,0.00,0,-435.16
0,0.00,0,-435.77
0,0.00,0,-435.62
0,0.00,0,-435.01
0,0.00,0,-435.01
0,0.00,0,-434.86
0,0.00,0,-434.40
0,0.00,0,-433.64
0,0.00,0,-433.03
0,0.00,0,-433.18
0,0.00,0,-433.49
0,0.00,0,-433.79
0,0.00,0,-433.94
0,0.00,0,-434.70
0,0.00,0,-435.31
0,0.00,0,-435.31
0,0.00,0,-435.01
0,0.00,0,-434.86
0,0.00,0,-435.62
0,0.00,0,-435.46
0,0.00,0,-434.55
0,0.00,0,-433.33
0,0.00,0,-433.03
0,0.00,0,-433.49
0,0.00,0,-434.40
0,0.00,0,-434.40
0,0.00,0,-434.09
0,0.00,0,-434.40
0,0.00,0,-434.55
0,0.00,0,-434.86
0,0.00,0,-435.16
0,0.00,0,-435.62
0,0.00,0,-435.62
0,0.00,0,-435.01
0,0.00,0,-434.09
0,0.00,0,-433.49
0,0.00,0,-433.94
0,0.00,0,-434.40
0,0.00,0,-433.79
0,0.00,0,-433.49
0,0.00,0,-433.49
0,0.00,0,-434.70
0,0.00,0,-435.16
0,0.00,0,-435.16
0,0.00,0,-435.01
0,0.00,0,-435.16
0,0.00,0,-435.01
0,0.00,0,-434.40
0,0.00,0,-434.09
0,0.00,0,-434.25
0,0.00,0,-434.40
0,0.00,0,-433.94
0,0.00,0,-433.18
0,0.00,0,-433.18
0,0.00,0,-434.09
0,0.00,0,-435.16
0,0.00,0,-435.16
0,0.00,0,-434.86
0,0.00,0,-434.86
0,0.00,0,-435.16
0,0.00,0,-435.16
0,0.00,0,-434.86
0,0.00,0,-434.70
0,0.00,0,-434.55
0,0.00,0,-434.25
0,0.00,0,-433.33
0,0.00,0,-433.33
0,0.00,0,-433.79
0,0.00,0,-434.55
0,0.00,0,-434.86
0,0.00,0,-434.40
0,0.00,0,-434.55
0,0.00,0,-435.16
0,0.00,0,-435.77
0,0.00,0,-435.46
0,0.00,0,-434.70
0,0.00,0,-433.94
0,0.00,0,-433.94
0,0.00,0,-434.25
0,0.00,0,-434.25
0,0.00,0,-434.09
0,0.00,0,-434.09
0,0.00,0,-434.09
0,0.00,0,-433.64
0,0.00,0,-433.94
0,0.00,0,-434.70
0,0.00,0,-435.46
0,0.00,0,-435.31
0,0.00,0,-434.55
0,0.00,0,-433.94
0,0.00,0,-434.25
0,0.00,0,-435.01
0,0.00,0,-435.01
0,0.00,0,-434.40
0,0.00,0,-433.79
0,0.00,0,-433.79
0,0.00,0,-434.25
0,0.00,0,-434.40
0,0.00,0,-434.70
0,0.00,0,-434.86
0,0.00,0,-434.86
0,0.00,0,-434.40
0,0.00,0,-434.25
0,0.00,0,-434.55
0,0.00,0,-435.16
0,0.00,0,-435.16
0,0.00,0,-434.55
0,0.00,0,-433.79
0,0.00,0,-433.64
0,0.00,0,-434.25
0,0.00,0,-434.70
0,0.00,0,-434.55
0,0.00,0,-434.40
0,0.00,0,-434.25
0,0.00,0,-434.40
0,0.00,0,-434.55
0,0.00,0,-434.86
0,0.00,0,-435.46
0,0.00,0,-435.16
0,0.00,0,-434.55
0,0.00,0,-433.18
0,0.00,0,-433.33
0,0.00,0,-433.33
0,0.00,0,-435.01
0,0.00,0,-434.86
0,0.00,0,-435.92
0,0.00,0,-433.49
0,0.00,0,-433.79
0,0.00,0,-433.49
0,0.00,0,-435.77
0,0.00,0,-436.38
0,0.00,0,-435.92
0,0.00,0,-433.94
0,0.00,0,-433.03
0,0.00,0,-433.94
0,0.00,0,-434.09
0,0.00,0,-435.01
0,0.00,0,-434.70
0,0.00,0,-434.70
0,0.00,0,-434.40
0,0.00,0,-433.79
0,0.00,0,-434.25
0,0.00,0,-434.86
0,0.00,0,-435.92
0,0.00,0,-435.92
0,0.00,0,-433.79
0,0.00,0,-433.18
0,0.00,0,-432.72
0,0.00,0,-435.31
0,0.00,0,-435.77
0,0.00,0,-435.77
0,0.00,0,-432.88
0,0.00,0,-432.72
0,0.00,0,-432.88
0,0.00,0,-435.31
0,0.00,0,-436.23
0,0.00,0,-436.99
0,0.00,0,-435.31
0,0.00,0,-433.79
0,0.00,0,-432.72
0,0.00,0,-433.79
0,0.00,0,-435.46
0,0.00,0,-435.92
0,0.00,0,-435.01
0,0.00,0,-433.03
0,0.00,0,-431.96
0,0.00,0,-433.03
0,0.00,0,-434.40
0,0.00,0,-436.23
0,0.00,0,-435.46
0,0.00,0,-436.23
0,0.00,0,-433.94
0,0.00,0,-434.09
0,0.00,0,-433.64
0,0.00,0,-436.07
0,0.00,0,-436.53
0,0.00,0,-435.16
0,0.00,0,-432.27
0,0.00,0,-431.51
0,0.00,0,-433.33
0,0.00,0,-435.01
0,0.00,0,-435.31
0,0.00,0,-434.25
0,0.00,0,-434.09
0,0.00,0,-434.55
0,0.00,0,-435.01
0,0.00,0,-435.16
0,0.00,0,-435.92
0,0.00,0,-436.07
0,0.00,0,-435.92
0,0.00,0,-433.18
0,0.00,0,-430.59
0,0.00,0,-431.51
0,0.00,0,-433.18
0,0.00,0,-436.53
0,0.00,0,-435.46
0,0.00,0,-435.01
0,0.00,0,-433.33
0,0.00,0,-434.25
0,0.00,0,-434.86
0,0.00,0,-435.92
0,0.00,0,-437.29
0,0.00,0,-435.92
0,0.00,0,-434.09
0,0.00,0,-431.35
0,0.00,0,-431.81
0,0.00,0,-433.79
0,0.00,0,-435.62
0,0.00,0,-435.46
0,0.00,0,-433.79
0,0.00,0,-433.03
0,0.00,0,-433.03
0,0.00,0,-434.86
0,0.00,0,-436.07
0,0.00,0,-437.60
0,0.00,0,-437.14
0,0.00,0,-434.40
0,0.00,0,-432.27
0,0.00,0,-431.96
0,0.00,0,-434.25
0,0.00,0,-435.77
0,0.00,0,-434.86
0,0.00,0,-432.72
0,0.00,0,-431.96
0,0.00,0,-433.03
0,0.00,0,-435.46
0,0.00,0,-436.38
0,0.00,0,-436.83
0,0.00,0,-435.77
0,0.00,0,-434.70
0,0.00,0,-433.49
0,0.00,0,-433.64
0,0.00,0,-435.31
0,0.00,0,-435.77
0,0.00,0,-435.16
0,0.00,0,-431.96
0,0.00,0,-430.90
0,0.00,0,-432.12
0,0.00,0,-435.01
0,0.00,0,-435.77
0,0.00,0,-436.07
0,0.00,0,-435.16
0,0.00,0,-436.53
0,0.00,0,-434.55
0,0.00,0,-434.70
0,0.00,0,-433.79
0,0.00,0,-435.92
0,0.00,0,-435.62
0,0.00,0,-434.25
0,0.00,0,-431.35
0,0.00,0,-430.90
0,0.00,0,-433.33
0,0.00,0,-435.16
0,0.00,0,-435.77
0,0.00,0,-434.40
0,0.00,0,-435.16
0,0.00,0,-435.92
0,0.00,0,-435.31
0,0.00,0,-435.01
0,0.00,0,-435.01
0,0.00,0,-435.77
0,0.00,0,-435.46
0,0.00,0,-432.42
0,0.00,0,-430.44
0,0.00,0,-431.35
0,0.00,0,-435.01
