0,0.00,0,-854.34
0,0.00,0,-855.40
0,0.00,0,-854.95
0,0.00,0,-854.49
0,0.00,0,-854.64
0,0.00,0,-853.12
0,0.00,0,-853.12
0,0.00,0,-851.60
0,0.00,0,-852.36
0,0.00,0,-851.29
0,0.00,0,-852.05
0,0.00,0,-852.21
0,0.00,0,-852.97
0,0.00,0,-854.34
0,0.00,0,-853.88
0,0.00,0,-854.79
0,0.00,0,-854.49
0,0.00,0,-855.25
0,0.00,0,-854.03
0,0.00,0,-854.03
0,0.00,0,-853.12
0,0.00,0,-852.66
0,0.00,0,-852.05
0,0.00,0,-851.75
0,0.00,0,-852.36
0,0.00,0,-851.90
0,0.00,0,-853.12
0,0.00,0,-852.51
0,0.00,0,-853.88
0,0.00,0,-854.34
0,0.00,0,-854.64
0,0.00,0,-854.79
0,0.00,0,-854.34
0,0.00,0,-854.49
0,0.00,0,-853.27
0,0.00,0,-853.27
0,0.00,0,-851.90
0,0.00,0,-852.66
0,0.00,0,-851.90
0,0.00,0,-852.51
0,0.00,0,-852.97
0,0.00,0,-852.82
0,0.00,0,-853.42
0,0.00,0,-853.73
0,0.00,0,-855.10
0,0.00,0,-854.34
0,0.00,0,-854.34
0,0.00,0,-853.42
0,0.00,0,-853.58
0,0.00,0,-853.58
0,0.00,0,-852.66
0,0.00,0,-852.21
0,0.00,0,-851.75
0,0.00,0,-852.36
0,0.00,0,-851.90
0,0.00,0,-852.82
0,0.00,0,-853.12
0,0.00,0,-854.34
0,0.00,0,-854.34
0,0.00,0,-854.49
0,0.00,0,-854.34
0,0.00,0,-854.03
0,0.00,0,-854.19
0,0.00,0,-852.82
0,0.00,0,-853.12
0,0.00,0,-852.05
0,0.00,0,-851.75
0,0.00,0,-851.60
0,0.00,0,-851.90
0,0.00,0,-853.42
0,0.00,0,-853.27
0,0.00,0,-854.19
0,0.00,0,-854.34
0,0.00,0,-854.95
0,0.00,0,-854.64
0,0.00,0,-854.19
0,0.00,0,-853.58
0,0.00,0,-853.12
0,0.00,0,-853.12
0,0.00,0,-852.51
0,0.00,0,-852.66
0,0.00,0,-852.21
0,0.00,0,-852.36
0,0.00,0,-852.66
0,0.00,0,-852.97
0,0.00,0,-853.27
0,0.00,0,-853.73
0,0.00,0,-854.34
0,0.00,0,-854.49
0,0.00,0,-854.95
0,0.00,0,-854.19
0,0.00,0,-853.73
0,0.00,0,-853.12
0,0.00,0,-852.66
0,0.00,0,-851.90
0,0.00,0,-851.60
0,0.00,0,-852.05
0,0.00,0,-852.21
0,0.00,0,-852.82
0,0.00,0,-852.97
0,0.00,0,-853.88
0,0.00,0,-854.19
0,0.00,0,-854.64
0,0.00,0,-854.95
0,0.00,0,-854.64
0,0.00,0,-854.19
0,0.00,0,-853.27
0,0.00,0,-852.82
0,0.00,0,-851.75
0,0.00,0,-851.75
0,0.00,0,-852.05
0,0.00,0,-852.21
0,0.00,0,-852.66
0,0.00,0,-852.66
0,0.00,0,-853.88
0,0.00,0,-854.03
0,0.00,0,-855.10
0,0.00,0,-854.64
0,0.00,0,-854.79
0,0.00,0,-854.34
0,0.00,0,-853.88
0,0.00,0,-852.82
0,0.00,0,-852.51
0,0.00,0,-852.66
0,0.00,0,-851.90
0,0.00,0,-852.36
0,0.00,0,-851.75
0,0.00,0,-852.66
0,0.00,0,-853.27
0,0.00,0,-854.49
0,0.00,0,-854.34
0,0.00,0,-854.49
0,0.00,0,-855.25
0,0.00,0,-854.34
0,0.00,0,-854.49
0,0.00,0,-852.97
0,0.00,0,-853.42
0,0.00,0,-852.21
0,0.00,0,-852.36
0,0.00,0,-851.75
0,0.00,0,-851.90
0,0.00,0,-852.82
0,0.00,0,-852.05
0,0.00,0,-853.27
0,0.00,0,-853.27
0,0.00,0,-854.95
0,0.00,0,-854.34
0,0.00,0,-854.95
0,0.00,0,-854.34
0,0.00,0,-853.58
0,0.00,0,-853.42
0,0.00,0,-852.51
0,0.00,0,-852.82
0,0.00,0,-851.75
0,0.00,0,-852.66
0,0.00,0,-851.90
0,0.00,0,-852.36
0,0.00,0,-852.51
0,0.00,0,-853.58
0,0.00,0,-855.10
0,0.00,0,-854.19
0,0.00,0,-854.64
0,0.00,0,-853.88
0,0.00,0,-854.64
0,0.00,0,-853.27
0,0.00,0,-852.82
0,0.00,0,-852.51
0,0.00,0,-852.21
0,0.00,0,-852.51
0,0.00,0,-851.60
0,0.00,0,-852.97
0,0.00,0,-852.66
0,0.00,0,-853.58
0,0.00,0,-853.73
0,0.00,0,-854.49
0,0.00,0,-854.64
0,0.00,0,-854.03
0,0.00,0,-854.49
0,0.00,0,-853.73
0,0.00,0,-854.03
0,0.00,0,-852.36
0,0.00,0,-852.51
0,0.00,0,-852.05
0,0.00,0,-852.21
0,0.00,0,-852.51
0,0.00,0,-852.51
0,0.00,0,-853.88
0,0.00,0,-853.42
0,0.00,0,-854.79
0,0.00,0,-854.49
0,0.00,0,-855.10
0,0.00,0,-854.34
0,0.00,0,-853.73
0,0.00,0,-853.58
0,0.00,0,-852.66
0,0.00,0,-852.66
0,0.00,0,-851.90
0,0.00,0,-852.21
0,0.00,0,-851.75
0,0.00,0,-852.05
0,0.00,0,-852.21
0,0.00,0,-853.12
0,0.00,0,-854.19
0,0.00,0,-854.64
0,0.00,0,-854.49
0,0.00,0,-854.34
0,0.00,0,-854.34
0,0.00,0,-853.88
0,0.00,0,-853.42
0,0.00,0,-852.66
0,0.00,0,-852.21
0,0.00,0,-851.90
0,0.00,0,-852.36
0,0.00,0,-852.66
0,0.00,0,-852.66
0,0.00,0,-853.12
0,0.00,0,-853.88
0,0.00,0,-854.03
0,0.00,0,-854.34
0,0.00,0,-854.64
0,0.00,0,-854.64
0,0.00,0,-854.49
0,0.00,0,-854.03
0,0.00,0,-852.97
0,0.00,0,-852.51
0,0.00,0,-852.05
0,0.00,0,-851.90
0,0.00,0,-851.90
0,0.00,0,-852.51
0,0.00,0,-852.66
0,0.00,0,-853.58
0,0.00,0,-853.73
0,0.00,0,-854.19
0,0.00,0,-854.79
0,0.00,0,-854.34
0,0.00,0,-854.49
0,0.00,0,-853.58
0,0.00,0,-853.58
0,0.00,0,-852.21
0,0.00,0,-852.66
0,0.00,0,-852.21
0,0.00,0,-851.60
0,0.00,0,-852.36
0,0.00,0,-852.36
0,0.00,0,-853.58
0,0.00,0,-853.12
0,0.00,0,-854.49
0,0.00,0,-854.03
0,0.00,0,-854.79
0,0.00,0,-854.64
0,0.00,0,-854.03
0,0.00,0,-854.03
0,0.00,0,-852.36
0,0.00,0,-852.82
0,0.00,0,-851.90
0,0.00,0,-852.66
0,0.00,0,-851.90
0,0.00,0,-852.36
0,0.00,0,-852.82
0,0.00,0,-852.66
0,0.00,0,-854.19
0,0.00,0,-854.03
0,0.00,0,-855.40
0,0.00,0,-854.19
0,0.00,0,-854.79
0,0.00,0,-853.42
0,0.00,0,-853.58
0,0.00,0,-853.12
0,0.00,0,-852.21
0,0.00,0,-852.97
0,0.00,0,-852.05
0,0.00,0,-853.27
0,0.00,0,-852.21
0,0.00,0,-853.73
0,0.00,0,-853.73
0,0.00,0,-854.19
0,0.00,0,-854.64
0,0.00,0,-854.49
0,0.00,0,-855.40
0,0.00,0,-853.73
0,0.00,0,-854.03
0,0.00,0,-852.82
0,0.00,0,-853.12
0,0.00,0,-852.05
0,0.00,0,-852.05
0,0.00,0,-852.05
0,0.00,0,-851.90
0,0.00,0,-852.97
0,0.00,0,-852.82
0,0.00,0,-854.03
0,0.00,0,-853.73
0,0.00,0,-854.64
0,0.00,0,-854.03
0,0.00,0,-853.73
0,0.00,0,-853.88
0,0.00,0,-853.27
0,0.00,0,-853.27
0,0.00,0,-852.05
0,0.00,0,-852.36
0,0.00,0,-852.05
0,0.00,0,-852.66
0,0.00,0,-852.36
0,0.00,0,-852.36
0,0.00,0,-853.12
0,0.00,0,-853.88
0,0.00,0,-854.79
0,0.00,0,-854.64
0,0.00,0,-854.79
0,0.00,0,-854.34
0,0.00,0,-854.03
0,0.00,0,-853.27
0,0.00,0,-852.36
0,0.00,0,-852.05
0,0.00,0,-852.05
0,0.00,0,-852.51
0,0.00,0,-852.66
0,0.00,0,-853.27
0,0.00,0,-853.27
0,0.00,0,-853.58
0,0.00,0,-854.19
0,0.00,0,-854.64
0,0.00,0,-854.19
0,0.00,0,-854.19
0,0.00,0,-854.19
0,0.00,0,-853.58
0,0.00,0,-852.97
0,0.00,0,-852.51
0,0.00,0,-852.21
0,0.00,0,-851.75
0,0.00,0,-852.36
0,0.00,0,-852.66
0,0.00,0,-853.42
0,0.00,0,-853.73
0,0.00,0,-853.88
0,0.00,0,-854.19
0,0.00,0,-854.34
0,0.00,0,-854.19
0,0.00,0,-854.03
0,0.00,0,-853.88
0,0.00,0,-853.42
0,0.00,0,-852.66
0,0.00,0,-852.05
0,0.00,0,-851.75
0,0.00,0,-852.21
0,0.00,0,-852.51
0,0.00,0,-852.66
0,0.00,0,-852.97
0,0.00,0,-853.73
0,0.00,0,-854.34
0,0.00,0,-854.49
0,0.00,0,-854.49
0,0.00,0,-854.95
0,0.00,0,-854.49
0,0.00,0,-853.58
0,0.00,0,-852.97
0,0.00,0,-852.66
0,0.00,0,-852.21
0,0.00,0,-851.90
0,0.00,0,-852.21
0,0.00,0,-852.51
0,0.00,0,-853.12
0,0.00,0,-853.27
0,0.00,0,-854.03
0,0.00,0,-854.34
0,0.00,0,-854.49
0,0.00,0,-854.49
0,0.00,0,-854.19
0,0.00,0,-853.73
0,0.00,0,-853.27
0,0.00,0,-852.97
0,0.00,0,-852.36
0,0.00,0,-852.36
0,0.00,0,-851.90
0,0.00,0,-852.36
0,0.00,0,-852.36
0,0.00,0,-852.97
0,0.00,0,-853.58
0,0.00,0,-853.88
0,0.00,0,-854.34
0,0.00,0,-854.64
0,0.00,0,-854.95
0,0.00,0,-853.88
0,0.00,0,-853.27
0,0.00,0,-853.12
0,0.00,0,-852.51
0,0.00,0,-852.21
0,0.00,0,-852.05
0,0.00,0,-852.21
0,0.00,0,-852.51
0,0.00,0,-852.97
0,0.00,0,-853.58
0,0.00,0,-854.19
0,0.00,0,-854.79
0,0.00,0,-854.34
0,0.00,0,-854.64
0,0.00,0,-854.34
0,0.00,0,-854.19
0,0.00,0,-853.27
0,0.00,0,-852.66
0,0.00,0,-852.66
0,0.00,0,-852.05
0,0.00,0,-852.36
0,0.00,0,-852.21
0,0.00,0,-852.82
0,0.00,0,-852.82
0,0.00,0,-853.42
0,0.00,0,-853.88
0,0.00,0,-854.49
0,0.00,0,-854.95
0,0.00,0,-854.19
0,0.00,0,-854.03
0,0.00,0,-853.12
0,0.00,0,-853.42
0,0.00,0,-852.36
0,0.00,0,-852.21
0,0.00,0,-852.21
0,0.00,0,-852.21
0,0.00,0,-852.66
0,0.00,0,-852.82
0,0.00,0,-854.19
0,0.00,0,-853.88
0,0.00,0,-854.49
0,0.00,0,-854.34
0,0.00,0,-854.34
0,0.00,0,-854.03
0,0.00,0,-853.58
0,0.00,0,-853.42
0,0.00,0,-852.21
0,0.00,0,-852.51
0,0.00,0,-852.21
0,0.00,0,-852.36
0,0.00,0,-852.51
0,0.00,0,-853.12
0,0.00,0,-853.12
0,0.00,0,-853.12
0,0.00,0,-854.34
0,0.00,0,-854.34
0,0.00,0,-854.49
0,0.00,0,-854.03
0,0.00,0,-854.64
0,0.00,0,-854.19
0,0.00,0,-853.88
0,0.00,0,-852.97
0,0.00,0,-852.21
0,0.00,0,-852.51
0,0.00,0,-852.36
0,0.00,0,-853.27
0,0.00,0,-852.82
0,0.00,0,-853.73
0,0.00,0,-853.73
0,0.00,0,-854.34
0,0.00,0,-854.34
0,0.00,0,-854.34
0,0.00,0,-854.49
0,0.00,0,-853.88
0,0.00,0,-853.58
0,0.00,0,-852.51
0,0.00,0,-852.51
0,0.00,0,-852.36
0,0.00,0,-852.36
0,0.00,0,-852.51
0,0.00,0,-853.42
0,0.00,0,-853.88
0,0.00,0,-853.42
0,0.00,0,-853.73
0,0.00,0,-853.73
0,0.00,0,-854.49
0,0.00,0,-853.73
0,0.00,0,-853.73
0,0.00,0,-853.27
0,0.00,0,-852.82
0,0.00,0,-852.36
0,0.00,0,-851.90
0,0.00,0,-852.21
0,0.00,0,-852.05
0,0.00,0,-852.66
0,0.00,0,-853.12
0,0.00,0,-854.03
0,0.00,0,-854.03
0,0.00,0,-854.34
0,0.00,0,-854.49
0,0.00,0,-854.34
0,0.00,0,-854.49
0,0.00,0,-853.58
0,0.00,0,-853.27
0,0.00,0,-852.66
0,0.00,0,-852.36
0,0.00,0,-851.90
0,0.00,0,-852.05
0,0.00,0,-852.05
0,0.00,0,-852.82
0,0.00,0,-853.73
0,0.00,0,-854.03
0,0.00,0,-854.64
0,0.00,0,-854.34
0,0.00,0,-854.49
0,0.00,0,-854.03
0,0.00,0,-854.19
0,0.00,0,-853.88
0,0.00,0,-853.12
0,0.00,0,-852.82
0,0.00,0,-852.36
0,0.00,0,-852.51
0,0.00,0,-852.05
0,0.00,0,-852.36
0,0.00,0,-852.66
0,0.00,0,-853.42
0,0.00,0,-854.03
0,0.00,0,-854.64
0,0.00,0,-854.79
0,0.00,0,-854.49
0,0.00,0,-854.64
0,0.00,0,-853.42
0,0.00,0,-852.51
0,0.00,0,-852.51
0,0.00,0,-852.51
0,0.00,0,-851.90
0,0.00,0,-851.75
0,0.00,0,-852.36
0,0.00,0,-852.51
0,0.00,0,-853.27
0,0.00,0,-854.03
0,0.00,0,-854.49
0,0.00,0,-854.64
0,0.00,0,-854.64
0,0.00,0,-854.79
0,0.00,0,-854.03
0,0.00,0,-853.73
0,0.00,0,-853.42
0,0.00,0,-852.82
0,0.00,0,-851.90
0,0.00,0,-851.75
0,0.00,0,-851.90
0,0.00,0,-852.36
0,0.00,0,-852.82
0,0.00,0,-853.12
0,0.00,0,-853.88
0,0.00,0,-854.34
0,0.00,0,-854.95
0,0.00,0,-854.64
0,0.00,0,-854.34
0,0.00,0,-853.88
0,0.00,0,-853.27
0,0.00,0,-853.42
0,0.00,0,-852.82
0,0.00,0,-852.05
0,0.00,0,-851.90
0,0.00,0,-851.90
0,0.00,0,-852.36
0,0.00,0,-852.82
0,0.00,0,-853.58
0,0.00,0,-854.03
0,0.00,0,-854.03
0,0.00,0,-854.34
0,0.00,0,-854.19
0,0.00,0,-854.64
0,0.00,0,-854.34
0,0.00,0,-853.73
0,0.00,0,-852.82
0,0.00,0,-851.90
0,0.00,0,-851.75
0,0.00,0,-851.75
0,0.00,0,-852.21
0,0.00,0,-852.51
0,0.00,0,-853.42
0,0.00,0,-853.88
0,0.00,0,-854.19
0,0.00,0,-854.34
0,0.00,0,-854.49
0,0.00,0,-854.64
0,0.00,0,-854.34
0,0.00,0,-854.03
0,0.00,0,-852.66
0,0.00,0,-852.21
0,0.00,0,-851.75
0,0.00,0,-851.90
0,0.00,0,-852.05
0,0.00,0,-852.21
0,0.00,0,-852.97
0,0.00,0,-853.42
0,0.00,0,-853.88
0,0.00,0,-854.34
0,0.00,0,-854.49
0,0.00,0,-854.49
0,0.00,0,-854.64
0,0.00,0,-853.88
0,0.00,0,-853.58
0,0.00,0,-853.12
0,0.00,0,-852.51
0,0.00,0,-851.75
0,0.00,0,-852.05
0,0.00,0,-852.36
0,0.00,0,-852.82
0,0.00,0,-853.73
0,0.00,0,-854.19
0,0.00,0,-855.10
0,0.00,0,-854.49
0,0.00,0,-854.19
0,0.00,0,-853.73
0,0.00,0,-853.88
0,0.00,0,-853.42
0,0.00,0,-852.51
0,0.00,0,-852.66
0,0.00,0,-851.75
0,0.00,0,-852.21
0,0.00,0,-852.05
0,0.00,0,-852.51
0,0.00,0,-852.97
0,0.00,0,-853.27
0,0.00,0,-853.88
0,0.00,0,-854.64
0,0.00,0,-854.79
0,0.00,0,-854.03
0,0.00,0,-854.03
0,0.00,0,-853.42
0,0.00,0,-853.12
0,0.00,0,-852.36
0,0.00,0,-851.90
0,0.00,0,-851.90
0,0.00,0,-851.75
0,0.00,0,-852.21
0,0.00,0,-852.66
0,0.00,0,-853.58
0,0.00,0,-853.88
0,0.00,0,-854.34
0,0.00,0,-854.03
0,0.00,0,-854.34
0,0.00,0,-854.49
0,0.00,0,-854.03
0,0.00,0,-853.88
0,0.00,0,-853.12
0,0.00,0,-852.51
0,0.00,0,-852.05
0,0.00,0,-852.05
0,0.00,0,-851.60
0,0.00,0,-852.51
0,0.00,0,-853.12
0,0.00,0,-853.58
0,0.00,0,-854.03
0,0.00,0,-854.34
0,0.00,0,-854.79
0,0.00,0,-854.64
0,0.00,0,-853.88
0,0.00,0,-853.73
0,0.00,0,-853.88
0,0.00,0,-853.12
0,0.00,0,-852.21
0,0.00,0,-851.75
0,0.00,0,-851.75
0,0.00,0,-852.05
0,0.00,0,-852.82
0,0.00,0,-853.42
0,0.00,0,-854.19
0,0.00,0,-854.49
0,0.00,0,-854.49
0,0.00,0,-854.19
0,0.00,0,-853.73
0,0.00,0,-854.19
0,0.00,0,-853.73
0,0.00,0,-853.27
0,0.00,0,-853.12
0,0.00,0,-852.51
0,0.00,0,-852.05
0,0.00,0,-852.05
0,0.00,0,-852.36
0,0.00,0,-852.51
0,0.00,0,-853.42
0,0.00,0,-854.03
0,0.00,0,-854.03
0,0.00,0,-854.34
0,0.00,0,-854.34
0,0.00,0,-854.49
0,0.00,0,-853.58
0,0.00,0,-852.97
0,0.00,0,-852.21
0,0.00,0,-852.51
0,0.00,0,-852.51
0,0.00,0,-851.75
0,0.00,0,-852.05
0,0.00,0,-852.82
0,0.00,0,-853.58
0,0.00,0,-853.73
0,0.00,0,-853.73
0,0.00,0,-853.73
0,0.00,0,-854.34
0,0.00,0,-854.64
0,0.00,0,-853.88
0,0.00,0,-853.88
0,0.00,0,-853.12
0,0.00,0,-852.66
0,0.00,0,-852.05
0,0.00,0,-851.90
0,0.00,0,-851.90
0,0.00,0,-852.36
0,0.00,0,-853.12
0,0.00,0,-853.42
0,0.00,0,-854.03
0,0.00,0,-854.34
0,0.00,0,-854.49
0,0.00,0,-854.03
0,0.00,0,-854.03
0,0.00,0,-853.88
0,0.00,0,-852.97
0,0.00,0,-852.51
0,0.00,0,-852.21
0,0.00,0,-852.36
0,0.00,0,-851.90
0,0.00,0,-852.36
0,0.00,0,-852.66
0,0.00,0,-853.12
0,0.00,0,-854.03
0,0.00,0,-854.19
0,0.00,0,-854.49
0,0.00,0,-854.19
0,0.00,0,-854.49
0,0.00,0,-853.58
0,0.00,0,-853.58
0,0.00,0,-853.42
0,0.00,0,-852.82
0,0.00,0,-852.51
0,0.00,0,-852.51
0,0.00,0,-852.36
0,0.00,0,-852.66
0,0.00,0,-853.27
0,0.00,0,-853.42
0,0.00,0,-853.88
0,0.00,0,-854.49
0,0.00,0,-854.95
0,0.00,0,-854.64
0,0.00,0,-853.88
0,0.00,0,-853.58
0,0.00,0,-853.58
0,0.00,0,-853.27
0,0.00,0,-852.82
0,0.00,0,-851.90
0,0.00,0,-851.75
0,0.00,0,-852.05
0,0.00,0,-852.82
0,0.00,0,-853.12
0,0.00,0,-853.27
0,0.00,0,-854.03
0,0.00,0,-854.34
0,0.00,0,-854.64
0,0.00,0,-854.49
0,0.00,0,-854.34
0,0.00,0,-854.03
0,0.00,0,-853.58
0,0.00,0,-852.97
0,0.00,0,-852.36
0,0.00,0,-852.36
0,0.00,0,-852.21
0,0.00,0,-852.51
0,0.00,0,-852.97
0,0.00,0,-853.42
0,0.00,0,-853.88
0,0.00,0,-854.03
0,0.00,0,-854.19
0,0.00,0,-853.88
0,0.00,0,-853.88
0,0.00,0,-853.73
0,0.00,0,-853.58
0,0.00,0,-852.97
0,0.00,0,-852.66
0,0.00,0,-852.66
0,0.00,0,-852.51
0,0.00,0,-852.66
0,0.00,0,-852.66
0,0.00,0,-853.58
0,0.00,0,-853.58
0,0.00,0,-854.03
0,0.00,0,-854.49
0,0.00,0,-854.19
0,0.00,0,-853.88
0,0.00,0,-853.58
0,0.00,0,-853.27
0,0.00,0,-852.82
0,0.00,0,-853.12
0,0.00,0,-852.51
0,0.00,0,-852.51
0,0.00,0,-852.36
0,0.00,0,-852.82
0,0.00,0,-853.42
0,0.00,0,-853.88
0,0.00,0,-854.34
0,0.00,0,-854.49
0,0.00,0,-854.79
0,0.00,0,-854.19
0,0.00,0,-853.73
0,0.00,0,-853.58
0,0.00,0,-853.58
0,0.00,0,-853.12
0,0.00,0,-852.97
0,0.00,0,-853.12
0,0.00,0,-852.66
0,0.00,0,-853.12
0,0.00,0,-853.27
0,0.00,0,-853.88
0,0.00,0,-854.19
0,0.00,0,-854.03
0,0.00,0,-854.49
0,0.00,0,-853.73
0,0.00,0,-854.19
0,0.00,0,-853.58
0,0.00,0,-853.27
0,0.00,0,-852.51
0,0.00,0,-852.05
0,0.00,0,-852.05
0,0.00,0,-851.90
0,0.00,0,-852.51
0,0.00,0,-852.51
0,0.00,0,-853.27
0,0.00,0,-853.27
0,0.00,0,-853.88
0,0.00,0,-854.34
0,0.00,0,-854.34
0,0.00,0,-854.79
0,0.00,0,-854.03
0,0.00,0,-853.42
0,0.00,0,-852.36
0,0.00,0,-852.36
0,0.00,0,-852.21
0,0.00,0,-852.51
0,0.00,0,-852.21
0,0.00,0,-852.51
0,0.00,0,-852.82
0,0.00,0,-853.42
0,0.00,0,-854.19
0,0.00,0,-854.19
0,0.00,0,-854.79
0,0.00,0,-854.79
0,0.00,0,-854.79
0,0.00,0,-854.03
0,0.00,0,-853.73
0,0.00,0,-853.12
0,0.00,0,-852.36
0,0.00,0,-852.05
0,0.00,0,-851.45
0,0.00,0,-852.05
0,0.00,0,-852.66
0,0.00,0,-853.12
0,0.00,0,-852.66
0,0.00,0,-853.27
0,0.00,0,-854.49
0,0.00,0,-854.95
0,0.00,0,-854.79
0,0.00,0,-853.88
0,0.00,0,-853.73
0,0.00,0,-852.66
0,0.00,0,-852.66
0,0.00,0,-852.05
0,0.00,0,-852.36
0,0.00,0,-852.21
0,0.00,0,-852.66
0,0.00,0,-853.12
0,0.00,0,-852.82
0,0.00,0,-853.27
0,0.00,0,-854.34
0,0.00,0,-854.95
0,0.00,0,-854.34
0,0.00,0,-853.88
0,0.00,0,-854.03
0,0.00,0,-853.73
0,0.00,0,-852.97
0,0.00,0,-852.36
0,0.00,0,-852.66
0,0.00,0,-852.21
0,0.00,0,-852.66
0,0.00,0,-852.51
0,0.00,0,-852.66
0,0.00,0,-853.73
0,0.00,0,-854.03
0,0.00,0,-854.19
0,0.00,0,-853.88
0,0.00,0,-854.34
0,0.00,0,-853.88
0,0.00,0,-853.58
0,0.00,0,-852.97
0,0.00,0,-852.66
0,0.00,0,-852.51
0,0.00,0,-852.66
0,0.00,0,-852.66
0,0.00,0,-852.21
0,0.00,0,-852.82
0,0.00,0,-853.12
0,0.00,0,-853.88
0,0.00,0,-854.34
0,0.00,0,-854.34
0,0.00,0,-854.49
0,0.00,0,-854.19
0,0.00,0,-853.73
0,0.00,0,-853.12
0,0.00,0,-852.36
0,0.00,0,-852.36
0,0.00,0,-852.66
0,0.00,0,-852.66
0,0.00,0,-852.66
0,0.00,0,-852.66
0,0.00,0,-853.27
0,0.00,0,-853.58
0,0.00,0,-853.73
0,0.00,0,-853.73
0,0.00,0,-854.34
0,0.00,0,-854.49
0,0.00,0,-854.03
0,0.00,0,-853.42
0,0.00,0,-852.51
0,0.00,0,-852.51
0,0.00,0,-852.21
0,0.00,0,-852.51
0,0.00,0,-852.51
0,0.00,0,-852.82
0,0.00,0,-853.27
0,0.00,0,-853.58
0,0.00,0,-853.88
0,0.00,0,-853.58
0,0.00,0,-854.19
0,0.00,0,-853.88
0,0.00,0,-854.03
0,0.00,0,-853.58
0,0.00,0,-853.12
0,0.00,0,-852.82
0,0.00,0,-852.36
0,0.00,0,-852.36
0,0.00,0,-852.05
0,0.00,0,-852.97
0,0.00,0,-852.82
0,0.00,0,-853.27
0,0.00,0,-853.73
0,0.00,0,-854.19
0,0.00,0,-854.03
0,0.00,0,-853.73
0,0.00,0,-853.88
0,0.00,0,-853.58
0,0.00,0,-853.73
0,0.00,0,-853.27
0,0.00,0,-853.27
0,0.00,0,-852.51
0,0.00,0,-852.36
0,0.00,0,-852.66
0,0.00,0,-852.82
0,0.00,0,-852.97
0,0.00,0,-853.12
0,0.00,0,-854.19
0,0.00,0,-854.19
0,0.00,0,-854.79
0,0.00,0,-854.79
0,0.00,0,-854.49
0,0.00,0,-854.03
0,0.00,0,-853.58
0,0.00,0,-853.42
0,0.00,0,-852.36
0,0.00,0,-852.21
0,0.00,0,-851.75
0,0.00,0,-852.66
0,0.00,0,-852.82
0,0.00,0,-853.27
0,0.00,0,-852.82
0,0.00,0,-853.12
0,0.00,0,-853.73
0,0.00,0,-853.73
0,0.00,0,-854.19
0,0.00,0,-854.19
0,0.00,0,-854.03
0,0.00,0,-853.27
0,0.00,0,-853.42
0,0.00,0,-853.12
0,0.00,0,-852.82
0,0.00,0,-852.05
0,0.00,0,-852.05
0,0.00,0,-852.51
0,0.00,0,-852.66
0,0.00,0,-853.58
0,0.00,0,-853.73
0,0.00,0,-854.49
0,0.00,0,-854.19
0,0.00,0,-854.03
0,0.00,0,-853.73
0,0.00,0,-853.58
0,0.00,0,-853.58
0,0.00,0,-852.51
0,0.00,0,-852.36
0,0.00,0,-851.75
0,0.00,0,-852.82
0,0.00,0,-852.51
0,0.00,0,-852.97
0,0.00,0,-852.97
0,0.00,0,-853.27
0,0.00,0,-853.88
0,0.00,0,-853.88
0,0.00,0,-854.34
0,0.00,0,-853.27
0,0.00,0,-853.27
0,0.00,0,-853.12
0,0.00,0,-853.58
0,0.00,0,-852.82
0,0.00,0,-852.51
0,0.00,0,-852.66
0,0.00,0,-852.36
0,0.00,0,-852.66
0,0.00,0,-852.36
0,0.00,0,-853.73
0,0.00,0,-853.58
0,0.00,0,-854.49
0,0.00,0,-854.34
0,0.00,0,-854.34
0,0.00,0,-854.03
0,0.00,0,-853.42
0,0.00,0,-853.88
0,0.00,0,-852.51
0,0.00,0,-852.51
0,0.00,0,-852.05
0,0.00,0,-852.51
0,0.00,0,-852.21
0,0.00,0,-852.82
0,0.00,0,-853.58
0,0.00,0,-853.12
0,0.00,0,-854.03
0,0.00,0,-853.88
0,0.00,0,-854.34
0,0.00,0,-853.88
0,0.00,0,-854.03
0,0.00,0,-853.42
0,0.00,0,-852.97
0,0.00,0,-853.12
0,0.00,0,-852.66
0,0.00,0,-853.12
0,0.00,0,-852.05
0,0.00,0,-852.66
0,0.00,0,-852.51
0,0.00,0,-853.73
0,0.00,0,-853.73
0,0.00,0,-853.88
0,0.00,0,-854.19
0,0.00,0,-853.58
0,0.00,0,-854.03
0,0.00,0,-853.58
0,0.00,0,-854.03
0,0.00,0,-852.97
0,0.00,0,-852.82
0,0.00,0,-852.51
0,0.00,0,-852.51
0,0.00,0,-852.97
0,0.00,0,-852.82
0,0.00,0,-853.73
0,0.00,0,-853.12
0,0.00,0,-853.88
0,0.00,0,-853.42
0,0.00,0,-854.34
0,0.00,0,-854.34
0,0.00,0,-853.88
0,0.00,0,-853.58
0,0.00,0,-852.82
0,0.00,0,-853.42
0,0.00,0,-852.51
0,0.00,0,-852.82
0,0.00,0,-851.90
0,0.00,0,-852.66
0,0.00,0,-852.97
0,0.00,0,-853.42
0,0.00,0,-854.03
0,0.00,0,-853.58
0,0.00,0,-854.64
0,0.00,0,-854.19
0,0.00,0,-854.64
0,0.00,0,-853.58
0,0.00,0,-853.27
0,0.00,0,-852.97
0,0.00,0,-852.66
0,0.00,0,-852.66
0,0.00,0,-851.60
0,0.00,0,-852.66
0,0.00,0,-852.51
0,0.00,0,-853.73
0,0.00,0,-852.97
0,0.00,0,-853.42
0,0.00,0,-854.03
0,0.00,0,-854.19
0,0.00,0,-854.19
0,0.00,0,-853.73
0,0.00,0,-854.19
0,0.00,0,-853.27
0,0.00,0,-853.27
0,0.00,0,-852.51
0,0.00,0,-852.36
0,0.00,0,-852.05
0,0.00,0,-851.90
0,0.00,0,-853.12
0,0.00,0,-852.66
0,0.00,0,-853.88
0,0.00,0,-853.88
0,0.00,0,-854.19
0,0.00,0,-853.73
0,0.00,0,-854.19
0,0.00,0,-854.79
0,0.00,0,-853.73
0,0.00,0,-853.73
0,0.00,0,-852.36
0,0.00,0,-852.36
0,0.00,0,-852.21
0,0.00,0,-852.82
0,0.00,0,-852.36
0,0.00,0,-852.36
0,0.00,0,-853.73
0,0.00,0,-853.42
0,0.00,0,-853.88
0,0.00,0,-853.73
0,0.00,0,-854.79
0,0.00,0,-854.64
0,0.00,0,-854.03
0,0.00,0,-853.73
0,0.00,0,-852.82
0,0.00,0,-852.66
0,0.00,0,-852.21
0,0.00,0,-852.51
0,0.00,0,-852.36
0,0.00,0,-852.82
0,0.00,0,-852.97
0,0.00,0,-853.42
0,0.00,0,-854.03
0,0.00,0,-854.49
0,0.00,0,-854.34
0,0.00,0,-853.73
0,0.00,0,-853.58
0,0.00,0,-852.97
0,0.00,0,-853.12
0,0.00,0,-852.97
0,0.00,0,-852.66
0,0.00,0,-852.05
0,0.00,0,-852.51
0,0.00,0,-852.97
0,0.00,0,-853.12
0,0.00,0,-852.82
0,0.00,0,-853.27
0,0.00,0,-853.88
0,0.00,0,-853.73
0,0.00,0,-853.88
0,0.00,0,-853.27
0,0.00,0,-854.03
0,0.00,0,-853.42
0,0.00,0,-852.82
0,0.00,0,-852.05
0,0.00,0,-852.36
0,0.00,0,-853.27
0,0.00,0,-852.36
0,0.00,0,-852.97
0,0.00,0,-852.36
0,0.00,0,-854.19
0,0.00,0,-854.03
0,0.00,0,-854.34
0,0.00,0,-853.88
0,0.00,0,-853.73
0,0.00,0,-854.19
0,0.00,0,-852.66
0,0.00,0,-853.73
0,0.00,0,-852.21
0,0.00,0,-854.03
0,0.00,0,-852.82
0,0.00,0,-853.42
0,0.00,0,-852.21
0,0.00,0,-851.90
0,0.00,0,-853.88
0,0.00,0,-853.12
0,0.00,0,-854.64
0,0.00,0,-852.82
0,0.00,0,-855.10
0,0.00,0,-853.73
0,0.00,0,-853.58
0,0.00,0,-852.36
0,0.00,0,-851.90
0,0.00,0,-854.19
0,0.00,0,-852.21
0,0.00,0,-853.58
0,0.00,0,-851.29
0,0.00,0,-854.64
0,0.00,0,-853.27
0,0.00,0,-853.73
0,0.00,0,-853.58
0,0.00,0,-853.12
0,0.00,0,-854.79
0,0.00,0,-852.51
0,0.00,0,-854.49
0,0.00,0,-851.60
0,0.00,0,-854.03
0,0.00,0,-852.21
0,0.00,0,-852.97
0,0.00,0,-853.58
0,0.00,0,-852.36
0,0.00,0,-854.03
0,0.00,0,-852.05
0,0.00,0,-854.79
0,0.00,0,-852.36
0,0.00,0,-854.49
0,0.00,0,-853.27
0,0.00,0,-853.73
0,0.00,0,-853.27
0,0.00,0,-851.90
0,0.00,0,-853.73
0,0.00,0,-851.29
0,0.00,0,-853.42
0,0.00,0,-851.90
0,0.00,0,-853.88
0,0.00,0,-853.12
0,0.00,0,-853.42
0,0.00,0,-854.19
0,0.00,0,-852.82
0,0.00,0,-854.79
0,0.00,0,-852.66
0,0.00,0,-854.34
0,0.00,0,-852.51
0,0.00,0,-853.88
0,0.00,0,-852.82
0,0.00,0,-852.36
0,0.00,0,-853.58
0,0.00,0,-852.05
0,0.00,0,-853.73
0,0.00,0,-851.29
0,0.00,0,-853.88
0,0.00,0,-853.12
0,0.00,0,-853.88
0,0.00,0,-853.42
0,0.00,0,-853.42
0,0.00,0,-854.64
0,0.00,0,-853.12
0,0.00,0,-854.03
0,0.00,0,-852.21
0,0.00,0,-854.34
0,0.00,0,-852.97
0,0.00,0,-852.82
0,0.00,0,-852.66
0,0.00,0,-852.82
0,0.00,0,-854.03
0,0.00,0,-852.97
0,0.00,0,-853.88
0,0.00,0,-852.97
0,0.00,0,-854.03
0,0.00,0,-853.88
0,0.00,0,-853.88
0,0.00,0,-853.73
0,0.00,0,-852.66
0,0.00,0,-853.42
0,0.00,0,-852.51
0,0.00,0,-853.42
0,0.00,0,-852.66
0,0.00,0,-852.51
0,0.00,0,-852.66
0,0.00,0,-852.21
0,0.00,0,-852.97
0,0.00,0,-852.82
0,0.00,0,-854.19
0,0.00,0,-853.73
0,0.00,0,-854.34
0,0.00,0,-853.12
0,0.00,0,-853.42
0,0.00,0,-853.58
0,0.00,0,-853.12
0,0.00,0,-853.42
0,0.00,0,-852.51
0,0.00,0,-853.12
0,0.00,0,-852.21
0,0.00,0,-853.12
0,0.00,0,-853.88
0,0.00,0,-854.03
0,0.00,0,-854.19
0,0.00,0,-853.58
0,0.00,0,-854.19
0,0.00,0,-853.58
0,0.00,0,-854.19
0,0.00,0,-853.27
0,0.00,0,-852.97
0,0.00,0,-852.21
0,0.00,0,-852.21
0,0.00,0,-853.73
0,0.00,0,-852.82
0,0.00,0,-853.42
0,0.00,0,-852.66
0,0.00,0,-853.42
0,0.00,0,-853.73
0,0.00,0,-854.34
0,0.00,0,-854.34
0,0.00,0,-853.73
0,0.00,0,-853.73
0,0.00,0,-852.97
0,0.00,0,-853.27
0,0.00,0,-852.66
0,0.00,0,-853.27
0,0.00,0,-852.51
0,0.00,0,-852.51
0,0.00,0,-852.51
0,0.00,0,-852.97
0,0.00,0,-854.19
0,0.00,0,-853.88
0,0.00,0,-854.19
0,0.00,0,-853.58
0,0.00,0,-854.34
0,0.00,0,-854.03
0,0.00,0,-853.58
0,0.00,0,-852.82
0,0.00,0,-852.21
0,0.00,0,-852.82
0,0.00,0,-852.21
0,0.00,0,-853.12
0,0.00,0,-852.36
0,0.00,0,-853.12
0,0.00,0,-853.27
0,0.00,0,-853.42
0,0.00,0,-853.88
0,0.00,0,-853.73
0,0.00,0,-854.49
0,0.00,0,-854.19
0,0.00,0,-854.19
0,0.00,0,-853.12
0,0.00,0,-852.97
0,0.00,0,-853.27
0,0.00,0,-852.97
0,0.00,0,-852.66
0,0.00,0,-852.51
0,0.00,0,-852.66
0,0.00,0,-852.82
0,0.00,0,-853.73
0,0.00,0,-853.73
0,0.00,0,-854.03
0,0.00,0,-853.88
0,0.00,0,-854.19
0,0.00,0,-853.58
0,0.00,0,-853.73
0,0.00,0,-853.12
0,0.00,0,-853.27
0,0.00,0,-852.82
0,0.00,0,-852.36
0,0.00,0,-852.51
0,0.00,0,-852.97
0,0.00,0,-853.73
0,0.00,0,-853.27
0,0.00,0,-853.58
0,0.00,0,-853.73
0,0.00,0,-854.19
0,0.00,0,-854.34
0,0.00,0,-853.88
0,0.00,0,-853.88
0,0.00,0,-852.97
0,0.00,0,-853.27
0,0.00,0,-852.97
0,0.00,0,-852.82
0,0.00,0,-852.66
0,0.00,0,-852.51
0,0.00,0,-852.97
0,0.00,0,-852.51
0,0.00,0,-853.42
0,0.00,0,-853.58
0,0.00,0,-854.19
0,0.00,0,-853.73
0,0.00,0,-853.88
0,0.00,0,-852.97
0,0.00,0,-853.42
0,0.00,0,-853.88
0,0.00,0,-853.27
0,0.00,0,-852.66
0,0.00,0,-851.75
0,0.00,0,-852.97
0,0.00,0,-852.21
0,0.00,0,-852.97
0,0.00,0,-852.66
0,0.00,0,-853.73
0,0.00,0,-854.19
0,0.00,0,-853.73
0,0.00,0,-854.19
0,0.00,0,-853.88
0,0.00,0,-855.10
0,0.00,0,-853.42
0,0.00,0,-853.88
0,0.00,0,-852.82
0,0.00,0,-853.12
0,0.00,0,-852.82
0,0.00,0,-852.66
0,0.00,0,-852.82
0,0.00,0,-852.36
0,0.00,0,-853.58
0,0.00,0,-852.82
0,0.00,0,-854.19
0,0.00,0,-853.58
0,0.00,0,-854.34
0,0.00,0,-853.88
0,0.00,0,-853.58
0,0.00,0,-853.58
0,0.00,0,-852.51
0,0.00,0,-853.12
0,0.00,0,-851.90
0,0.00,0,-852.82
0,0.00,0,-851.90
0,0.00,0,-852.82
0,0.00,0,-853.12
0,0.00,0,-853.42
0,0.00,0,-853.42
0,0.00,0,-853.58
0,0.00,0,-854.34
0,0.00,0,-853.73
0,0.00,0,-854.64
0,0.00,0,-853.27
0,0.00,0,-854.03
0,0.00,0,-852.82
0,0.00,0,-852.51
0,0.00,0,-852.82
0,0.00,0,-852.66
0,0.00,0,-853.58
0,0.00,0,-852.21
0,0.00,0,-853.42
0,0.00,0,-852.82
0,0.00,0,-854.19
0,0.00,0,-853.58
0,0.00,0,-853.88
0,0.00,0,-854.19
0,0.00,0,-853.27
0,0.00,0,-854.19
0,0.00,0,-852.51
0,0.00,0,-853.73
0,0.00,0,-852.36
0,0.00,0,-853.12
0,0.00,0,-851.90
0,0.00,0,-852.36
0,0.00,0,-853.58
0,0.00,0,-852.97
0,0.00,0,-854.03
0,0.00,0,-853.27
0,0.00,0,-855.10
0,0.00,0,-853.12
0,0.00,0,-854.34
0,0.00,0,-853.88
0,0.00,0,-854.03
0,0.00,0,-853.88
0,0.00,0,-851.75
0,0.00,0,-852.97
0,0.00,0,-851.45
0,0.00,0,-853.42
0,0.00,0,-851.75
0,0.00,0,-853.58
0,0.00,0,-852.51
0,0.00,0,-853.58
0,0.00,0,-855.10
0,0.00,0,-853.12
0,0.00,0,-855.40
0,0.00,0,-852.82
0,0.00,0,-855.10
0,0.00,0,-852.66
0,0.00,0,-853.58
0,0.00,0,-851.75
0,0.00,0,-851.60
0,0.00,0,-853.12
0,0.00,0,-851.60
0,0.00,0,-853.88
0,0.00,0,-851.45
0,0.00,0,-855.56
0,0.00,0,-852.82
0,0.00,0,-855.40
0,0.00,0,-853.73
0,0.00,0,-854.19
0,0.00,0,-854.95
0,0.00,0,-851.90
0,0.00,0,-855.10
0,0.00,0,-850.53
0,0.00,0,-854.64
0,0.00,0,-850.68
0,0.00,0,-853.73
0,0.00,0,-852.05
0,0.00,0,-853.27
0,0.00,0,-854.49
0,0.00,0,-851.90
0,0.00,0,-856.16
0,0.00,0,-852.05
0,0.00,0,-856.32
0,0.00,0,-852.05
0,0.00,0,-855.56
0,0.00,0,-852.82
0,0.00,0,-852.97
0,0.00,0,-853.73
0,0.00,0,-851.14
0,0.00,0,-854.79
0,0.00,0,-850.08
0,0.00,0,-854.64
0,0.00,0,-851.14
0,0.00,0,-855.40
0,0.00,0,-852.51
0,0.00,0,-854.49
0,0.00,0,-854.64
0,0.00,0,-852.97
0,0.00,0,-855.86
0,0.00,0,-850.84
0,0.00,0,-856.32
0,0.00,0,-850.08
0,0.00,0,-855.86
0,0.00,0,-850.23
0,0.00,0,-853.88
0,0.00,0,-852.21
0,0.00,0,-852.21
0,0.00,0,-855.40
0,0.00,0,-850.99
0,0.00,0,-857.69
0,0.00,0,-850.38
0,0.00,0,-857.38
0,0.00,0,-850.84
0,0.00,0,-855.86
0,0.00,0,-852.36
0,0.00,0,-851.90
0,0.00,0,-855.10
0,0.00,0,-849.32
0,0.00,0,-857.08
0,0.00,0,-848.55
0,0.00,0,-856.93
0,0.00,0,-849.92
0,0.00,0,-855.56
0,0.00,0,-853.12
0,0.00,0,-852.51
0,0.00,0,-856.77
0,0.00,0,-849.92
0,0.00,0,-857.99
0,0.00,0,-848.55
0,0.00,0,-857.38
0,0.00,0,-849.62
0,0.00,0,-855.10
0,0.00,0,-851.75
0,0.00,0,-851.14
0,0.00,0,-855.10
0,0.00,0,-848.86
0,0.00,0,-857.99
0,0.00,0,-848.25
0,0.00,0,-858.30
0,0.00,0,-850.38
0,0.00,0,-856.47
0,0.00,0,-853.27
0,0.00,0,-852.66
0,0.00,0,-856.01
0,0.00,0,-848.86
0,0.00,0,-857.23
0,0.00,0,-847.95
0,0.00,0,-857.84
0,0.00,0,-848.86
0,0.00,0,-855.56
0,0.00,0,-852.51
0,0.00,0,-853.12
0,0.00,0,-856.62
0,0.00,0,-849.92
0,0.00,0,-857.99
0,0.00,0,-848.71
0,0.00,0,-858.60
0,0.00,0,-850.08
0,0.00,0,-856.01
0,0.00,0,-851.90
0,0.00,0,-851.90
0,0.00,0,-854.95
0,0.00,0,-849.16
0,0.00,0,-857.23
0,0.00,0,-848.55
0,0.00,0,-857.69
0,0.00,0,-850.08
0,0.00,0,-855.86
0,0.00,0,-853.42
0,0.00,0,-853.42
0,0.00,0,-856.47
0,0.00,0,-850.23
0,0.00,0,-857.08
0,0.00,0,-849.32
0,0.00,0,-856.77
0,0.00,0,-849.77
0,0.00,0,-854.19
0,0.00,0,-852.21
0,0.00,0,-852.66
0,0.00,0,-855.86
0,0.00,0,-850.99
0,0.00,0,-857.53
0,0.00,0,-850.53
0,0.00,0,-857.23
0,0.00,0,-851.14
0,0.00,0,-855.40
0,0.00,0,-852.97
0,0.00,0,-852.66
0,0.00,0,-854.49
0,0.00,0,-849.92
0,0.00,0,-855.25
0,0.00,0,-849.77
0,0.00,0,-855.86
0,0.00,0,-850.84
0,0.00,0,-855.10
0,0.00,0,-853.27
0,0.00,0,-853.73
0,0.00,0,-856.32
0,0.00,0,-852.05
0,0.00,0,-856.62
0,0.00,0,-850.99
0,0.00,0,-855.86
0,0.00,0,-850.68
0,0.00,0,-853.88
0,0.00,0,-852.05
0,0.00,0,-852.21
0,0.00,0,-854.19
0,0.00,0,-850.84
0,0.00,0,-855.71
0,0.00,0,-851.60
0,0.00,0,-856.16
0,0.00,0,-852.05
0,0.00,0,-855.40
0,0.00,0,-854.03
0,0.00,0,-853.88
0,0.00,0,-854.79
0,0.00,0,-851.60
0,0.00,0,-854.64
0,0.00,0,-850.53
0,0.00,0,-854.03
0,0.00,0,-850.68
0,0.00,0,-853.88
0,0.00,0,-852.82
0,0.00,0,-853.73
0,0.00,0,-854.95
0,0.00,0,-852.21
0,0.00,0,-855.71
0,0.00,0,-852.21
0,0.00,0,-855.56
0,0.00,0,-852.05
0,0.00,0,-853.88
0,0.00,0,-852.21
0,0.00,0,-852.66
0,0.00,0,-853.12
0,0.00,0,-850.99
0,0.00,0,-854.34
0,0.00,0,-851.14
0,0.00,0,-854.49
0,0.00,0,-852.51
0,0.00,0,-855.56
0,0.00,0,-854.03
0,0.00,0,-854.34
0,0.00,0,-854.79
0,0.00,0,-853.27
0,0.00,0,-854.64
0,0.00,0,-851.29
0,0.00,0,-854.19
0,0.00,0,-851.45
0,0.00,0,-853.42
0,0.00,0,-851.60
0,0.00,0,-852.66
0,0.00,0,-853.73
0,0.00,0,-852.66
0,0.00,0,-855.10
0,0.00,0,-852.97
0,0.00,0,-855.56
0,0.00,0,-853.27
0,0.00,0,-854.95
0,0.00,0,-853.58
0,0.00,0,-853.27
0,0.00,0,-853.12
0,0.00,0,-851.45
0,0.00,0,-853.42
0,0.00,0,-851.45
0,0.00,0,-853.73
0,0.00,0,-851.75
0,0.00,0,-854.03
0,0.00,0,-853.58
0,0.00,0,-853.88
0,0.00,0,-854.34
0,0.00,0,-853.73
0,0.00,0,-855.25
0,0.00,0,-852.97
0,0.00,0,-854.34
0,0.00,0,-852.05
0,0.00,0,-853.42
0,0.00,0,-852.51
0,0.00,0,-852.36
0,0.00,0,-852.66
0,0.00,0,-852.21
0,0.00,0,-854.34
0,0.00,0,-853.12
0,0.00,0,-854.95
0,0.00,0,-853.73
0,0.00,0,-854.64
0,0.00,0,-854.19
0,0.00,0,-853.58
0,0.00,0,-853.73
0,0.00,0,-852.51
0,0.00,0,-852.97
0,0.00,0,-851.60
0,0.00,0,-853.27
0,0.00,0,-852.05
0,0.00,0,-852.97
0,0.00,0,-852.66
0,0.00,0,-853.42
0,0.00,0,-854.19
0,0.00,0,-854.03
0,0.00,0,-854.64
0,0.00,0,-853.88
0,0.00,0,-854.79
0,0.00,0,-853.42
0,0.00,0,-853.42
0,0.00,0,-852.66
0,0.00,0,-852.51
0,0.00,0,-852.05
0,0.00,0,-851.90
0,0.00,0,-852.66
0,0.00,0,-852.82
0,0.00,0,-853.88
0,0.00,0,-853.58
0,0.00,0,-854.79
0,0.00,0,-854.34
0,0.00,0,-854.34
0,0.00,0,-854.03
0,0.00,0,-853.73
0,0.00,0,-853.42
0,0.00,0,-852.82
0,0.00,0,-852.97
0,0.00,0,-851.75
0,0.00,0,-852.66
0,0.00,0,-852.82
0,0.00,0,-853.42
0,0.00,0,-853.42
0,0.00,0,-853.58
0,0.00,0,-854.34
0,0.00,0,-853.88
0,0.00,0,-854.64
0,0.00,0,-853.58
0,0.00,0,-853.88
0,0.00,0,-853.27
0,0.00,0,-852.97
0,0.00,0,-852.66
0,0.00,0,-852.05
0,0.00,0,-852.36
0,0.00,0,-852.05
0,0.00,0,-853.27
0,0.00,0,-853.12
0,0.00,0,-853.58
0,0.00,0,-853.73
0,0.00,0,-854.34
0,0.00,0,-854.34
0,0.00,0,-853.73
0,0.00,0,-853.73
0,0.00,0,-853.42
0,0.00,0,-853.73
0,0.00,0,-852.97
0,0.00,0,-852.82
0,0.00,0,-852.21
0,0.00,0,-852.05
0,0.00,0,-852.51
0,0.00,0,-852.82
0,0.00,0,-853.42
0,0.00,0,-853.58
0,0.00,0,-854.49
0,0.00,0,-854.03
0,0.00,0,-854.34
0,0.00,0,-853.88
0,0.00,0,-853.58
0,0.00,0,-853.88
0,0.00,0,-853.12
0,0.00,0,-852.66
0,0.00,0,-852.21
0,0.00,0,-852.82
0,0.00,0,-852.82
0,0.00,0,-853.12
0,0.00,0,-853.12
0,0.00,0,-853.27
0,0.00,0,-853.88
0,0.00,0,-854.34
0,0.00,0,-854.79
0,0.00,0,-854.95
0,0.00,0,-854.49
0,0.00,0,-853.27
0,0.00,0,-852.97
0,0.00,0,-852.97
0,0.00,0,-852.51
0,0.00,0,-852.21
0,0.00,0,-852.05
0,0.00,0,-851.90
0,0.00,0,-852.51
0,0.00,0,-853.27
0,0.00,0,-853.73
0,0.00,0,-854.49
0,0.00,0,-854.49
0,0.00,0,-854.64
0,0.00,0,-854.64
0,0.00,0,-854.34
0,0.00,0,-853.73
0,0.00,0,-853.12
0,0.00,0,-852.36
0,0.00,0,-851.90
0,0.00,0,-852.05
0,0.00,0,-851.75
0,0.00,0,-852.36
0,0.00,0,-852.82
0,0.00,0,-853.58
0,0.00,0,-854.03
0,0.00,0,-854.49
0,0.00,0,-854.64
0,0.00,0,-854.34
0,0.00,0,-854.49
0,0.00,0,-853.58
0,0.00,0,-853.27
0,0.00,0,-852.21
0,0.00,0,-852.21
0,0.00,0,-851.60
0,0.00,0,-851.90
0,0.00,0,-852.66
0,0.00,0,-852.97
0,0.00,0,-853.88
0,0.00,0,-853.88
0,0.00,0,-854.79
0,0.00,0,-854.34
0,0.00,0,-854.19
0,0.00,0,-854.19
0,0.00,0,-854.19
0,0.00,0,-853.42
0,0.00,0,-852.36
0,0.00,0,-852.97
0,0.00,0,-852.05
0,0.00,0,-852.36
0,0.00,0,-851.60
0,0.00,0,-852.51
0,0.00,0,-852.36
0,0.00,0,-853.12
0,0.00,0,-854.19
0,0.00,0,-854.34
0,0.00,0,-854.95
0,0.00,0,-854.03
0,0.00,0,-854.64
0,0.00,0,-852.97
0,0.00,0,-853.12
0,0.00,0,-852.51
0,0.00,0,-852.36
0,0.00,0,-852.36
0,0.00,0,-852.05
0,0.00,0,-852.66
0,0.00,0,-852.36
0,0.00,0,-853.42
0,0.00,0,-853.27
0,0.00,0,-854.03
0,0.00,0,-854.34
0,0.00,0,-854.49
0,0.00,0,-854.49
0,0.00,0,-853.27
0,0.00,0,-853.58
0,0.00,0,-852.51
0,0.00,0,-852.66
0,0.00,0,-852.05
0,0.00,0,-852.36
0,0.00,0,-852.51
0,0.00,0,-852.97
0,0.00,0,-853.58
0,0.00,0,-853.27
0,0.00,0,-854.64
0,0.00,0,-854.34
0,0.00,0,-854.49
0,0.00,0,-853.88
0,0.00,0,-853.58
0,0.00,0,-852.97
0,0.00,0,-852.82
0,0.00,0,-853.12
0,0.00,0,-852.21
0,0.00,0,-852.51
0,0.00,0,-852.21
0,0.00,0,-852.97
0,0.00,0,-852.97
0,0.00,0,-853.73
0,0.00,0,-854.03
0,0.00,0,-854.19
0,0.00,0,-854.34
0,0.00,0,-854.19
0,0.00,0,-854.34
0,0.00,0,-853.58
0,0.00,0,-853.58
0,0.00,0,-852.97
0,0.00,0,-852.66
0,0.00,0,-851.90
0,0.00,0,-852.36
0,0.00,0,-852.97
0,0.00,0,-852.97
0,0.00,0,-853.42
0,0.00,0,-853.27
0,0.00,0,-854.34
0,0.00,0,-854.03
0,0.00,0,-854.34
0,0.00,0,-853.88
0,0.00,0,-853.58
0,0.00,0,-853.12
0,0.00,0,-852.97
0,0.00,0,-852.97
0,0.00,0,-851.75
0,0.00,0,-852.51
0,0.00,0,-852.21
0,0.00,0,-852.82
0,0.00,0,-852.97
0,0.00,0,-853.27
0,0.00,0,-853.58
0,0.00,0,-853.42
0,0.00,0,-854.19
0,0.00,0,-853.58
0,0.00,0,-854.49
0,0.00,0,-853.73
0,0.00,0,-853.42
0,0.00,0,-852.82
0,0.00,0,-852.51
0,0.00,0,-852.36
0,0.00,0,-851.90
0,0.00,0,-852.51
0,0.00,0,-852.05
0,0.00,0,-853.42
0,0.00,0,-853.73
0,0.00,0,-854.34
0,0.00,0,-854.49
0,0.00,0,-854.19
0,0.00,0,-854.95
0,0.00,0,-854.03
0,0.00,0,-853.73
0,0.00,0,-852.66
0,0.00,0,-852.97
0,0.00,0,-852.05
0,0.00,0,-852.05
0,0.00,0,-852.21
0,0.00,0,-852.21
0,0.00,0,-853.27
0,0.00,0,-853.27
0,0.00,0,-854.19
0,0.00,0,-854.03
0,0.00,0,-854.64
0,0.00,0,-854.34
0,0.00,0,-854.34
0,0.00,0,-854.19
0,0.00,0,-853.27
0,0.00,0,-852.97
0,0.00,0,-851.75
0,0.00,0,-851.90
0,0.00,0,-851.90
0,0.00,0,-852.66
0,0.00,0,-852.66
0,0.00,0,-853.12
0,0.00,0,-854.19
0,0.00,0,-854.34
0,0.00,0,-855.25
0,0.00,0,-854.64
0,0.00,0,-854.95
0,0.00,0,-853.58
0,0.00,0,-853.27
0,0.00,0,-852.97
0,0.00,0,-852.05
0,0.00,0,-852.21
0,0.00,0,-851.45
0,0.00,0,-852.51
0,0.00,0,-852.82
0,0.00,0,-853.42
0,0.00,0,-853.42
0,0.00,0,-854.34
0,0.00,0,-854.64
0,0.00,0,-854.19
0,0.00,0,-854.79
0,0.00,0,-854.03
0,0.00,0,-854.03
0,0.00,0,-852.97
0,0.00,0,-853.12
0,0.00,0,-852.05
0,0.00,0,-852.21
0,0.00,0,-852.36
0,0.00,0,-852.05
0,0.00,0,-852.66
0,0.00,0,-852.97
0,0.00,0,-854.19
0,0.00,0,-854.19
0,0.00,0,-854.79
0,0.00,0,-854.64
0,0.00,0,-854.34
0,0.00,0,-854.03
0,0.00,0,-853.42
0,0.00,0,-853.27
0,0.00,0,-851.90
0,0.00,0,-852.21
0,0.00,0,-852.05
0,0.00,0,-852.66
0,0.00,0,-852.36
0,0.00,0,-853.12
0,0.00,0,-854.03
0,0.00,0,-853.88
0,0.00,0,-854.49
0,0.00,0,-854.03
0,0.00,0,-854.95
0,0.00,0,-853.88
0,0.00,0,-853.88
0,0.00,0,-852.97
0,0.00,0,-852.97
0,0.00,0,-852.66
0,0.00,0,-852.05
0,0.00,0,-852.51
0,0.00,0,-852.05
0,0.00,0,-853.12
0,0.00,0,-852.66
0,0.00,0,-853.88
0,0.00,0,-854.34
0,0.00,0,-854.79
0,0.00,0,-854.95
0,0.00,0,-854.19
0,0.00,0,-854.49
0,0.00,0,-853.42
0,0.00,0,-853.42
0,0.00,0,-852.05
0,0.00,0,-852.36
0,0.00,0,-852.05
0,0.00,0,-852.05
0,0.00,0,-852.21
0,0.00,0,-852.51
0,0.00,0,-853.73
