0,0.00,0,-813.24
0,0.00,0,-812.48
0,0.00,0,-811.87
0,0.00,0,-811.72
0,0.00,0,-812.18
0,0.00,0,-812.79
0,0.00,0,-810.81
0,0.00,0,-807.46
0,0.00,0,-803.96
0,0.00,0,-803.04
0,0.00,0,-804.87
0,0.00,0,-805.78
0,0.00,0,-807.91
0,0.00,0,-807.91
0,0.00,0,-808.83
0,0.00,0,-808.83
0,0.00,0,-811.42
0,0.00,0,-813.09
0,0.00,0,-814.16
0,0.00,0,-812.79
0,0.00,0,-808.37
0,0.00,0,-806.24
0,0.00,0,-804.72
0,0.00,0,-806.54
0,0.00,0,-807.00
0,0.00,0,-806.85
0,0.00,0,-806.09
0,0.00,0,-806.09
0,0.00,0,-808.22
0,0.00,0,-810.20
0,0.00,0,-813.55
0,0.00,0,-814.76
0,0.00,0,-813.70
0,0.00,0,-810.81
0,0.00,0,-809.28
0,0.00,0,-809.44
0,0.00,0,-809.44
0,0.00,0,-810.05
0,0.00,0,-808.22
0,0.00,0,-805.94
0,0.00,0,-804.11
0,0.00,0,-806.09
0,0.00,0,-808.83
0,0.00,0,-811.26
0,0.00,0,-812.79
0,0.00,0,-811.42
0,0.00,0,-811.42
0,0.00,0,-810.20
0,0.00,0,-811.87
0,0.00,0,-811.42
0,0.00,0,-811.42
0,0.00,0,-808.22
0,0.00,0,-805.02
0,0.00,0,-803.65
0,0.00,0,-804.26
0,0.00,0,-807.15
0,0.00,0,-809.28
0,0.00,0,-810.35
0,0.00,0,-809.44
0,0.00,0,-810.05
0,0.00,0,-811.72
0,0.00,0,-813.70
0,0.00,0,-814.76
0,0.00,0,-813.70
0,0.00,0,-811.11
0,0.00,0,-807.46
0,0.00,0,-805.17
0,0.00,0,-805.33
0,0.00,0,-805.94
0,0.00,0,-807.00
0,0.00,0,-805.63
0,0.00,0,-805.78
0,0.00,0,-805.78
0,0.00,0,-809.89
0,0.00,0,-812.33
0,0.00,0,-815.68
0,0.00,0,-815.22
0,0.00,0,-812.63
0,0.00,0,-810.81
0,0.00,0,-809.28
0,0.00,0,-810.05
0,0.00,0,-808.52
0,0.00,0,-808.22
0,0.00,0,-805.02
0,0.00,0,-803.50
0,0.00,0,-803.65
0,0.00,0,-806.70
0,0.00,0,-809.59
0,0.00,0,-811.87
0,0.00,0,-812.63
0,0.00,0,-811.57
0,0.00,0,-811.72
0,0.00,0,-812.79
0,0.00,0,-813.09
0,0.00,0,-812.33
0,0.00,0,-810.20
0,0.00,0,-806.70
0,0.00,0,-803.81
0,0.00,0,-803.35
0,0.00,0,-804.87
0,0.00,0,-807.46
0,0.00,0,-808.98
0,0.00,0,-808.98
0,0.00,0,-808.83
0,0.00,0,-810.81
0,0.00,0,-812.79
0,0.00,0,-815.22
0,0.00,0,-815.07
0,0.00,0,-813.39
0,0.00,0,-808.98
0,0.00,0,-805.94
0,0.00,0,-804.41
0,0.00,0,-804.57
0,0.00,0,-805.78
0,0.00,0,-805.78
0,0.00,0,-805.63
0,0.00,0,-805.17
0,0.00,0,-807.91
0,0.00,0,-811.42
0,0.00,0,-814.76
0,0.00,0,-816.29
0,0.00,0,-814.31
0,0.00,0,-811.57
0,0.00,0,-809.13
0,0.00,0,-808.37
0,0.00,0,-807.61
0,0.00,0,-807.00
0,0.00,0,-805.48
0,0.00,0,-803.04
0,0.00,0,-802.74
0,0.00,0,-804.57
0,0.00,0,-808.22
0,0.00,0,-810.96
0,0.00,0,-813.55
0,0.00,0,-812.33
0,0.00,0,-811.87
0,0.00,0,-810.65
0,0.00,0,-810.65
0,0.00,0,-811.11
0,0.00,0,-809.74
0,0.00,0,-807.00
0,0.00,0,-803.65
0,0.00,0,-803.04
0,0.00,0,-803.65
0,0.00,0,-806.09
0,0.00,0,-809.28
0,0.00,0,-810.96
0,0.00,0,-810.96
0,0.00,0,-810.81
0,0.00,0,-812.48
0,0.00,0,-813.70
0,0.00,0,-815.37
0,0.00,0,-814.00
0,0.00,0,-811.11
0,0.00,0,-807.31
0,0.00,0,-804.41
0,0.00,0,-805.33
0,0.00,0,-805.17
0,0.00,0,-807.00
0,0.00,0,-806.70
0,0.00,0,-806.24
0,0.00,0,-807.31
0,0.00,0,-810.65
0,0.00,0,-815.07
0,0.00,0,-816.74
0,0.00,0,-817.20
0,0.00,0,-812.79
0,0.00,0,-810.81
0,0.00,0,-808.98
0,0.00,0,-808.68
0,0.00,0,-807.46
0,0.00,0,-806.09
0,0.00,0,-803.81
0,0.00,0,-801.83
0,0.00,0,-803.20
0,0.00,0,-807.31
0,0.00,0,-811.26
0,0.00,0,-814.92
0,0.00,0,-815.53
0,0.00,0,-814.16
0,0.00,0,-812.48
0,0.00,0,-813.55
0,0.00,0,-813.24
0,0.00,0,-812.94
0,0.00,0,-808.98
0,0.00,0,-804.72
0,0.00,0,-802.13
0,0.00,0,-803.04
0,0.00,0,-806.24
0,0.00,0,-808.68
0,0.00,0,-810.96
0,0.00,0,-810.50
0,0.00,0,-811.26
0,0.00,0,-812.02
0,0.00,0,-815.37
0,0.00,0,-815.83
0,0.00,0,-815.22
0,0.00,0,-811.26
0,0.00,0,-805.78
0,0.00,0,-803.20
0,0.00,0,-802.28
0,0.00,0,-804.57
0,0.00,0,-804.41
0,0.00,0,-806.24
0,0.00,0,-805.02
0,0.00,0,-807.46
0,0.00,0,-809.74
0,0.00,0,-813.70
0,0.00,0,-816.44
0,0.00,0,-816.44
0,0.00,0,-813.85
0,0.00,0,-809.74
0,0.00,0,-808.22
0,0.00,0,-807.15
0,0.00,0,-806.39
0,0.00,0,-805.48
0,0.00,0,-803.35
0,0.00,0,-802.59
0,0.00,0,-803.04
0,0.00,0,-807.46
0,0.00,0,-810.35
0,0.00,0,-814.61
0,0.00,0,-814.76
0,0.00,0,-814.46
0,0.00,0,-812.33
0,0.00,0,-810.96
0,0.00,0,-811.26
0,0.00,0,-810.20
0,0.00,0,-809.59
0,0.00,0,-805.17
0,0.00,0,-803.20
0,0.00,0,-802.74
0,0.00,0,-805.33
0,0.00,0,-808.22
0,0.00,0,-810.65
0,0.00,0,-812.79
0,0.00,0,-811.57
0,0.00,0,-813.24
0,0.00,0,-812.79
0,0.00,0,-813.85
0,0.00,0,-812.18
0,0.00,0,-809.89
0,0.00,0,-805.78
0,0.00,0,-802.44
0,0.00,0,-801.67
0,0.00,0,-802.28
0,0.00,0,-804.72
0,0.00,0,-806.24
0,0.00,0,-808.22
0,0.00,0,-808.52
0,0.00,0,-810.50
0,0.00,0,-812.48
0,0.00,0,-815.07
0,0.00,0,-816.29
0,0.00,0,-813.70
0,0.00,0,-810.35
0,0.00,0,-806.54
0,0.00,0,-805.02
0,0.00,0,-804.11
0,0.00,0,-804.57
0,0.00,0,-804.57
0,0.00,0,-803.65
0,0.00,0,-804.41
0,0.00,0,-805.48
0,0.00,0,-809.59
0,0.00,0,-813.24
0,0.00,0,-816.59
0,0.00,0,-816.13
0,0.00,0,-814.00
0,0.00,0,-811.26
0,0.00,0,-810.05
0,0.00,0,-809.13
0,0.00,0,-808.07
0,0.00,0,-806.70
0,0.00,0,-803.04
0,0.00,0,-801.98
0,0.00,0,-803.04
0,0.00,0,-807.00
0,0.00,0,-811.26
0,0.00,0,-813.39
0,0.00,0,-814.61
0,0.00,0,-813.39
0,0.00,0,-813.55
0,0.00,0,-813.55
0,0.00,0,-814.16
0,0.00,0,-812.18
0,0.00,0,-808.83
0,0.00,0,-803.81
0,0.00,0,-800.76
0,0.00,0,-801.37
0,0.00,0,-803.65
0,0.00,0,-807.61
0,0.00,0,-808.52
0,0.00,0,-808.98
0,0.00,0,-809.74
0,0.00,0,-811.72
0,0.00,0,-815.22
0,0.00,0,-815.98
0,0.00,0,-815.83
0,0.00,0,-810.65
0,0.00,0,-806.70
0,0.00,0,-803.20
0,0.00,0,-803.50
0,0.00,0,-803.81
0,0.00,0,-804.26
0,0.00,0,-804.72
0,0.00,0,-803.20
0,0.00,0,-805.48
0,0.00,0,-809.28
0,0.00,0,-814.31
0,0.00,0,-816.29
0,0.00,0,-816.13
0,0.00,0,-813.09
0,0.00,0,-809.59
0,0.00,0,-808.68
0,0.00,0,-807.76
0,0.00,0,-807.76
0,0.00,0,-806.70
0,0.00,0,-804.11
0,0.00,0,-801.67
0,0.00,0,-802.44
0,0.00,0,-806.54
0,0.00,0,-810.50
0,0.00,0,-814.31
0,0.00,0,-813.70
0,0.00,0,-813.24
0,0.00,0,-812.18
0,0.00,0,-813.09
0,0.00,0,-813.24
0,0.00,0,-812.02
0,0.00,0,-808.83
0,0.00,0,-803.65
0,0.00,0,-801.52
0,0.00,0,-801.52
0,0.00,0,-804.41
0,0.00,0,-807.00
0,0.00,0,-809.13
0,0.00,0,-809.44
0,0.00,0,-809.44
0,0.00,0,-811.72
0,0.00,0,-813.39
0,0.00,0,-815.68
0,0.00,0,-814.76
0,0.00,0,-811.87
0,0.00,0,-807.31
0,0.00,0,-804.87
0,0.00,0,-803.96
0,0.00,0,-803.65
0,0.00,0,-805.02
0,0.00,0,-804.72
0,0.00,0,-805.63
0,0.00,0,-804.72
0,0.00,0,-807.91
0,0.00,0,-811.87
0,0.00,0,-814.46
0,0.00,0,-815.37
0,0.00,0,-813.09
0,0.00,0,-811.26
0,0.00,0,-808.68
0,0.00,0,-808.22
0,0.00,0,-807.15
0,0.00,0,-806.85
0,0.00,0,-805.78
0,0.00,0,-803.65
0,0.00,0,-803.96
0,0.00,0,-805.33
0,0.00,0,-809.74
0,0.00,0,-812.02
0,0.00,0,-814.00
0,0.00,0,-813.39
0,0.00,0,-812.63
0,0.00,0,-812.79
0,0.00,0,-812.63
0,0.00,0,-812.48
0,0.00,0,-810.81
0,0.00,0,-808.68
0,0.00,0,-804.57
0,0.00,0,-802.74
0,0.00,0,-804.72
0,0.00,0,-806.54
0,0.00,0,-809.89
0,0.00,0,-809.74
0,0.00,0,-810.05
0,0.00,0,-809.74
0,0.00,0,-811.26
0,0.00,0,-813.24
0,0.00,0,-813.09
0,0.00,0,-813.85
0,0.00,0,-809.13
0,0.00,0,-806.85
0,0.00,0,-804.11
0,0.00,0,-805.17
0,0.00,0,-805.78
0,0.00,0,-806.54
0,0.00,0,-806.54
0,0.00,0,-805.17
0,0.00,0,-807.15
0,0.00,0,-809.44
0,0.00,0,-813.39
0,0.00,0,-815.07
0,0.00,0,-815.37
0,0.00,0,-812.48
0,0.00,0,-810.05
0,0.00,0,-808.52
0,0.00,0,-807.76
0,0.00,0,-807.76
0,0.00,0,-806.54
0,0.00,0,-805.33
0,0.00,0,-803.35
0,0.00,0,-804.87
0,0.00,0,-807.61
0,0.00,0,-810.65
0,0.00,0,-813.85
0,0.00,0,-813.70
0,0.00,0,-813.24
0,0.00,0,-811.72
0,0.00,0,-812.63
0,0.00,0,-811.87
0,0.00,0,-812.18
0,0.00,0,-809.59
0,0.00,0,-805.94
0,0.00,0,-803.04
0,0.00,0,-802.59
0,0.00,0,-805.33
0,0.00,0,-808.07
0,0.00,0,-810.35
0,0.00,0,-810.65
0,0.00,0,-809.89
0,0.00,0,-811.57
0,0.00,0,-813.09
0,0.00,0,-815.07
0,0.00,0,-814.46
0,0.00,0,-812.33
0,0.00,0,-808.37
0,0.00,0,-805.17
0,0.00,0,-804.11
0,0.00,0,-805.63
0,0.00,0,-807.31
0,0.00,0,-807.61
0,0.00,0,-806.54
0,0.00,0,-806.09
0,0.00,0,-808.68
0,0.00,0,-812.02
0,0.00,0,-815.07
0,0.00,0,-815.83
0,0.00,0,-814.16
0,0.00,0,-811.26
0,0.00,0,-808.83
0,0.00,0,-808.22
0,0.00,0,-807.76
0,0.00,0,-807.61
0,0.00,0,-805.02
0,0.00,0,-802.44
0,0.00,0,-801.37
0,0.00,0,-804.87
0,0.00,0,-808.37
0,0.00,0,-812.18
0,0.00,0,-812.94
0,0.00,0,-811.72
0,0.00,0,-811.42
0,0.00,0,-811.57
0,0.00,0,-812.33
0,0.00,0,-811.11
0,0.00,0,-809.89
0,0.00,0,-805.63
0,0.00,0,-802.13
0,0.00,0,-801.22
0,0.00,0,-803.50
0,0.00,0,-806.70
0,0.00,0,-808.68
0,0.00,0,-809.74
0,0.00,0,-809.74
0,0.00,0,-811.72
0,0.00,0,-813.55
0,0.00,0,-815.83
0,0.00,0,-816.44
0,0.00,0,-815.22
0,0.00,0,-811.42
0,0.00,0,-807.61
0,0.00,0,-806.09
0,0.00,0,-804.72
0,0.00,0,-805.78
0,0.00,0,-806.09
0,0.00,0,-805.33
0,0.00,0,-805.48
0,0.00,0,-806.70
0,0.00,0,-811.26
0,0.00,0,-813.85
0,0.00,0,-815.68
0,0.00,0,-814.16
0,0.00,0,-812.33
0,0.00,0,-810.05
0,0.00,0,-808.52
0,0.00,0,-809.28
0,0.00,0,-807.61
0,0.00,0,-806.70
0,0.00,0,-801.98
0,0.00,0,-801.98
0,0.00,0,-802.89
0,0.00,0,-806.54
0,0.00,0,-809.44
0,0.00,0,-811.87
0,0.00,0,-812.79
0,0.00,0,-811.42
0,0.00,0,-811.42
0,0.00,0,-811.57
0,0.00,0,-812.48
0,0.00,0,-810.65
0,0.00,0,-807.91
0,0.00,0,-803.81
0,0.00,0,-801.22
0,0.00,0,-801.52
0,0.00,0,-802.89
0,0.00,0,-806.24
0,0.00,0,-807.91
0,0.00,0,-809.13
0,0.00,0,-809.59
0,0.00,0,-812.33
0,0.00,0,-814.00
0,0.00,0,-815.53
0,0.00,0,-816.29
0,0.00,0,-812.94
0,0.00,0,-809.28
0,0.00,0,-804.87
0,0.00,0,-804.57
0,0.00,0,-805.02
0,0.00,0,-806.24
0,0.00,0,-806.24
0,0.00,0,-805.48
0,0.00,0,-807.31
0,0.00,0,-810.05
0,0.00,0,-814.76
0,0.00,0,-816.29
0,0.00,0,-817.81
0,0.00,0,-814.92
0,0.00,0,-812.48
0,0.00,0,-810.20
0,0.00,0,-808.98
0,0.00,0,-808.98
0,0.00,0,-807.91
0,0.00,0,-805.94
0,0.00,0,-803.04
0,0.00,0,-803.35
0,0.00,0,-806.24
0,0.00,0,-810.20
0,0.00,0,-813.70
0,0.00,0,-815.07
0,0.00,0,-814.16
0,0.00,0,-812.94
0,0.00,0,-812.48
0,0.00,0,-812.02
0,0.00,0,-811.57
0,0.00,0,-809.13
0,0.00,0,-805.33
0,0.00,0,-802.28
0,0.00,0,-801.67
0,0.00,0,-803.65
0,0.00,0,-806.39
0,0.00,0,-809.28
0,0.00,0,-810.05
0,0.00,0,-810.35
0,0.00,0,-810.65
0,0.00,0,-812.33
0,0.00,0,-813.70
0,0.00,0,-813.70
0,0.00,0,-811.42
0,0.00,0,-807.61
0,0.00,0,-803.81
0,0.00,0,-802.28
0,0.00,0,-803.20
0,0.00,0,-804.87
0,0.00,0,-806.24
0,0.00,0,-805.48
0,0.00,0,-806.85
0,0.00,0,-808.37
0,0.00,0,-812.18
0,0.00,0,-814.16
0,0.00,0,-815.98
0,0.00,0,-814.76
0,0.00,0,-812.02
0,0.00,0,-808.68
0,0.00,0,-806.54
0,0.00,0,-806.70
0,0.00,0,-806.24
0,0.00,0,-806.39
0,0.00,0,-803.96
0,0.00,0,-804.11
0,0.00,0,-806.09
0,0.00,0,-809.44
0,0.00,0,-813.09
0,0.00,0,-815.68
0,0.00,0,-815.53
0,0.00,0,-813.39
0,0.00,0,-811.72
0,0.00,0,-811.11
0,0.00,0,-811.42
0,0.00,0,-810.81
0,0.00,0,-808.22
0,0.00,0,-804.41
0,0.00,0,-802.44
0,0.00,0,-803.96
0,0.00,0,-807.31
0,0.00,0,-811.11
0,0.00,0,-812.79
0,0.00,0,-812.48
0,0.00,0,-811.87
0,0.00,0,-812.63
0,0.00,0,-814.76
0,0.00,0,-815.98
0,0.00,0,-815.07
0,0.00,0,-810.81
0,0.00,0,-806.85
0,0.00,0,-803.96
0,0.00,0,-804.72
0,0.00,0,-806.85
0,0.00,0,-808.68
0,0.00,0,-808.52
0,0.00,0,-807.61
0,0.00,0,-808.52
0,0.00,0,-811.26
0,0.00,0,-813.85
0,0.00,0,-815.83
0,0.00,0,-814.46
0,0.00,0,-810.35
0,0.00,0,-806.70
0,0.00,0,-805.02
0,0.00,0,-805.48
0,0.00,0,-805.63
0,0.00,0,-805.02
0,0.00,0,-803.04
0,0.00,0,-803.35
0,0.00,0,-804.72
0,0.00,0,-809.13
0,0.00,0,-812.02
0,0.00,0,-814.00
0,0.00,0,-813.24
0,0.00,0,-810.96
0,0.00,0,-809.74
0,0.00,0,-808.68
0,0.00,0,-810.50
0,0.00,0,-809.13
0,0.00,0,-807.61
0,0.00,0,-803.35
0,0.00,0,-802.13
0,0.00,0,-803.20
0,0.00,0,-806.39
0,0.00,0,-809.44
0,0.00,0,-811.26
0,0.00,0,-811.87
0,0.00,0,-810.96
0,0.00,0,-811.72
0,0.00,0,-813.09
0,0.00,0,-814.00
0,0.00,0,-813.55
0,0.00,0,-810.96
0,0.00,0,-807.76
0,0.00,0,-805.48
0,0.00,0,-806.39
0,0.00,0,-807.15
0,0.00,0,-808.52
0,0.00,0,-808.98
0,0.00,0,-808.83
0,0.00,0,-810.05
0,0.00,0,-810.96
0,0.00,0,-813.39
0,0.00,0,-814.16
0,0.00,0,-814.31
0,0.00,0,-812.18
0,0.00,0,-808.98
0,0.00,0,-806.85
0,0.00,0,-805.78
0,0.00,0,-805.94
0,0.00,0,-807.00
0,0.00,0,-807.00
0,0.00,0,-805.63
0,0.00,0,-805.63
0,0.00,0,-806.85
0,0.00,0,-809.59
0,0.00,0,-811.26
0,0.00,0,-812.94
0,0.00,0,-812.02
0,0.00,0,-810.81
0,0.00,0,-808.68
0,0.00,0,-808.83
0,0.00,0,-808.83
0,0.00,0,-809.44
0,0.00,0,-807.61
0,0.00,0,-805.63
0,0.00,0,-804.72
0,0.00,0,-805.94
0,0.00,0,-807.61
0,0.00,0,-809.89
0,0.00,0,-811.26
0,0.00,0,-810.20
0,0.00,0,-810.05
0,0.00,0,-809.89
0,0.00,0,-811.26
0,0.00,0,-811.57
0,0.00,0,-811.26
0,0.00,0,-808.37
0,0.00,0,-806.24
0,0.00,0,-804.72
0,0.00,0,-805.48
0,0.00,0,-806.54
0,0.00,0,-807.91
0,0.00,0,-808.83
0,0.00,0,-808.52
0,0.00,0,-808.22
0,0.00,0,-809.89
0,0.00,0,-812.18
0,0.00,0,-814.46
0,0.00,0,-813.55
0,0.00,0,-811.11
0,0.00,0,-808.52
0,0.00,0,-807.46
0,0.00,0,-807.31
0,0.00,0,-808.07
0,0.00,0,-808.22
0,0.00,0,-807.31
0,0.00,0,-805.78
0,0.00,0,-806.24
0,0.00,0,-809.13
0,0.00,0,-811.87
0,0.00,0,-814.16
0,0.00,0,-814.00
0,0.00,0,-812.33
0,0.00,0,-810.20
0,0.00,0,-810.20
0,0.00,0,-811.11
0,0.00,0,-811.72
0,0.00,0,-810.50
0,0.00,0,-806.85
0,0.00,0,-805.02
0,0.00,0,-805.48
0,0.00,0,-808.37
0,0.00,0,-810.96
0,0.00,0,-812.79
0,0.00,0,-812.02
0,0.00,0,-810.50
0,0.00,0,-810.05
0,0.00,0,-811.26
0,0.00,0,-812.63
0,0.00,0,-813.24
0,0.00,0,-809.74
0,0.00,0,-805.94
0,0.00,0,-803.35
0,0.00,0,-804.11
0,0.00,0,-806.24
0,0.00,0,-807.91
0,0.00,0,-808.68
0,0.00,0,-807.46
0,0.00,0,-806.70
0,0.00,0,-808.07
0,0.00,0,-810.65
0,0.00,0,-813.09
0,0.00,0,-812.94
0,0.00,0,-810.50
0,0.00,0,-806.39
0,0.00,0,-805.17
0,0.00,0,-805.63
0,0.00,0,-807.31
0,0.00,0,-808.07
0,0.00,0,-807.46
0,0.00,0,-806.39
0,0.00,0,-806.09
0,0.00,0,-808.83
0,0.00,0,-811.11
0,0.00,0,-813.39
0,0.00,0,-813.55
0,0.00,0,-811.57
0,0.00,0,-809.28
0,0.00,0,-808.98
0,0.00,0,-810.35
0,0.00,0,-810.81
0,0.00,0,-809.74
0,0.00,0,-807.15
0,0.00,0,-805.17
0,0.00,0,-805.17
0,0.00,0,-807.76
0,0.00,0,-810.81
0,0.00,0,-812.94
0,0.00,0,-813.24
0,0.00,0,-811.11
0,0.00,0,-810.20
0,0.00,0,-810.65
0,0.00,0,-811.72
0,0.00,0,-812.18
0,0.00,0,-810.35
0,0.00,0,-806.85
0,0.00,0,-804.41
0,0.00,0,-804.26
0,0.00,0,-807.46
0,0.00,0,-809.13
0,0.00,0,-810.50
0,0.00,0,-809.89
0,0.00,0,-809.44
0,0.00,0,-809.74
0,0.00,0,-810.65
0,0.00,0,-812.63
0,0.00,0,-813.24
0,0.00,0,-810.96
0,0.00,0,-807.46
0,0.00,0,-805.63
0,0.00,0,-805.33
0,0.00,0,-807.00
0,0.00,0,-807.91
0,0.00,0,-808.37
0,0.00,0,-807.31
0,0.00,0,-806.70
0,0.00,0,-807.91
0,0.00,0,-810.35
0,0.00,0,-812.79
0,0.00,0,-813.55
0,0.00,0,-812.33
0,0.00,0,-809.44
0,0.00,0,-808.52
0,0.00,0,-808.37
0,0.00,0,-809.28
0,0.00,0,-808.52
0,0.00,0,-808.52
0,0.00,0,-806.70
0,0.00,0,-806.24
0,0.00,0,-806.70
0,0.00,0,-809.59
0,0.00,0,-812.63
0,0.00,0,-813.70
0,0.00,0,-813.09
0,0.00,0,-810.96
0,0.00,0,-810.05
0,0.00,0,-810.65
0,0.00,0,-810.81
0,0.00,0,-810.81
0,0.00,0,-808.83
0,0.00,0,-806.70
0,0.00,0,-805.48
0,0.00,0,-807.15
0,0.00,0,-808.68
0,0.00,0,-810.81
0,0.00,0,-812.18
0,0.00,0,-811.42
0,0.00,0,-811.26
0,0.00,0,-810.50
0,0.00,0,-811.87
0,0.00,0,-811.42
0,0.00,0,-811.42
0,0.00,0,-807.91
0,0.00,0,-805.63
0,0.00,0,-803.65
0,0.00,0,-805.17
0,0.00,0,-806.85
0,0.00,0,-808.37
0,0.00,0,-809.74
0,0.00,0,-808.52
0,0.00,0,-809.89
0,0.00,0,-810.05
0,0.00,0,-812.79
0,0.00,0,-813.55
0,0.00,0,-813.39
0,0.00,0,-809.59
0,0.00,0,-806.09
0,0.00,0,-805.02
0,0.00,0,-805.78
0,0.00,0,-807.46
0,0.00,0,-807.61
0,0.00,0,-807.31
0,0.00,0,-806.70
0,0.00,0,-806.70
0,0.00,0,-810.20
0,0.00,0,-812.48
0,0.00,0,-816.13
0,0.00,0,-813.55
0,0.00,0,-812.18
0,0.00,0,-809.28
0,0.00,0,-809.13
0,0.00,0,-808.98
0,0.00,0,-807.91
0,0.00,0,-807.76
0,0.00,0,-804.87
0,0.00,0,-804.11
0,0.00,0,-804.11
0,0.00,0,-808.83
0,0.00,0,-812.02
0,0.00,0,-814.00
0,0.00,0,-813.85
0,0.00,0,-811.57
0,0.00,0,-811.72
0,0.00,0,-811.72
0,0.00,0,-812.79
0,0.00,0,-812.02
0,0.00,0,-809.59
0,0.00,0,-805.48
0,0.00,0,-802.74
0,0.00,0,-804.26
0,0.00,0,-806.54
0,0.00,0,-809.13
0,0.00,0,-809.74
0,0.00,0,-809.59
0,0.00,0,-809.59
0,0.00,0,-810.20
0,0.00,0,-813.24
0,0.00,0,-814.00
0,0.00,0,-814.31
0,0.00,0,-810.05
0,0.00,0,-806.54
0,0.00,0,-803.96
0,0.00,0,-804.57
0,0.00,0,-804.57
0,0.00,0,-806.09
0,0.00,0,-806.24
0,0.00,0,-805.17
0,0.00,0,-806.09
0,0.00,0,-808.52
0,0.00,0,-812.79
0,0.00,0,-813.85
0,0.00,0,-813.85
0,0.00,0,-810.50
0,0.00,0,-808.37
0,0.00,0,-807.00
0,0.00,0,-807.31
0,0.00,0,-806.70
0,0.00,0,-806.85
0,0.00,0,-805.78
0,0.00,0,-804.11
0,0.00,0,-805.33
0,0.00,0,-808.22
0,0.00,0,-811.72
0,0.00,0,-814.16
0,0.00,0,-814.46
0,0.00,0,-812.33
0,0.00,0,-811.26
0,0.00,0,-811.11
0,0.00,0,-811.42
0,0.00,0,-810.50
0,0.00,0,-809.13
0,0.00,0,-805.63
0,0.00,0,-803.65
0,0.00,0,-803.65
0,0.00,0,-806.54
0,0.00,0,-809.44
0,0.00,0,-811.87
0,0.00,0,-812.02
0,0.00,0,-811.42
0,0.00,0,-811.42
0,0.00,0,-812.18
0,0.00,0,-813.55
0,0.00,0,-812.94
0,0.00,0,-811.11
0,0.00,0,-807.76
0,0.00,0,-805.63
0,0.00,0,-804.26
0,0.00,0,-805.17
0,0.00,0,-806.70
0,0.00,0,-808.37
0,0.00,0,-807.46
0,0.00,0,-807.61
0,0.00,0,-808.37
0,0.00,0,-811.57
0,0.00,0,-813.24
0,0.00,0,-814.16
0,0.00,0,-812.02
0,0.00,0,-808.68
0,0.00,0,-806.85
0,0.00,0,-805.94
0,0.00,0,-807.15
0,0.00,0,-806.39
0,0.00,0,-806.39
0,0.00,0,-804.26
0,0.00,0,-805.17
0,0.00,0,-805.33
0,0.00,0,-808.68
0,0.00,0,-811.42
0,0.00,0,-813.39
0,0.00,0,-812.48
0,0.00,0,-810.81
0,0.00,0,-809.59
0,0.00,0,-809.59
0,0.00,0,-809.74
0,0.00,0,-810.05
0,0.00,0,-807.46
0,0.00,0,-805.33
0,0.00,0,-803.81
0,0.00,0,-805.33
0,0.00,0,-807.61
0,0.00,0,-810.65
0,0.00,0,-811.87
0,0.00,0,-810.81
0,0.00,0,-810.50
0,0.00,0,-810.65
0,0.00,0,-812.94
0,0.00,0,-813.39
0,0.00,0,-812.94
0,0.00,0,-810.35
0,0.00,0,-807.00
0,0.00,0,-805.48
0,0.00,0,-805.33
0,0.00,0,-806.85
0,0.00,0,-808.37
0,0.00,0,-808.22
0,0.00,0,-808.07
0,0.00,0,-808.22
0,0.00,0,-810.50
0,0.00,0,-812.02
0,0.00,0,-814.00
0,0.00,0,-814.16
0,0.00,0,-810.96
0,0.00,0,-808.22
0,0.00,0,-807.00
0,0.00,0,-807.76
0,0.00,0,-807.76
0,0.00,0,-808.22
0,0.00,0,-806.39
0,0.00,0,-805.78
0,0.00,0,-805.63
0,0.00,0,-807.46
0,0.00,0,-810.05
0,0.00,0,-812.33
0,0.00,0,-811.72
0,0.00,0,-809.59
0,0.00,0,-807.91
0,0.00,0,-807.31
0,0.00,0,-808.37
0,0.00,0,-808.68
0,0.00,0,-808.68
0,0.00,0,-805.63
0,0.00,0,-803.50
0,0.00,0,-803.20
0,0.00,0,-805.94
0,0.00,0,-807.91
0,0.00,0,-810.05
0,0.00,0,-809.89
0,0.00,0,-808.07
0,0.00,0,-807.76
0,0.00,0,-808.07
0,0.00,0,-809.89
0,0.00,0,-810.65
0,0.00,0,-809.59
0,0.00,0,-805.94
0,0.00,0,-804.41
0,0.00,0,-804.87
0,0.00,0,-806.70
0,0.00,0,-808.98
0,0.00,0,-810.81
0,0.00,0,-810.50
0,0.00,0,-809.44
0,0.00,0,-810.35
0,0.00,0,-812.63
0,0.00,0,-814.31
0,0.00,0,-814.00
0,0.00,0,-811.87
0,0.00,0,-808.52
0,0.00,0,-806.09
0,0.00,0,-805.94
0,0.00,0,-807.15
0,0.00,0,-808.52
0,0.00,0,-808.68
0,0.00,0,-807.76
0,0.00,0,-807.61
0,0.00,0,-809.44
0,0.00,0,-813.09
0,0.00,0,-815.98
0,0.00,0,-816.29
0,0.00,0,-813.24
0,0.00,0,-810.50
0,0.00,0,-808.83
0,0.00,0,-809.59
0,0.00,0,-808.98
0,0.00,0,-809.13
0,0.00,0,-806.39
0,0.00,0,-804.41
0,0.00,0,-804.11
0,0.00,0,-806.24
0,0.00,0,-809.89
0,0.00,0,-812.33
0,0.00,0,-814.00
0,0.00,0,-811.72
0,0.00,0,-810.65
0,0.00,0,-810.96
0,0.00,0,-811.42
0,0.00,0,-812.63
0,0.00,0,-810.05
0,0.00,0,-807.61
0,0.00,0,-803.65
0,0.00,0,-803.50
0,0.00,0,-805.17
0,0.00,0,-807.15
0,0.00,0,-808.98
0,0.00,0,-809.44
0,0.00,0,-809.44
0,0.00,0,-809.74
0,0.00,0,-812.02
0,0.00,0,-812.94
0,0.00,0,-814.31
0,0.00,0,-812.02
0,0.00,0,-808.22
0,0.00,0,-804.87
0,0.00,0,-803.96
0,0.00,0,-805.48
0,0.00,0,-805.94
0,0.00,0,-807.00
0,0.00,0,-806.24
0,0.00,0,-806.54
0,0.00,0,-807.91
0,0.00,0,-811.57
0,0.00,0,-813.55
0,0.00,0,-814.92
0,0.00,0,-814.61
0,0.00,0,-811.42
0,0.00,0,-809.44
0,0.00,0,-808.52
0,0.00,0,-809.59
0,0.00,0,-808.98
0,0.00,0,-807.76
0,0.00,0,-805.48
0,0.00,0,-804.87
0,0.00,0,-806.24
0,0.00,0,-808.22
0,0.00,0,-812.33
0,0.00,0,-813.85
0,0.00,0,-814.16
0,0.00,0,-812.02
0,0.00,0,-810.96
0,0.00,0,-811.87
0,0.00,0,-811.42
0,0.00,0,-811.57
0,0.00,0,-807.91
0,0.00,0,-806.24
0,0.00,0,-803.50
0,0.00,0,-805.48
0,0.00,0,-806.54
0,0.00,0,-808.98
0,0.00,0,-810.81
0,0.00,0,-809.74
0,0.00,0,-810.50
0,0.00,0,-810.35
0,0.00,0,-813.09
0,0.00,0,-813.24
0,0.00,0,-814.00
0,0.00,0,-811.11
0,0.00,0,-808.37
0,0.00,0,-805.94
0,0.00,0,-805.78
0,0.00,0,-807.15
0,0.00,0,-808.07
0,0.00,0,-808.83
0,0.00,0,-807.46
0,0.00,0,-808.07
0,0.00,0,-809.89
0,0.00,0,-812.18
0,0.00,0,-814.31
0,0.00,0,-814.16
0,0.00,0,-811.87
0,0.00,0,-808.07
0,0.00,0,-807.00
0,0.00,0,-807.15
0,0.00,0,-807.91
0,0.00,0,-807.61
0,0.00,0,-805.78
0,0.00,0,-804.87
0,0.00,0,-804.26
0,0.00,0,-807.15
0,0.00,0,-809.59
0,0.00,0,-813.24
0,0.00,0,-813.70
0,0.00,0,-812.02
0,0.00,0,-810.50
0,0.00,0,-809.74
0,0.00,0,-810.96
0,0.00,0,-810.05
0,0.00,0,-808.98
0,0.00,0,-805.33
0,0.00,0,-804.11
0,0.00,0,-802.89
0,0.00,0,-805.48
0,0.00,0,-807.76
0,0.00,0,-810.50
0,0.00,0,-811.57
0,0.00,0,-810.05
0,0.00,0,-810.35
0,0.00,0,-810.35
0,0.00,0,-812.94
0,0.00,0,-813.09
0,0.00,0,-811.72
0,0.00,0,-808.22
0,0.00,0,-805.94
0,0.00,0,-806.09
0,0.00,0,-806.09
0,0.00,0,-808.52
0,0.00,0,-808.68
0,0.00,0,-809.44
0,0.00,0,-808.83
0,0.00,0,-809.28
0,0.00,0,-811.11
0,0.00,0,-812.79
0,0.00,0,-814.76
0,0.00,0,-811.72
0,0.00,0,-809.74
0,0.00,0,-806.85
0,0.00,0,-807.00
0,0.00,0,-808.22
0,0.00,0,-808.22
0,0.00,0,-808.83
0,0.00,0,-805.78
0,0.00,0,-806.24
0,0.00,0,-805.94
0,0.00,0,-809.89
0,0.00,0,-811.57
0,0.00,0,-814.00
0,0.00,0,-812.48
0,0.00,0,-810.20
0,0.00,0,-809.13
0,0.00,0,-809.44
0,0.00,0,-810.65
0,0.00,0,-810.05
0,0.00,0,-808.83
0,0.00,0,-805.78
0,0.00,0,-805.02
0,0.00,0,-805.94
0,0.00,0,-808.37
0,0.00,0,-811.11
0,0.00,0,-811.72
0,0.00,0,-811.42
0,0.00,0,-809.28
0,0.00,0,-810.65
0,0.00,0,-811.26
0,0.00,0,-813.24
0,0.00,0,-812.18
0,0.00,0,-809.44
0,0.00,0,-805.94
0,0.00,0,-804.26
0,0.00,0,-805.17
0,0.00,0,-806.24
0,0.00,0,-807.91
0,0.00,0,-807.31
0,0.00,0,-806.85
0,0.00,0,-806.85
0,0.00,0,-808.37
0,0.00,0,-810.96
0,0.00,0,-812.48
0,0.00,0,-812.48
0,0.00,0,-808.83
0,0.00,0,-806.54
0,0.00,0,-804.57
0,0.00,0,-805.78
0,0.00,0,-805.78
0,0.00,0,-807.15
0,0.00,0,-806.24
0,0.00,0,-805.33
0,0.00,0,-805.94
0,0.00,0,-807.91
0,0.00,0,-811.57
0,0.00,0,-813.24
0,0.00,0,-814.00
0,0.00,0,-811.11
0,0.00,0,-810.05
0,0.00,0,-808.68
0,0.00,0,-809.28
0,0.00,0,-809.59
0,0.00,0,-808.37
0,0.00,0,-806.70
0,0.00,0,-804.26
0,0.00,0,-805.17
0,0.00,0,-807.15
0,0.00,0,-809.89
0,0.00,0,-811.87
0,0.00,0,-811.87
0,0.00,0,-811.26
0,0.00,0,-809.44
0,0.00,0,-811.26
0,0.00,0,-812.02
0,0.00,0,-813.09
0,0.00,0,-810.35
0,0.00,0,-806.85
0,0.00,0,-804.57
0,0.00,0,-804.41
0,0.00,0,-806.24
0,0.00,0,-807.46
0,0.00,0,-809.13
0,0.00,0,-808.52
0,0.00,0,-809.13
0,0.00,0,-809.28
0,0.00,0,-812.02
0,0.00,0,-813.55
0,0.00,0,-814.46
0,0.00,0,-812.18
0,0.00,0,-808.98
0,0.00,0,-806.85
0,0.00,0,-806.39
0,0.00,0,-807.61
0,0.00,0,-808.07
0,0.00,0,-808.52
0,0.00,0,-807.00
0,0.00,0,-806.24
0,0.00,0,-807.76
0,0.00,0,-810.35
0,0.00,0,-812.48
0,0.00,0,-813.55
0,0.00,0,-811.87
0,0.00,0,-809.74
0,0.00,0,-808.22
0,0.00,0,-809.44
0,0.00,0,-809.28
0,0.00,0,-810.05
0,0.00,0,-808.07
0,0.00,0,-805.94
0,0.00,0,-805.02
0,0.00,0,-806.70
0,0.00,0,-809.59
0,0.00,0,-811.42
0,0.00,0,-813.09
0,0.00,0,-810.96
0,0.00,0,-810.20
0,0.00,0,-809.59
0,0.00,0,-811.42
0,0.00,0,-811.26
0,0.00,0,-810.81
0,0.00,0,-809.13
0,0.00,0,-805.94
0,0.00,0,-806.24
0,0.00,0,-806.39
0,0.00,0,-808.07
0,0.00,0,-810.35
0,0.00,0,-810.35
0,0.00,0,-808.98
0,0.00,0,-807.61
0,0.00,0,-809.74
0,0.00,0,-811.26
0,0.00,0,-812.94
0,0.00,0,-811.57
0,0.00,0,-809.28
0,0.00,0,-807.15
0,0.00,0,-806.09
0,0.00,0,-807.76
0,0.00,0,-808.37
0,0.00,0,-809.89
0,0.00,0,-808.68
0,0.00,0,-807.61
0,0.00,0,-806.24
0,0.00,0,-808.37
0,0.00,0,-810.35
0,0.00,0,-812.02
0,0.00,0,-811.72
0,0.00,0,-808.07
0,0.00,0,-806.85
0,0.00,0,-806.39
0,0.00,0,-808.07
0,0.00,0,-808.83
0,0.00,0,-809.28
0,0.00,0,-807.46
0,0.00,0,-805.17
0,0.00,0,-805.94
0,0.00,0,-807.91
0,0.00,0,-810.65
0,0.00,0,-812.02
0,0.00,0,-811.11
0,0.00,0,-808.68
0,0.00,0,-807.46
0,0.00,0,-808.68
0,0.00,0,-809.44
0,0.00,0,-810.35
0,0.00,0,-808.98
0,0.00,0,-806.39
0,0.00,0,-804.87
0,0.00,0,-805.63
0,0.00,0,-807.91
0,0.00,0,-810.05
0,0.00,0,-812.02
0,0.00,0,-810.65
0,0.00,0,-810.20
0,0.00,0,-809.74
0,0.00,0,-811.87
0,0.00,0,-812.48
0,0.00,0,-813.24
0,0.00,0,-810.35
0,0.00,0,-807.15
0,0.00,0,-805.78
0,0.00,0,-806.70
0,0.00,0,-807.91
0,0.00,0,-809.13
0,0.00,0,-809.89
0,0.00,0,-808.07
0,0.00,0,-807.91
0,0.00,0,-808.98
0,0.00,0,-811.26
0,0.00,0,-813.09
0,0.00,0,-813.55
0,0.00,0,-811.57
0,0.00,0,-808.37
0,0.00,0,-807.76
0,0.00,0,-807.76
0,0.00,0,-808.37
0,0.00,0,-808.52
0,0.00,0,-807.76
0,0.00,0,-805.78
0,0.00,0,-805.63
0,0.00,0,-807.46
0,0.00,0,-810.05
0,0.00,0,-812.94
0,0.00,0,-812.33
0,0.00,0,-810.96
0,0.00,0,-808.68
0,0.00,0,-809.59
0,0.00,0,-809.89
0,0.00,0,-810.50
0,0.00,0,-810.05
0,0.00,0,-807.31
0,0.00,0,-805.78
0,0.00,0,-805.17
0,0.00,0,-807.76
0,0.00,0,-809.28
0,0.00,0,-811.26
0,0.00,0,-810.35
0,0.00,0,-807.91
0,0.00,0,-808.37
0,0.00,0,-808.07
0,0.00,0,-811.11
0,0.00,0,-810.50
0,0.00,0,-810.35
0,0.00,0,-807.00
0,0.00,0,-805.94
0,0.00,0,-805.78
0,0.00,0,-807.15
0,0.00,0,-809.13
0,0.00,0,-809.74
0,0.00,0,-809.13
0,0.00,0,-807.15
0,0.00,0,-806.70
0,0.00,0,-808.22
0,0.00,0,-809.89
0,0.00,0,-810.96
0,0.00,0,-810.20
0,0.00,0,-808.22
0,0.00,0,-806.54
0,0.00,0,-807.46
0,0.00,0,-808.37
0,0.00,0,-810.20
0,0.00,0,-810.05
0,0.00,0,-809.44
0,0.00,0,-807.91
0,0.00,0,-808.22
0,0.00,0,-810.20
0,0.00,0,-812.02
0,0.00,0,-812.63
0,0.00,0,-810.65
0,0.00,0,-809.13
0,0.00,0,-807.00
0,0.00,0,-809.13
0,0.00,0,-808.83
0,0.00,0,-811.11
0,0.00,0,-809.89
0,0.00,0,-808.52
0,0.00,0,-807.00
0,0.00,0,-808.37
0,0.00,0,-810.05
0,0.00,0,-812.02
0,0.00,0,-812.33
0,0.00,0,-810.20
0,0.00,0,-808.52
0,0.00,0,-807.61
0,0.00,0,-807.91
0,0.00,0,-808.98
0,0.00,0,-808.68
0,0.00,0,-807.91
0,0.00,0,-804.72
0,0.00,0,-805.17
0,0.00,0,-805.94
0,0.00,0,-808.37
0,0.00,0,-809.59
0,0.00,0,-810.20
0,0.00,0,-808.07
0,0.00,0,-807.31
0,0.00,0,-807.46
0,0.00,0,-808.83
0,0.00,0,-810.20
0,0.00,0,-809.74
0,0.00,0,-808.07
0,0.00,0,-805.94
0,0.00,0,-805.78
0,0.00,0,-806.39
0,0.00,0,-808.52
0,0.00,0,-810.50
0,0.00,0,-809.44
0,0.00,0,-808.22
0,0.00,0,-806.54
0,0.00,0,-808.68
0,0.00,0,-810.35
0,0.00,0,-812.94
0,0.00,0,-811.72
0,0.00,0,-809.74
0,0.00,0,-807.76
0,0.00,0,-806.54
0,0.00,0,-808.52
0,0.00,0,-809.74
0,0.00,0,-810.96
0,0.00,0,-808.83
0,0.00,0,-807.46
0,0.00,0,-806.54
0,0.00,0,-808.98
0,0.00,0,-810.35
0,0.00,0,-812.18
0,0.00,0,-811.42
0,0.00,0,-808.52
0,0.00,0,-807.61
0,0.00,0,-808.07
0,0.00,0,-809.89
0,0.00,0,-810.96
0,0.00,0,-810.96
0,0.00,0,-808.37
0,0.00,0,-806.85
0,0.00,0,-807.00
0,0.00,0,-809.28
0,0.00,0,-811.57
0,0.00,0,-812.02
0,0.00,0,-810.35
0,0.00,0,-807.76
0,0.00,0,-807.91
0,0.00,0,-809.28
0,0.00,0,-811.11
0,0.00,0,-811.57
0,0.00,0,-810.50
0,0.00,0,-808.37
0,0.00,0,-806.54
0,0.00,0,-808.22
0,0.00,0,-809.89
0,0.00,0,-811.87
0,0.00,0,-812.02
0,0.00,0,-809.59
0,0.00,0,-808.22
0,0.00,0,-808.68
0,0.00,0,-811.72
0,0.00,0,-813.09
0,0.00,0,-813.55
0,0.00,0,-810.96
0,0.00,0,-808.83
0,0.00,0,-807.61
0,0.00,0,-809.74
0,0.00,0,-810.81
0,0.00,0,-811.42
0,0.00,0,-810.05
0,0.00,0,-808.22
0,0.00,0,-807.31
0,0.00,0,-808.22
0,0.00,0,-810.81
0,0.00,0,-811.87
0,0.00,0,-812.33
0,0.00,0,-808.83
0,0.00,0,-807.91
0,0.00,0,-807.15
0,0.00,0,-809.13
0,0.00,0,-810.20
0,0.00,0,-810.05
0,0.00,0,-808.68
0,0.00,0,-806.39
0,0.00,0,-806.09
0,0.00,0,-806.85
0,0.00,0,-809.13
0,0.00,0,-810.20
0,0.00,0,-810.05
0,0.00,0,-807.91
0,0.00,0,-806.39
0,0.00,0,-807.46
0,0.00,0,-809.13
0,0.00,0,-810.05
0,0.00,0,-809.44
0,0.00,0,-807.46
0,0.00,0,-806.54
0,0.00,0,-806.70
0,0.00,0,-808.37
0,0.00,0,-810.05
0,0.00,0,-811.11
0,0.00,0,-810.20
0,0.00,0,-808.83
0,0.00,0,-807.76
0,0.00,0,-809.44
0,0.00,0,-810.20
0,0.00,0,-811.11
0,0.00,0,-809.74
0,0.00,0,-808.07
0,0.00,0,-806.70
0,0.00,0,-807.00
0,0.00,0,-809.13
0,0.00,0,-810.65
0,0.00,0,-811.57
0,0.00,0,-810.05
0,0.00,0,-809.28
0,0.00,0,-808.98
0,0.00,0,-810.65
0,0.00,0,-812.18
0,0.00,0,-813.09
0,0.00,0,-811.72
0,0.00,0,-809.13
0,0.00,0,-807.91
0,0.00,0,-808.52
0,0.00,0,-809.44
0,0.00,0,-810.35
0,0.00,0,-810.35
0,0.00,0,-808.68
0,0.00,0,-807.76
0,0.00,0,-808.22
0,0.00,0,-809.59
0,0.00,0,-811.42
0,0.00,0,-812.18
0,0.00,0,-810.20
0,0.00,0,-808.22
0,0.00,0,-807.15
0,0.00,0,-808.22
0,0.00,0,-809.44
0,0.00,0,-810.65
0,0.00,0,-809.59
0,0.00,0,-807.46
0,0.00,0,-806.70
0,0.00,0,-807.31
0,0.00,0,-809.44
0,0.00,0,-811.11
0,0.00,0,-811.11
0,0.00,0,-809.44
0,0.00,0,-807.15
0,0.00,0,-806.85
0,0.00,0,-808.07
0,0.00,0,-809.89
0,0.00,0,-809.89
0,0.00,0,-808.22
0,0.00,0,-805.78
0,0.00,0,-805.48
0,0.00,0,-807.00
0,0.00,0,-808.52
0,0.00,0,-811.11
0,0.00,0,-810.96
0,0.00,0,-809.28
0,0.00,0,-807.76
0,0.00,0,-808.98
0,0.00,0,-811.11
0,0.00,0,-812.02
0,0.00,0,-811.87
0,0.00,0,-809.13
0,0.00,0,-806.54
0,0.00,0,-806.85
0,0.00,0,-807.61
0,0.00,0,-810.81
0,0.00,0,-811.11
0,0.00,0,-810.05
0,0.00,0,-807.91
0,0.00,0,-807.61
0,0.00,0,-809.89
0,0.00,0,-812.18
0,0.00,0,-814.31
0,0.00,0,-812.79
0,0.00,0,-810.81
0,0.00,0,-808.22
0,0.00,0,-809.13
0,0.00,0,-810.50
0,0.00,0,-810.96
0,0.00,0,-810.20
0,0.00,0,-806.70
0,0.00,0,-806.09
0,0.00,0,-805.48
0,0.00,0,-808.98
0,0.00,0,-810.05
0,0.00,0,-812.02
0,0.00,0,-810.65
0,0.00,0,-809.28
0,0.00,0,-808.22
0,0.00,0,-810.05
0,0.00,0,-811.57
0,0.00,0,-812.02
0,0.00,0,-810.05
0,0.00,0,-806.85
0,0.00,0,-805.17
0,0.00,0,-805.02
0,0.00,0,-807.46
0,0.00,0,-809.28
0,0.00,0,-810.65
0,0.00,0,-809.44
0,0.00,0,-808.37
0,0.00,0,-809.13
0,0.00,0,-812.02
0,0.00,0,-813.55
0,0.00,0,-813.85
0,0.00,0,-810.96
0,0.00,0,-808.37
0,0.00,0,-806.39
0,0.00,0,-807.61
0,0.00,0,-808.07
0,0.00,0,-808.98
0,0.00,0,-808.68
0,0.00,0,-806.70
0,0.00,0,-806.54
0,0.00,0,-807.31
0,0.00,0,-811.26
0,0.00,0,-812.79
0,0.00,0,-813.85
0,0.00,0,-811.11
0,0.00,0,-809.89
0,0.00,0,-809.13
0,0.00,0,-810.05
0,0.00,0,-810.81
0,0.00,0,-810.65
0,0.00,0,-808.98
0,0.00,0,-807.31
0,0.00,0,-806.39
0,0.00,0,-808.68
0,0.00,0,-810.05
0,0.00,0,-812.79
0,0.00,0,-812.63
0,0.00,0,-811.87
0,0.00,0,-810.50
0,0.00,0,-810.81
0,0.00,0,-812.94
0,0.00,0,-812.02
0,0.00,0,-812.18
0,0.00,0,-808.07
0,0.00,0,-806.24
0,0.00,0,-804.57
0,0.00,0,-805.78
0,0.00,0,-807.15
0,0.00,0,-808.22
0,0.00,0,-808.68
0,0.00,0,-807.46
0,0.00,0,-808.37
0,0.00,0,-808.52
0,0.00,0,-810.35
0,0.00,0,-811.72
0,0.00,0,-811.42
0,0.00,0,-809.28
0,0.00,0,-806.39
0,0.00,0,-806.24
0,0.00,0,-806.39
0,0.00,0,-807.46
0,0.00,0,-808.52
0,0.00,0,-808.37
0,0.00,0,-807.46
0,0.00,0,-807.00
0,0.00,0,-808.68
0,0.00,0,-810.81
0,0.00,0,-812.79
0,0.00,0,-812.02
0,0.00,0,-810.65
0,0.00,0,-808.52
0,0.00,0,-808.07
0,0.00,0,-808.37
0,0.00,0,-808.68
0,0.00,0,-809.28
0,0.00,0,-807.76
0,0.00,0,-806.54
0,0.00,0,-805.94
0,0.00,0,-808.83
0,0.00,0,-810.65
0,0.00,0,-812.94
0,0.00,0,-812.02
0,0.00,0,-810.81
0,0.00,0,-808.52
0,0.00,0,-808.68
0,0.00,0,-809.74
0,0.00,0,-810.35
0,0.00,0,-809.59
0,0.00,0,-806.85
0,0.00,0,-805.94
0,0.00,0,-805.63
0,0.00,0,-808.07
0,0.00,0,-809.89
0,0.00,0,-811.11
0,0.00,0,-810.20
0,0.00,0,-808.22
0,0.00,0,-807.00
0,0.00,0,-807.91
0,0.00,0,-810.35
0,0.00,0,-810.96
0,0.00,0,-809.13
0,0.00,0,-806.09
0,0.00,0,-804.57
0,0.00,0,-805.94
0,0.00,0,-807.46
0,0.00,0,-809.74
0,0.00,0,-810.05
0,0.00,0,-809.28
0,0.00,0,-808.07
0,0.00,0,-808.22
0,0.00,0,-811.11
0,0.00,0,-812.79
0,0.00,0,-813.39
0,0.00,0,-810.20
0,0.00,0,-808.07
0,0.00,0,-806.70
0,0.00,0,-808.22
0,0.00,0,-809.44
0,0.00,0,-811.11
0,0.00,0,-809.28
0,0.00,0,-808.22
0,0.00,0,-807.46
0,0.00,0,-809.13
0,0.00,0,-811.42
0,0.00,0,-813.55
0,0.00,0,-813.55
0,0.00,0,-811.42
0,0.00,0,-809.28
0,0.00,0,-809.28
0,0.00,0,-810.81
0,0.00,0,-811.42
0,0.00,0,-811.11
0,0.00,0,-808.37
0,0.00,0,-806.24
0,0.00,0,-806.24
0,0.00,0,-807.91
0,0.00,0,-810.81
0,0.00,0,-812.33
0,0.00,0,-811.72
0,0.00,0,-809.28
0,0.00,0,-808.37
0,0.00,0,-809.28
0,0.00,0,-811.42
0,0.00,0,-812.79
0,0.00,0,-810.81
0,0.00,0,-808.52
0,0.00,0,-805.63
0,0.00,0,-805.48
0,0.00,0,-806.70
0,0.00,0,-808.68
0,0.00,0,-809.13
0,0.00,0,-807.91
0,0.00,0,-806.70
0,0.00,0,-806.39
0,0.00,0,-808.83
0,0.00,0,-810.81
0,0.00,0,-812.63
0,0.00,0,-811.42
0,0.00,0,-808.83
0,0.00,0,-807.00
0,0.00,0,-807.00
0,0.00,0,-808.22
0,0.00,0,-808.22
0,0.00,0,-808.22
0,0.00,0,-805.63
0,0.00,0,-805.33
0,0.00,0,-804.87
0,0.00,0,-807.31
0,0.00,0,-809.74
0,0.00,0,-812.02
0,0.00,0,-811.87
0,0.00,0,-809.89
0,0.00,0,-810.50
0,0.00,0,-810.96
0,0.00,0,-812.02
0,0.00,0,-811.72
0,0.00,0,-810.50
0,0.00,0,-807.91
0,0.00,0,-805.48
0,0.00,0,-806.54
0,0.00,0,-807.15
0,0.00,0,-809.59
0,0.00,0,-809.44
0,0.00,0,-810.20
0,0.00,0,-808.83
0,0.00,0,-809.28
0,0.00,0,-810.81
0,0.00,0,-812.18
0,0.00,0,-813.55
0,0.00,0,-810.65
0,0.00,0,-809.28
0,0.00,0,-806.54
0,0.00,0,-807.00
0,0.00,0,-808.07
0,0.00,0,-808.68
0,0.00,0,-808.83
0,0.00,0,-806.70
0,0.00,0,-807.31
0,0.00,0,-807.61
0,0.00,0,-810.65
0,0.00,0,-812.33
0,0.00,0,-813.24
0,0.00,0,-812.02
0,0.00,0,-808.83
0,0.00,0,-808.83
0,0.00,0,-808.22
0,0.00,0,-809.74
0,0.00,0,-808.22
0,0.00,0,-808.07
0,0.00,0,-805.48
0,0.00,0,-804.41
0,0.00,0,-805.63
0,0.00,0,-807.76
0,0.00,0,-810.81
0,0.00,0,-811.26
0,0.00,0,-810.81
0,0.00,0,-809.28
0,0.00,0,-809.28
0,0.00,0,-810.50
0,0.00,0,-811.11
0,0.00,0,-811.57
0,0.00,0,-809.28
0,0.00,0,-807.31
0,0.00,0,-806.09
0,0.00,0,-807.46
0,0.00,0,-808.68
0,0.00,0,-810.65
0,0.00,0,-811.11
0,0.00,0,-809.13
0,0.00,0,-808.52
0,0.00,0,-808.22
0,0.00,0,-810.35
0,0.00,0,-811.42
0,0.00,0,-811.57
0,0.00,0,-808.83
0,0.00,0,-806.39
0,0.00,0,-805.33
0,0.00,0,-806.54
0,0.00,0,-807.46
0,0.00,0,-808.98
0,0.00,0,-807.76
0,0.00,0,-806.85
0,0.00,0,-805.94
0,0.00,0,-807.91
0,0.00,0,-810.20
0,0.00,0,-811.87
0,0.00,0,-811.11
0,0.00,0,-808.68
0,0.00,0,-806.70
0,0.00,0,-806.70
0,0.00,0,-808.68
0,0.00,0,-809.28
0,0.00,0,-809.44
0,0.00,0,-807.00
0,0.00,0,-804.87
0,0.00,0,-804.72
0,0.00,0,-807.76
0,0.00,0,-810.05
0,0.00,0,-812.02
0,0.00,0,-811.26
0,0.00,0,-809.13
0,0.00,0,-808.37
0,0.00,0,-809.13
0,0.00,0,-811.26
0,0.00,0,-811.26
0,0.00,0,-810.50
0,0.00,0,-806.85
0,0.00,0,-805.33
0,0.00,0,-805.94
0,0.00,0,-808.07
0,0.00,0,-810.50
0,0.00,0,-811.87
0,0.00,0,-810.65
0,0.00,0,-808.98
0,0.00,0,-809.44
0,0.00,0,-811.87
0,0.00,0,-813.70
0,0.00,0,-814.00
0,0.00,0,-811.11
0,0.00,0,-807.46
0,0.00,0,-805.63
0,0.00,0,-806.70
0,0.00,0,-808.52
0,0.00,0,-810.65
0,0.00,0,-810.05
0,0.00,0,-808.83
0,0.00,0,-807.46
0,0.00,0,-809.28
0,0.00,0,-812.18
0,0.00,0,-814.16
0,0.00,0,-814.46
0,0.00,0,-811.42
0,0.00,0,-808.83
0,0.00,0,-807.76
0,0.00,0,-809.44
0,0.00,0,-810.35
0,0.00,0,-811.26
0,0.00,0,-809.28
0,0.00,0,-807.31
0,0.00,0,-807.00
0,0.00,0,-809.13
0,0.00,0,-812.33
0,0.00,0,-814.16
0,0.00,0,-814.00
0,0.00,0,-810.50
0,0.00,0,-809.74
0,0.00,0,-809.28
0,0.00,0,-810.05
0,0.00,0,-809.89
0,0.00,0,-809.28
0,0.00,0,-807.46
0,0.00,0,-805.33
0,0.00,0,-806.24
0,0.00,0,-808.22
0,0.00,0,-810.50
0,0.00,0,-811.72
0,0.00,0,-811.11
0,0.00,0,-810.20
0,0.00,0,-810.20
0,0.00,0,-811.42
0,0.00,0,-812.33
0,0.00,0,-812.02
0,0.00,0,-810.96
0,0.00,0,-808.07
0,0.00,0,-807.46
0,0.00,0,-807.46
0,0.00,0,-808.98
0,0.00,0,-809.74
0,0.00,0,-810.20
0,0.00,0,-809.44
0,0.00,0,-808.52
0,0.00,0,-809.13
0,0.00,0,-811.26
0,0.00,0,-812.94
