0,0.00,0,-435.46
0,0.00,0,-435.16
0,0.00,0,-434.86
0,0.00,0,-434.70
0,0.00,0,-435.46
0,0.00,0,-436.38
0,0.00,0,-436.99
0,0.00,0,-437.60
0,0.00,0,-438.05
0,0.00,0,-438.20
0,0.00,0,-438.20
0,0.00,0,-437.44
0,0.00,0,-436.83
0,0.00,0,-436.07
0,0.00,0,-435.16
0,0.00,0,-435.01
0,0.00,0,-434.70
0,0.00,0,-434.86
0,0.00,0,-435.62
0,0.00,0,-436.38
0,0.00,0,-436.83
0,0.00,0,-437.44
0,0.00,0,-438.20
0,0.00,0,-438.36
0,0.00,0,-437.75
0,0.00,0,-437.29
0,0.00,0,-436.83
0,0.00,0,-436.38
0,0.00,0,-435.62
0,0.00,0,-434.86
0,0.00,0,-434.55
0,0.00,0,-434.70
0,0.00,0,-435.31
0,0.00,0,-436.07
0,0.00,0,-436.83
0,0.00,0,-437.60
0,0.00,0,-438.20
0,0.00,0,-438.20
0,0.00,0,-437.90
0,0.00,0,-437.44
0,0.00,0,-436.83
0,0.00,0,-436.38
0,0.00,0,-435.46
0,0.00,0,-434.55
0,0.00,0,-434.40
0,0.00,0,-434.86
0,0.00,0,-435.62
0,0.00,0,-436.23
0,0.00,0,-436.99
0,0.00,0,-437.44
0,0.00,0,-437.75
0,0.00,0,-438.20
0,0.00,0,-438.20
0,0.00,0,-437.75
0,0.00,0,-436.99
0,0.00,0,-436.07
0,0.00,0,-435.16
0,0.00,0,-434.70
0,0.00,0,-434.86
0,0.00,0,-435.16
0,0.00,0,-435.62
0,0.00,0,-436.23
0,0.00,0,-436.99
0,0.00,0,-437.90
0,0.00,0,-438.36
0,0.00,0,-438.05
0,0.00,0,-437.75
0,0.00,0,-437.14
0,0.00,0,-436.68
0,0.00,0,-436.07
0,0.00,0,-435.46
0,0.00,0,-435.01
0,0.00,0,-434.86
0,0.00,0,-435.01
0,0.00,0,-435.46
0,0.00,0,-436.07
0,0.00,0,-437.14
0,0.00,0,-437.60
0,0.00,0,-437.75
0,0.00,0,-437.75
0,0.00,0,-437.75
0,0.00,0,-437.60
0,0.00,0,-436.68
0,0.00,0,-436.07
0,0.00,0,-435.62
0,0.00,0,-435.16
0,0.00,0,-435.01
0,0.00,0,-435.16
0,0.00,0,-435.77
0,0.00,0,-436.53
0,0.00,0,-437.14
0,0.00,0,-437.60
0,0.00,0,-437.44
0,0.00,0,-437.44
0,0.00,0,-437.29
0,0.00,0,-436.99
0,0.00,0,-436.23
0,0.00,0,-435.77
0,0.00,0,-435.62
0,0.00,0,-435.46
0,0.00,0,-435.31
0,0.00,0,-435.46
0,0.00,0,-436.07
0,0.00,0,-436.53
0,0.00,0,-436.83
0,0.00,0,-437.29
0,0.00,0,-437.44
0,0.00,0,-437.44
0,0.00,0,-437.29
0,0.00,0,-436.83
0,0.00,0,-436.23
0,0.00,0,-435.77
0,0.00,0,-435.77
0,0.00,0,-435.92
0,0.00,0,-435.77
0,0.00,0,-435.77
0,0.00,0,-436.23
0,0.00,0,-436.83
0,0.00,0,-437.29
0,0.00,0,-437.60
0,0.00,0,-437.29
0,0.00,0,-437.14
0,0.00,0,-436.83
0,0.00,0,-436.68
0,0.00,0,-436.23
0,0.00,0,-436.07
0,0.00,0,-436.07
0,0.00,0,-435.92
0,0.00,0,-435.92
0,0.00,0,-435.77
0,0.00,0,-436.23
0,0.00,0,-436.83
0,0.00,0,-437.14
0,0.00,0,-437.29
0,0.00,0,-437.44
0,0.00,0,-437.44
0,0.00,0,-436.99
0,0.00,0,-436.38
0,0.00,0,-436.23
0,0.00,0,-436.07
0,0.00,0,-435.62
0,0.00,0,-435.46
0,0.00,0,-435.62
0,0.00,0,-436.23
0,0.00,0,-436.53
0,0.00,0,-436.68
0,0.00,0,-437.14
0,0.00,0,-437.60
0,0.00,0,-437.60
0,0.00,0,-437.44
0,0.00,0,-437.29
0,0.00,0,-436.83
0,0.00,0,-436.23
0,0.00,0,-435.46
0,0.00,0,-435.31
0,0.00,0,-435.31
0,0.00,0,-435.46
0,0.00,0,-436.07
0,0.00,0,-436.53
0,0.00,0,-436.99
0,0.00,0,-437.29
0,0.00,0,-437.60
0,0.00,0,-437.75
0,0.00,0,-437.75
0,0.00,0,-437.29
0,0.00,0,-436.83
0,0.00,0,-436.53
0,0.00,0,-435.77
0,0.00,0,-435.16
0,0.00,0,-435.16
0,0.00,0,-435.31
0,0.00,0,-435.62
0,0.00,0,-436.23
0,0.00,0,-436.83
0,0.00,0,-437.44
0,0.00,0,-437.60
0,0.00,0,-437.60
0,0.00,0,-437.60
0,0.00,0,-437.29
0,0.00,0,-436.68
0,0.00,0,-436.38
0,0.00,0,-435.77
0,0.00,0,-435.31
0,0.00,0,-435.16
0,0.00,0,-435.16
0,0.00,0,-435.46
0,0.00,0,-436.07
0,0.00,0,-436.68
0,0.00,0,-437.29
0,0.00,0,-437.90
0,0.00,0,-438.20
0,0.00,0,-438.05
0,0.00,0,-437.75
0,0.00,0,-436.99
0,0.00,0,-436.38
0,0.00,0,-435.46
0,0.00,0,-435.16
0,0.00,0,-435.16
0,0.00,0,-435.31
0,0.00,0,-435.46
0,0.00,0,-435.92
0,0.00,0,-436.68
0,0.00,0,-437.29
0,0.00,0,-437.90
0,0.00,0,-438.05
0,0.00,0,-437.90
0,0.00,0,-437.29
0,0.00,0,-436.53
0,0.00,0,-436.07
0,0.00,0,-435.62
0,0.00,0,-435.31
0,0.00,0,-435.31
0,0.00,0,-435.16
0,0.00,0,-435.31
0,0.00,0,-435.92
0,0.00,0,-436.83
0,0.00,0,-437.44
0,0.00,0,-437.75
0,0.00,0,-437.75
0,0.00,0,-437.75
0,0.00,0,-437.44
0,0.00,0,-436.83
0,0.00,0,-436.38
0,0.00,0,-435.92
0,0.00,0,-435.46
0,0.00,0,-435.31
0,0.00,0,-435.16
0,0.00,0,-435.62
0,0.00,0,-436.23
0,0.00,0,-436.83
0,0.00,0,-437.29
0,0.00,0,-437.60
0,0.00,0,-437.75
0,0.00,0,-437.75
0,0.00,0,-437.44
0,0.00,0,-436.68
0,0.00,0,-436.07
0,0.00,0,-435.77
0,0.00,0,-435.31
0,0.00,0,-435.31
0,0.00,0,-435.46
0,0.00,0,-436.07
0,0.00,0,-436.53
0,0.00,0,-436.83
0,0.00,0,-437.29
0,0.00,0,-437.75
0,0.00,0,-437.90
0,0.00,0,-437.44
0,0.00,0,-436.83
0,0.00,0,-436.38
0,0.00,0,-435.92
0,0.00,0,-435.46
0,0.00,0,-435.31
0,0.00,0,-435.16
0,0.00,0,-435.46
0,0.00,0,-436.23
0,0.00,0,-436.83
0,0.00,0,-437.14
0,0.00,0,-437.44
0,0.00,0,-437.90
0,0.00,0,-438.05
0,0.00,0,-437.44
0,0.00,0,-436.68
0,0.00,0,-436.23
0,0.00,0,-435.77
0,0.00,0,-435.16
0,0.00,0,-435.01
0,0.00,0,-435.01
0,0.00,0,-435.46
0,0.00,0,-436.23
0,0.00,0,-436.83
0,0.00,0,-437.29
0,0.00,0,-437.75
0,0.00,0,-438.05
0,0.00,0,-437.90
0,0.00,0,-437.60
0,0.00,0,-436.99
0,0.00,0,-436.38
0,0.00,0,-435.77
0,0.00,0,-435.31
0,0.00,0,-435.16
0,0.00,0,-435.46
0,0.00,0,-435.62
0,0.00,0,-436.07
0,0.00,0,-436.68
0,0.00,0,-437.29
0,0.00,0,-437.60
0,0.00,0,-437.75
0,0.00,0,-437.44
0,0.00,0,-437.14
0,0.00,0,-436.83
0,0.00,0,-436.53
0,0.00,0,-435.92
0,0.00,0,-435.46
0,0.00,0,-435.16
0,0.00,0,-435.31
0,0.00,0,-435.62
0,0.00,0,-436.23
0,0.00,0,-436.68
0,0.00,0,-437.44
0,0.00,0,-437.90
0,0.00,0,-437.90
0,0.00,0,-437.60
0,0.00,0,-437.44
0,0.00,0,-437.14
0,0.00,0,-436.38
0,0.00,0,-435.77
0,0.00,0,-435.46
0,0.00,0,-435.16
0,0.00,0,-435.31
0,0.00,0,-435.62
0,0.00,0,-435.92
0,0.00,0,-436.68
0,0.00,0,-437.29
0,0.00,0,-437.60
0,0.00,0,-437.90
0,0.00,0,-437.75
0,0.00,0,-437.29
0,0.00,0,-436.83
0,0.00,0,-436.23
0,0.00,0,-435.62
0,0.00,0,-435.31
0,0.00,0,-435.16
0,0.00,0,-435.31
0,0.00,0,-435.62
0,0.00,0,-436.07
0,0.00,0,-436.68
0,0.00,0,-437.44
0,0.00,0,-437.90
0,0.00,0,-437.90
0,0.00,0,-437.75
0,0.00,0,-437.44
0,0.00,0,-436.83
0,0.00,0,-436.07
0,0.00,0,-435.46
0,0.00,0,-435.31
0,0.00,0,-435.46
0,0.00,0,-435.31
0,0.00,0,-435.31
0,0.00,0,-436.07
0,0.00,0,-436.83
0,0.00,0,-437.44
0,0.00,0,-437.90
0,0.00,0,-438.20
0,0.00,0,-437.90
0,0.00,0,-437.29
0,0.00,0,-436.83
0,0.00,0,-436.38
0,0.00,0,-435.62
0,0.00,0,-435.16
0,0.00,0,-435.01
0,0.00,0,-434.86
0,0.00,0,-435.31
0,0.00,0,-435.92
0,0.00,0,-436.68
0,0.00,0,-437.44
0,0.00,0,-437.90
0,0.00,0,-438.20
0,0.00,0,-438.05
0,0.00,0,-437.44
0,0.00,0,-436.83
0,0.00,0,-436.23
0,0.00,0,-435.77
0,0.00,0,-435.16
0,0.00,0,-435.01
0,0.00,0,-435.31
0,0.00,0,-435.62
0,0.00,0,-436.07
0,0.00,0,-436.68
0,0.00,0,-437.44
0,0.00,0,-437.90
0,0.00,0,-438.36
0,0.00,0,-438.20
0,0.00,0,-437.60
0,0.00,0,-436.99
0,0.00,0,-436.23
0,0.00,0,-435.62
0,0.00,0,-435.01
0,0.00,0,-434.86
0,0.00,0,-434.86
0,0.00,0,-435.31
0,0.00,0,-435.92
0,0.00,0,-436.53
0,0.00,0,-437.44
0,0.00,0,-438.20
0,0.00,0,-438.36
0,0.00,0,-438.05
0,0.00,0,-437.75
0,0.00,0,-437.14
0,0.00,0,-436.53
0,0.00,0,-435.92
0,0.00,0,-435.16
0,0.00,0,-435.01
0,0.00,0,-434.86
0,0.00,0,-435.16
0,0.00,0,-435.62
0,0.00,0,-436.38
0,0.00,0,-437.14
0,0.00,0,-437.75
0,0.00,0,-438.05
0,0.00,0,-438.05
0,0.00,0,-437.90
0,0.00,0,-437.44
0,0.00,0,-436.68
0,0.00,0,-435.92
0,0.00,0,-435.31
0,0.00,0,-434.86
0,0.00,0,-435.01
0,0.00,0,-435.31
0,0.00,0,-435.77
0,0.00,0,-436.53
0,0.00,0,-437.44
0,0.00,0,-438.05
0,0.00,0,-438.05
0,0.00,0,-438.05
0,0.00,0,-437.90
0,0.00,0,-437.14
0,0.00,0,-436.07
0,0.00,0,-435.31
0,0.00,0,-435.01
0,0.00,0,-435.01
0,0.00,0,-435.16
0,0.00,0,-435.46
0,0.00,0,-436.07
0,0.00,0,-436.83
0,0.00,0,-437.60
0,0.00,0,-437.90
0,0.00,0,-437.90
0,0.00,0,-437.90
0,0.00,0,-437.44
0,0.00,0,-436.99
0,0.00,0,-436.23
0,0.00,0,-435.62
0,0.00,0,-435.01
0,0.00,0,-434.86
0,0.00,0,-435.16
0,0.00,0,-435.62
0,0.00,0,-436.23
0,0.00,0,-437.14
0,0.00,0,-437.60
0,0.00,0,-438.05
0,0.00,0,-438.05
0,0.00,0,-437.75
0,0.00,0,-437.14
0,0.00,0,-436.38
0,0.00,0,-435.77
0,0.00,0,-435.31
0,0.00,0,-435.16
0,0.00,0,-435.31
0,0.00,0,-435.62
0,0.00,0,-435.92
0,0.00,0,-436.68
0,0.00,0,-437.44
0,0.00,0,-438.05
0,0.00,0,-438.20
0,0.00,0,-438.36
0,0.00,0,-437.75
0,0.00,0,-436.99
0,0.00,0,-435.92
0,0.00,0,-435.31
0,0.00,0,-435.16
0,0.00,0,-435.01
0,0.00,0,-435.16
0,0.00,0,-435.46
0,0.00,0,-436.23
0,0.00,0,-437.14
0,0.00,0,-437.75
0,0.00,0,-437.90
0,0.00,0,-438.05
0,0.00,0,-437.90
0,0.00,0,-437.44
0,0.00,0,-436.68
0,0.00,0,-435.92
0,0.00,0,-435.46
0,0.00,0,-435.16
0,0.00,0,-435.01
0,0.00,0,-435.16
0,0.00,0,-435.46
0,0.00,0,-436.53
0,0.00,0,-437.44
0,0.00,0,-437.75
0,0.00,0,-437.90
0,0.00,0,-437.90
0,0.00,0,-437.60
0,0.00,0,-437.29
0,0.00,0,-436.68
0,0.00,0,-435.92
0,0.00,0,-435.46
0,0.00,0,-435.16
0,0.00,0,-435.16
0,0.00,0,-435.46
0,0.00,0,-435.77
0,0.00,0,-436.53
0,0.00,0,-437.14
0,0.00,0,-437.44
0,0.00,0,-437.75
0,0.00,0,-437.75
0,0.00,0,-437.44
0,0.00,0,-437.14
0,0.00,0,-436.53
