0,0.00,0,-842.92
0,0.00,0,-842.92
0,0.00,0,-843.53
0,0.00,0,-843.07
0,0.00,0,-843.53
0,0.00,0,-843.23
0,0.00,0,-843.07
0,0.00,0,-842.92
0,0.00,0,-842.77
0,0.00,0,-842.92
0,0.00,0,-842.31
0,0.00,0,-842.31
0,0.00,0,-841.70
0,0.00,0,-842.31
0,0.00,0,-842.92
0,0.00,0,-843.23
0,0.00,0,-843.53
0,0.00,0,-843.23
0,0.00,0,-843.68
0,0.00,0,-843.53
0,0.00,0,-843.68
0,0.00,0,-842.92
0,0.00,0,-842.62
0,0.00,0,-842.47
0,0.00,0,-842.16
0,0.00,0,-842.01
0,0.00,0,-842.01
0,0.00,0,-842.77
0,0.00,0,-842.77
0,0.00,0,-843.07
0,0.00,0,-843.07
0,0.00,0,-843.53
0,0.00,0,-843.53
0,0.00,0,-843.53
0,0.00,0,-843.38
0,0.00,0,-842.92
0,0.00,0,-842.92
0,0.00,0,-842.01
0,0.00,0,-842.01
0,0.00,0,-841.70
0,0.00,0,-842.16
0,0.00,0,-842.16
0,0.00,0,-842.47
0,0.00,0,-843.07
0,0.00,0,-843.38
0,0.00,0,-843.68
0,0.00,0,-843.38
0,0.00,0,-843.68
0,0.00,0,-843.38
0,0.00,0,-843.38
0,0.00,0,-842.92
0,0.00,0,-842.47
0,0.00,0,-842.31
0,0.00,0,-842.16
0,0.00,0,-842.47
0,0.00,0,-842.01
0,0.00,0,-842.31
0,0.00,0,-842.16
0,0.00,0,-843.07
0,0.00,0,-843.38
0,0.00,0,-843.68
0,0.00,0,-843.99
0,0.00,0,-843.84
0,0.00,0,-843.99
0,0.00,0,-842.77
0,0.00,0,-842.77
0,0.00,0,-842.01
0,0.00,0,-842.31
0,0.00,0,-841.70
0,0.00,0,-841.40
0,0.00,0,-841.70
0,0.00,0,-842.01
0,0.00,0,-842.92
0,0.00,0,-842.62
0,0.00,0,-843.68
0,0.00,0,-843.68
0,0.00,0,-844.14
0,0.00,0,-843.53
0,0.00,0,-843.23
0,0.00,0,-843.23
0,0.00,0,-842.31
0,0.00,0,-842.31
0,0.00,0,-841.10
0,0.00,0,-841.70
0,0.00,0,-841.55
0,0.00,0,-842.47
0,0.00,0,-842.62
0,0.00,0,-842.77
0,0.00,0,-843.38
0,0.00,0,-843.23
0,0.00,0,-844.29
0,0.00,0,-843.53
0,0.00,0,-843.99
0,0.00,0,-843.53
0,0.00,0,-843.38
0,0.00,0,-842.62
0,0.00,0,-841.86
0,0.00,0,-842.01
0,0.00,0,-841.55
0,0.00,0,-842.01
0,0.00,0,-841.86
0,0.00,0,-842.77
0,0.00,0,-843.07
0,0.00,0,-843.53
0,0.00,0,-843.99
0,0.00,0,-843.68
0,0.00,0,-843.99
0,0.00,0,-843.38
0,0.00,0,-843.53
0,0.00,0,-842.62
0,0.00,0,-842.31
0,0.00,0,-842.01
0,0.00,0,-841.55
0,0.00,0,-842.01
0,0.00,0,-842.01
0,0.00,0,-842.77
0,0.00,0,-842.62
0,0.00,0,-843.23
0,0.00,0,-843.23
0,0.00,0,-843.84
0,0.00,0,-843.99
0,0.00,0,-843.68
0,0.00,0,-843.68
0,0.00,0,-842.92
0,0.00,0,-842.92
0,0.00,0,-842.01
0,0.00,0,-841.70
0,0.00,0,-841.70
0,0.00,0,-842.16
0,0.00,0,-842.31
0,0.00,0,-842.62
0,0.00,0,-843.07
0,0.00,0,-843.23
0,0.00,0,-843.68
0,0.00,0,-843.68
0,0.00,0,-843.53
0,0.00,0,-843.23
0,0.00,0,-842.92
0,0.00,0,-842.62
0,0.00,0,-842.31
0,0.00,0,-841.86
0,0.00,0,-841.70
0,0.00,0,-842.01
0,0.00,0,-842.31
0,0.00,0,-842.31
0,0.00,0,-842.77
0,0.00,0,-843.38
0,0.00,0,-843.68
0,0.00,0,-843.68
0,0.00,0,-843.38
0,0.00,0,-843.23
0,0.00,0,-843.23
0,0.00,0,-843.07
0,0.00,0,-842.77
0,0.00,0,-842.31
0,0.00,0,-842.01
0,0.00,0,-841.86
0,0.00,0,-841.86
0,0.00,0,-842.16
0,0.00,0,-842.77
0,0.00,0,-843.23
0,0.00,0,-843.68
0,0.00,0,-843.68
0,0.00,0,-843.38
0,0.00,0,-843.68
0,0.00,0,-843.68
0,0.00,0,-843.07
0,0.00,0,-842.47
0,0.00,0,-842.62
0,0.00,0,-842.31
0,0.00,0,-841.86
0,0.00,0,-841.70
0,0.00,0,-841.55
0,0.00,0,-842.16
0,0.00,0,-842.92
0,0.00,0,-843.23
0,0.00,0,-843.53
0,0.00,0,-843.53
0,0.00,0,-843.68
0,0.00,0,-843.38
0,0.00,0,-843.38
0,0.00,0,-843.07
0,0.00,0,-842.77
0,0.00,0,-842.31
0,0.00,0,-842.16
0,0.00,0,-842.01
0,0.00,0,-842.01
0,0.00,0,-842.31
0,0.00,0,-842.47
0,0.00,0,-842.92
0,0.00,0,-843.23
0,0.00,0,-843.68
0,0.00,0,-843.53
0,0.00,0,-843.23
0,0.00,0,-843.23
0,0.00,0,-842.92
0,0.00,0,-842.92
0,0.00,0,-842.16
0,0.00,0,-842.47
0,0.00,0,-842.16
0,0.00,0,-842.16
0,0.00,0,-842.47
0,0.00,0,-842.31
0,0.00,0,-843.23
0,0.00,0,-842.92
0,0.00,0,-843.68
0,0.00,0,-842.92
0,0.00,0,-843.23
0,0.00,0,-843.38
0,0.00,0,-843.07
0,0.00,0,-843.07
0,0.00,0,-842.16
0,0.00,0,-842.77
0,0.00,0,-842.01
0,0.00,0,-842.62
0,0.00,0,-842.01
0,0.00,0,-842.47
0,0.00,0,-842.77
0,0.00,0,-842.77
0,0.00,0,-843.53
0,0.00,0,-842.62
0,0.00,0,-843.84
0,0.00,0,-843.07
0,0.00,0,-843.53
0,0.00,0,-842.77
0,0.00,0,-842.62
0,0.00,0,-842.77
0,0.00,0,-842.16
0,0.00,0,-842.92
0,0.00,0,-842.01
0,0.00,0,-842.62
0,0.00,0,-841.86
0,0.00,0,-842.77
0,0.00,0,-843.07
0,0.00,0,-843.07
0,0.00,0,-843.53
0,0.00,0,-843.07
0,0.00,0,-843.68
0,0.00,0,-842.92
0,0.00,0,-843.07
0,0.00,0,-842.16
0,0.00,0,-842.31
0,0.00,0,-842.01
0,0.00,0,-841.70
0,0.00,0,-842.47
0,0.00,0,-842.31
0,0.00,0,-843.23
0,0.00,0,-842.92
0,0.00,0,-843.53
0,0.00,0,-843.53
0,0.00,0,-843.38
0,0.00,0,-843.68
0,0.00,0,-843.23
0,0.00,0,-843.38
0,0.00,0,-842.62
0,0.00,0,-842.62
0,0.00,0,-842.16
0,0.00,0,-842.31
0,0.00,0,-842.16
0,0.00,0,-841.86
0,0.00,0,-842.62
0,0.00,0,-842.47
0,0.00,0,-843.23
0,0.00,0,-843.23
0,0.00,0,-843.84
0,0.00,0,-843.84
0,0.00,0,-843.53
0,0.00,0,-843.38
0,0.00,0,-842.92
0,0.00,0,-843.07
0,0.00,0,-842.16
0,0.00,0,-842.01
0,0.00,0,-841.70
0,0.00,0,-842.01
0,0.00,0,-842.47
0,0.00,0,-842.47
0,0.00,0,-843.07
0,0.00,0,-842.92
0,0.00,0,-843.68
0,0.00,0,-843.53
0,0.00,0,-843.68
0,0.00,0,-843.38
0,0.00,0,-843.23
0,0.00,0,-843.07
0,0.00,0,-842.47
0,0.00,0,-842.31
0,0.00,0,-841.86
0,0.00,0,-842.16
0,0.00,0,-842.01
0,0.00,0,-842.31
0,0.00,0,-842.77
0,0.00,0,-843.07
0,0.00,0,-843.53
0,0.00,0,-843.53
0,0.00,0,-843.99
0,0.00,0,-843.38
0,0.00,0,-843.23
0,0.00,0,-842.92
0,0.00,0,-842.77
0,0.00,0,-842.31
0,0.00,0,-842.01
0,0.00,0,-842.16
0,0.00,0,-842.01
0,0.00,0,-842.47
0,0.00,0,-842.47
0,0.00,0,-842.92
0,0.00,0,-843.38
0,0.00,0,-843.53
0,0.00,0,-843.68
0,0.00,0,-843.38
0,0.00,0,-843.38
0,0.00,0,-843.07
0,0.00,0,-843.07
0,0.00,0,-842.47
0,0.00,0,-842.16
0,0.00,0,-841.86
0,0.00,0,-842.16
0,0.00,0,-842.31
0,0.00,0,-842.77
0,0.00,0,-842.92
0,0.00,0,-843.07
0,0.00,0,-843.23
0,0.00,0,-843.23
0,0.00,0,-843.53
0,0.00,0,-843.23
0,0.00,0,-843.07
0,0.00,0,-842.47
0,0.00,0,-842.62
0,0.00,0,-842.47
0,0.00,0,-842.31
0,0.00,0,-842.47
0,0.00,0,-842.47
0,0.00,0,-842.92
0,0.00,0,-843.07
0,0.00,0,-843.23
0,0.00,0,-843.07
0,0.00,0,-843.23
0,0.00,0,-843.38
0,0.00,0,-843.23
0,0.00,0,-843.38
0,0.00,0,-842.77
0,0.00,0,-842.77
0,0.00,0,-842.16
0,0.00,0,-842.31
0,0.00,0,-842.16
0,0.00,0,-842.16
0,0.00,0,-842.47
0,0.00,0,-842.47
0,0.00,0,-843.23
0,0.00,0,-843.07
0,0.00,0,-843.53
0,0.00,0,-843.07
0,0.00,0,-843.23
0,0.00,0,-842.92
0,0.00,0,-842.92
0,0.00,0,-842.92
0,0.00,0,-842.31
0,0.00,0,-842.47
0,0.00,0,-842.01
0,0.00,0,-842.47
0,0.00,0,-842.47
0,0.00,0,-842.77
0,0.00,0,-842.92
0,0.00,0,-843.07
0,0.00,0,-843.38
0,0.00,0,-843.07
0,0.00,0,-843.23
0,0.00,0,-843.07
0,0.00,0,-843.23
0,0.00,0,-842.92
0,0.00,0,-842.62
0,0.00,0,-842.62
0,0.00,0,-842.16
0,0.00,0,-842.16
0,0.00,0,-842.01
0,0.00,0,-842.92
0,0.00,0,-843.23
0,0.00,0,-843.23
0,0.00,0,-843.23
0,0.00,0,-842.92
0,0.00,0,-843.38
0,0.00,0,-842.77
0,0.00,0,-843.07
0,0.00,0,-842.92
0,0.00,0,-842.62
0,0.00,0,-842.31
0,0.00,0,-842.01
0,0.00,0,-842.31
0,0.00,0,-842.31
0,0.00,0,-842.77
0,0.00,0,-842.77
0,0.00,0,-843.53
0,0.00,0,-843.38
0,0.00,0,-843.23
0,0.00,0,-843.38
0,0.00,0,-843.23
0,0.00,0,-843.38
0,0.00,0,-842.47
0,0.00,0,-842.77
0,0.00,0,-842.47
0,0.00,0,-842.31
0,0.00,0,-842.16
0,0.00,0,-842.16
0,0.00,0,-842.92
0,0.00,0,-842.31
0,0.00,0,-842.92
0,0.00,0,-843.07
0,0.00,0,-843.38
0,0.00,0,-843.38
0,0.00,0,-843.07
0,0.00,0,-843.38
0,0.00,0,-842.92
0,0.00,0,-842.92
0,0.00,0,-842.31
0,0.00,0,-842.62
0,0.00,0,-842.77
0,0.00,0,-842.77
0,0.00,0,-842.77
0,0.00,0,-842.62
0,0.00,0,-843.07
0,0.00,0,-842.92
0,0.00,0,-843.07
0,0.00,0,-842.92
0,0.00,0,-843.07
0,0.00,0,-842.92
0,0.00,0,-842.77
0,0.00,0,-842.77
0,0.00,0,-842.31
0,0.00,0,-842.47
0,0.00,0,-842.47
0,0.00,0,-842.47
0,0.00,0,-842.47
0,0.00,0,-842.92
0,0.00,0,-842.92
0,0.00,0,-842.92
0,0.00,0,-843.23
0,0.00,0,-843.23
0,0.00,0,-843.53
0,0.00,0,-843.07
0,0.00,0,-842.77
0,0.00,0,-842.47
0,0.00,0,-842.31
0,0.00,0,-842.16
0,0.00,0,-842.16
0,0.00,0,-842.92
0,0.00,0,-842.92
0,0.00,0,-842.92
0,0.00,0,-842.92
0,0.00,0,-843.07
0,0.00,0,-843.38
0,0.00,0,-843.38
0,0.00,0,-843.38
0,0.00,0,-843.07
0,0.00,0,-842.77
0,0.00,0,-842.62
0,0.00,0,-842.31
0,0.00,0,-842.01
0,0.00,0,-841.86
0,0.00,0,-842.62
0,0.00,0,-842.62
0,0.00,0,-842.77
0,0.00,0,-842.92
0,0.00,0,-843.38
0,0.00,0,-843.07
0,0.00,0,-843.23
0,0.00,0,-843.68
0,0.00,0,-843.53
0,0.00,0,-843.38
0,0.00,0,-842.62
0,0.00,0,-842.77
0,0.00,0,-842.47
0,0.00,0,-841.86
0,0.00,0,-842.01
0,0.00,0,-842.31
0,0.00,0,-842.47
0,0.00,0,-842.62
0,0.00,0,-842.77
0,0.00,0,-843.38
0,0.00,0,-843.53
0,0.00,0,-843.07
0,0.00,0,-843.07
0,0.00,0,-843.38
0,0.00,0,-843.38
0,0.00,0,-842.92
0,0.00,0,-842.62
0,0.00,0,-842.62
0,0.00,0,-842.92
0,0.00,0,-842.47
0,0.00,0,-842.31
0,0.00,0,-842.62
0,0.00,0,-842.47
0,0.00,0,-842.77
0,0.00,0,-842.62
0,0.00,0,-842.92
0,0.00,0,-842.92
0,0.00,0,-842.92
0,0.00,0,-843.07
0,0.00,0,-843.07
0,0.00,0,-843.07
0,0.00,0,-842.77
0,0.00,0,-842.92
0,0.00,0,-843.07
0,0.00,0,-843.07
0,0.00,0,-843.07
0,0.00,0,-842.77
0,0.00,0,-842.62
0,0.00,0,-842.16
0,0.00,0,-842.62
0,0.00,0,-842.77
0,0.00,0,-842.92
0,0.00,0,-842.77
0,0.00,0,-842.77
0,0.00,0,-843.38
0,0.00,0,-842.92
0,0.00,0,-843.07
0,0.00,0,-842.92
0,0.00,0,-843.07
0,0.00,0,-842.62
0,0.00,0,-842.31
0,0.00,0,-842.31
0,0.00,0,-843.07
0,0.00,0,-843.23
0,0.00,0,-842.47
0,0.00,0,-843.23
0,0.00,0,-842.92
0,0.00,0,-843.07
0,0.00,0,-842.92
0,0.00,0,-842.92
0,0.00,0,-843.07
0,0.00,0,-842.31
0,0.00,0,-842.16
0,0.00,0,-842.31
0,0.00,0,-842.92
0,0.00,0,-842.47
0,0.00,0,-842.92
0,0.00,0,-842.77
0,0.00,0,-842.77
0,0.00,0,-842.47
0,0.00,0,-842.47
0,0.00,0,-843.84
0,0.00,0,-843.38
0,0.00,0,-843.23
0,0.00,0,-842.62
0,0.00,0,-843.23
0,0.00,0,-843.23
0,0.00,0,-842.62
0,0.00,0,-842.62
0,0.00,0,-842.01
0,0.00,0,-842.47
0,0.00,0,-841.86
0,0.00,0,-842.62
0,0.00,0,-842.31
0,0.00,0,-842.77
0,0.00,0,-843.23
0,0.00,0,-842.92
0,0.00,0,-843.99
0,0.00,0,-843.07
0,0.00,0,-843.23
0,0.00,0,-842.62
0,0.00,0,-842.92
0,0.00,0,-842.92
0,0.00,0,-842.62
0,0.00,0,-842.77
0,0.00,0,-842.01
0,0.00,0,-842.16
0,0.00,0,-841.70
0,0.00,0,-842.62
0,0.00,0,-842.47
0,0.00,0,-843.07
0,0.00,0,-843.38
0,0.00,0,-843.38
0,0.00,0,-843.68
0,0.00,0,-843.07
0,0.00,0,-843.68
0,0.00,0,-842.77
0,0.00,0,-842.92
0,0.00,0,-842.62
0,0.00,0,-842.92
0,0.00,0,-842.62
0,0.00,0,-841.86
0,0.00,0,-842.16
0,0.00,0,-842.16
0,0.00,0,-843.23
0,0.00,0,-842.62
0,0.00,0,-843.07
0,0.00,0,-843.07
0,0.00,0,-843.07
0,0.00,0,-843.53
0,0.00,0,-842.62
0,0.00,0,-843.23
0,0.00,0,-842.47
0,0.00,0,-842.77
0,0.00,0,-842.31
0,0.00,0,-842.47
0,0.00,0,-842.92
0,0.00,0,-842.31
0,0.00,0,-843.23
0,0.00,0,-842.62
0,0.00,0,-843.23
0,0.00,0,-842.92
0,0.00,0,-843.23
0,0.00,0,-843.38
0,0.00,0,-842.62
0,0.00,0,-843.07
0,0.00,0,-842.47
0,0.00,0,-843.53
0,0.00,0,-842.47
0,0.00,0,-842.92
0,0.00,0,-842.92
0,0.00,0,-842.92
0,0.00,0,-841.55
0,0.00,0,-836.68
0,0.00,0,-835.01
0,0.00,0,-853.12
0,0.00,0,-836.38
0,0.00,0,-855.56
0,0.00,0,-845.51
0,0.00,0,-842.16
0,0.00,0,-849.32
0,0.00,0,-824.20
0,0.00,0,-871.69
0,0.00,0,-828.16
0,0.00,0,-856.77
0,0.00,0,-816.59
0,0.00,0,-842.62
0,0.00,0,-851.29
0,0.00,0,-826.79
0,0.00,0,-856.93
0,0.00,0,-816.44
0,0.00,0,-875.80
0,0.00,0,-822.68
0,0.00,0,-854.49
0,0.00,0,-839.73
0,0.00,0,-849.01
0,0.00,0,-862.10
0,0.00,0,-816.29
0,0.00,0,-861.95
0,0.00,0,-819.94
0,0.00,0,-869.41
0,0.00,0,-822.22
0,0.00,0,-842.77
0,0.00,0,-840.94
0,0.00,0,-835.16
0,0.00,0,-861.95
0,0.00,0,-818.57
0,0.00,0,-866.82
0,0.00,0,-824.51
0,0.00,0,-863.47
0,0.00,0,-831.96
0,0.00,0,-842.01
0,0.00,0,-850.68
0,0.00,0,-832.57
0,0.00,0,-861.19
0,0.00,0,-816.89
0,0.00,0,-857.84
0,0.00,0,-828.16
0,0.00,0,-856.47
0,0.00,0,-839.42
0,0.00,0,-836.23
0,0.00,0,-853.42
0,0.00,0,-832.12
0,0.00,0,-863.17
0,0.00,0,-824.35
0,0.00,0,-856.16
0,0.00,0,-833.03
0,0.00,0,-846.88
0,0.00,0,-840.79
0,0.00,0,-830.44
0,0.00,0,-854.79
0,0.00,0,-830.14
0,0.00,0,-856.47
0,0.00,0,-825.42
0,0.00,0,-851.90
0,0.00,0,-843.99
0,0.00,0,-847.95
0,0.00,0,-849.92
0,0.00,0,-831.81
0,0.00,0,-856.47
0,0.00,0,-833.49
0,0.00,0,-852.82
0,0.00,0,-829.83
0,0.00,0,-842.77
0,0.00,0,-843.07
0,0.00,0,-835.77
0,0.00,0,-845.36
0,0.00,0,-830.14
0,0.00,0,-856.01
0,0.00,0,-838.36
0,0.00,0,-849.62
0,0.00,0,-839.42
0,0.00,0,-845.21
0,0.00,0,-853.12
0,0.00,0,-838.05
0,0.00,0,-848.86
0,0.00,0,-832.42
0,0.00,0,-850.53
0,0.00,0,-836.53
0,0.00,0,-839.12
0,0.00,0,-838.51
0,0.00,0,-838.36
0,0.00,0,-850.38
0,0.00,0,-835.16
0,0.00,0,-848.25
0,0.00,0,-837.44
0,0.00,0,-852.51
0,0.00,0,-844.90
0,0.00,0,-842.77
0,0.00,0,-844.90
0,0.00,0,-838.66
0,0.00,0,-851.45
0,0.00,0,-834.70
0,0.00,0,-844.75
0,0.00,0,-834.55
0,0.00,0,-845.51
0,0.00,0,-841.86
0,0.00,0,-837.90
0,0.00,0,-845.51
0,0.00,0,-839.88
0,0.00,0,-854.03
0,0.00,0,-836.83
0,0.00,0,-846.73
0,0.00,0,-840.18
0,0.00,0,-847.64
0,0.00,0,-844.44
0,0.00,0,-835.46
0,0.00,0,-844.60
0,0.00,0,-836.38
0,0.00,0,-849.92
0,0.00,0,-834.70
0,0.00,0,-844.14
0,0.00,0,-841.70
0,0.00,0,-845.66
0,0.00,0,-847.03
0,0.00,0,-837.75
0,0.00,0,-850.23
0,0.00,0,-839.73
0,0.00,0,-850.23
0,0.00,0,-836.07
0,0.00,0,-842.77
0,0.00,0,-841.86
0,0.00,0,-840.94
0,0.00,0,-844.14
0,0.00,0,-833.64
0,0.00,0,-847.49
0,0.00,0,-838.81
0,0.00,0,-849.77
0,0.00,0,-839.57
0,0.00,0,-845.21
0,0.00,0,-847.64
0,0.00,0,-843.68
0,0.00,0,-847.49
0,0.00,0,-835.46
0,0.00,0,-847.79
0,0.00,0,-838.36
0,0.00,0,-844.29
0,0.00,0,-835.62
0,0.00,0,-838.96
0,0.00,0,-844.60
0,0.00,0,-840.64
0,0.00,0,-846.88
0,0.00,0,-837.44
0,0.00,0,-850.38
0,0.00,0,-842.92
0,0.00,0,-847.95
0,0.00,0,-841.70
0,0.00,0,-843.38
0,0.00,0,-846.42
0,0.00,0,-839.12
0,0.00,0,-843.07
0,0.00,0,-834.25
0,0.00,0,-845.81
0,0.00,0,-839.12
0,0.00,0,-842.92
0,0.00,0,-838.66
0,0.00,0,-842.16
0,0.00,0,-848.55
0,0.00,0,-843.07
0,0.00,0,-847.34
0,0.00,0,-839.42
0,0.00,0,-848.86
0,0.00,0,-842.62
0,0.00,0,-843.68
0,0.00,0,-839.88
0,0.00,0,-839.42
0,0.00,0,-843.99
0,0.00,0,-837.44
0,0.00,0,-842.77
0,0.00,0,-837.75
0,0.00,0,-847.34
0,0.00,0,-842.77
0,0.00,0,-843.99
0,0.00,0,-843.53
0,0.00,0,-844.60
0,0.00,0,-848.86
0,0.00,0,-840.79
0,0.00,0,-843.99
0,0.00,0,-838.36
0,0.00,0,-845.36
0,0.00,0,-840.64
0,0.00,0,-840.33
0,0.00,0,-840.33
0,0.00,0,-840.64
0,0.00,0,-845.97
0,0.00,0,-840.49
0,0.00,0,-845.21
0,0.00,0,-842.01
0,0.00,0,-847.79
0,0.00,0,-843.68
0,0.00,0,-842.16
0,0.00,0,-842.62
0,0.00,0,-841.86
0,0.00,0,-844.90
0,0.00,0,-837.90
0,0.00,0,-841.25
0,0.00,0,-839.12
0,0.00,0,-844.60
0,0.00,0,-841.70
0,0.00,0,-841.70
0,0.00,0,-844.29
0,0.00,0,-844.60
0,0.00,0,-847.64
0,0.00,0,-841.10
0,0.00,0,-844.90
0,0.00,0,-842.01
0,0.00,0,-845.66
0,0.00,0,-840.79
0,0.00,0,-839.42
0,0.00,0,-840.94
0,0.00,0,-840.79
0,0.00,0,-843.68
0,0.00,0,-838.66
0,0.00,0,-843.38
0,0.00,0,-842.77
0,0.00,0,-846.88
0,0.00,0,-844.44
0,0.00,0,-843.68
0,0.00,0,-845.51
0,0.00,0,-843.68
0,0.00,0,-844.60
0,0.00,0,-838.96
0,0.00,0,-842.01
0,0.00,0,-840.79
0,0.00,0,-842.16
0,0.00,0,-839.73
0,0.00,0,-839.27
0,0.00,0,-843.68
0,0.00,0,-843.23
0,0.00,0,-845.97
0,0.00,0,-841.86
0,0.00,0,-845.66
0,0.00,0,-845.05
0,0.00,0,-845.81
0,0.00,0,-842.92
0,0.00,0,-840.79
0,0.00,0,-843.07
0,0.00,0,-840.64
0,0.00,0,-842.01
0,0.00,0,-838.36
0,0.00,0,-842.16
0,0.00,0,-842.01
0,0.00,0,-843.07
0,0.00,0,-842.31
0,0.00,0,-842.77
0,0.00,0,-846.58
0,0.00,0,-844.60
0,0.00,0,-845.05
0,0.00,0,-841.55
0,0.00,0,-844.29
0,0.00,0,-843.38
0,0.00,0,-842.01
0,0.00,0,-840.49
0,0.00,0,-839.12
0,0.00,0,-842.77
0,0.00,0,-841.10
0,0.00,0,-842.77
0,0.00,0,-840.94
0,0.00,0,-844.75
0,0.00,0,-845.21
0,0.00,0,-844.14
0,0.00,0,-843.99
0,0.00,0,-842.77
0,0.00,0,-845.51
0,0.00,0,-841.86
0,0.00,0,-842.16
0,0.00,0,-839.57
0,0.00,0,-842.31
0,0.00,0,-841.86
0,0.00,0,-840.94
0,0.00,0,-841.40
0,0.00,0,-842.31
0,0.00,0,-845.36
0,0.00,0,-843.07
0,0.00,0,-843.53
0,0.00,0,-842.77
0,0.00,0,-845.36
0,0.00,0,-844.60
0,0.00,0,-842.16
0,0.00,0,-841.55
0,0.00,0,-841.10
0,0.00,0,-843.07
0,0.00,0,-840.64
0,0.00,0,-840.64
0,0.00,0,-840.49
0,0.00,0,-842.92
0,0.00,0,-843.68
0,0.00,0,-842.47
0,0.00,0,-843.99
0,0.00,0,-844.14
0,0.00,0,-845.97
0,0.00,0,-843.07
0,0.00,0,-842.77
0,0.00,0,-842.31
0,0.00,0,-842.92
0,0.00,0,-841.86
0,0.00,0,-839.73
0,0.00,0,-840.64
0,0.00,0,-841.40
0,0.00,0,-843.38
0,0.00,0,-841.70
0,0.00,0,-842.62
0,0.00,0,-843.53
0,0.00,0,-845.51
0,0.00,0,-844.75
0,0.00,0,-843.23
0,0.00,0,-843.23
0,0.00,0,-843.07
0,0.00,0,-843.53
0,0.00,0,-841.10
0,0.00,0,-840.94
0,0.00,0,-841.25
0,0.00,0,-842.01
0,0.00,0,-841.70
0,0.00,0,-841.25
0,0.00,0,-843.23
0,0.00,0,-843.99
0,0.00,0,-845.21
0,0.00,0,-843.23
0,0.00,0,-843.84
0,0.00,0,-844.14
0,0.00,0,-844.29
0,0.00,0,-842.47
0,0.00,0,-840.49
0,0.00,0,-841.40
0,0.00,0,-841.70
0,0.00,0,-842.01
0,0.00,0,-840.18
0,0.00,0,-841.25
0,0.00,0,-842.77
0,0.00,0,-843.84
0,0.00,0,-843.68
0,0.00,0,-843.53
0,0.00,0,-844.90
0,0.00,0,-844.60
0,0.00,0,-843.99
0,0.00,0,-842.01
0,0.00,0,-842.16
0,0.00,0,-842.01
0,0.00,0,-841.40
0,0.00,0,-840.33
0,0.00,0,-840.03
0,0.00,0,-842.16
0,0.00,0,-842.77
0,0.00,0,-843.38
0,0.00,0,-842.77
0,0.00,0,-844.29
0,0.00,0,-845.21
0,0.00,0,-844.75
0,0.00,0,-843.53
0,0.00,0,-842.16
0,0.00,0,-842.92
0,0.00,0,-842.01
0,0.00,0,-841.40
0,0.00,0,-840.33
0,0.00,0,-841.10
0,0.00,0,-842.31
0,0.00,0,-842.16
0,0.00,0,-842.62
0,0.00,0,-842.92
0,0.00,0,-844.75
0,0.00,0,-844.29
0,0.00,0,-843.84
0,0.00,0,-843.23
0,0.00,0,-843.38
0,0.00,0,-843.53
0,0.00,0,-841.86
0,0.00,0,-841.40
0,0.00,0,-840.64
0,0.00,0,-842.01
0,0.00,0,-841.55
0,0.00,0,-840.94
0,0.00,0,-841.86
0,0.00,0,-843.23
0,0.00,0,-845.05
0,0.00,0,-843.84
0,0.00,0,-843.84
0,0.00,0,-843.53
0,0.00,0,-844.44
0,0.00,0,-843.38
0,0.00,0,-841.70
0,0.00,0,-841.86
0,0.00,0,-841.55
0,0.00,0,-842.01
0,0.00,0,-840.94
0,0.00,0,-841.55
0,0.00,0,-842.31
0,0.00,0,-843.53
0,0.00,0,-843.38
0,0.00,0,-842.92
0,0.00,0,-844.14
0,0.00,0,-844.29
0,0.00,0,-844.29
0,0.00,0,-842.16
0,0.00,0,-842.01
0,0.00,0,-842.31
0,0.00,0,-842.47
0,0.00,0,-841.70
0,0.00,0,-840.49
0,0.00,0,-841.70
0,0.00,0,-842.47
0,0.00,0,-843.53
0,0.00,0,-842.77
0,0.00,0,-843.38
0,0.00,0,-844.14
0,0.00,0,-844.60
0,0.00,0,-843.84
0,0.00,0,-842.77
0,0.00,0,-843.07
0,0.00,0,-842.62
0,0.00,0,-841.86
0,0.00,0,-840.49
0,0.00,0,-840.94
0,0.00,0,-842.01
0,0.00,0,-842.31
0,0.00,0,-842.01
0,0.00,0,-842.47
0,0.00,0,-844.14
0,0.00,0,-844.60
0,0.00,0,-844.14
0,0.00,0,-843.23
0,0.00,0,-843.23
0,0.00,0,-843.38
0,0.00,0,-842.77
0,0.00,0,-841.55
0,0.00,0,-840.79
0,0.00,0,-841.40
0,0.00,0,-841.55
0,0.00,0,-841.86
0,0.00,0,-841.70
0,0.00,0,-842.92
0,0.00,0,-843.99
0,0.00,0,-844.29
0,0.00,0,-843.84
0,0.00,0,-843.99
0,0.00,0,-844.14
0,0.00,0,-843.53
0,0.00,0,-842.16
0,0.00,0,-841.55
0,0.00,0,-841.86
0,0.00,0,-841.86
0,0.00,0,-841.40
0,0.00,0,-840.79
0,0.00,0,-841.86
0,0.00,0,-842.92
0,0.00,0,-843.68
0,0.00,0,-843.38
0,0.00,0,-843.53
0,0.00,0,-844.29
0,0.00,0,-844.29
0,0.00,0,-843.84
0,0.00,0,-842.77
0,0.00,0,-842.31
0,0.00,0,-842.16
0,0.00,0,-841.70
0,0.00,0,-841.10
0,0.00,0,-841.25
0,0.00,0,-842.31
0,0.00,0,-842.47
0,0.00,0,-842.77
0,0.00,0,-842.92
0,0.00,0,-844.14
0,0.00,0,-844.75
0,0.00,0,-844.14
0,0.00,0,-843.23
0,0.00,0,-842.92
0,0.00,0,-843.07
0,0.00,0,-842.31
0,0.00,0,-841.55
0,0.00,0,-840.79
0,0.00,0,-841.55
0,0.00,0,-842.01
0,0.00,0,-842.01
0,0.00,0,-842.16
0,0.00,0,-843.23
0,0.00,0,-844.14
0,0.00,0,-844.14
0,0.00,0,-843.53
0,0.00,0,-843.38
0,0.00,0,-843.53
0,0.00,0,-843.23
0,0.00,0,-842.16
0,0.00,0,-841.70
0,0.00,0,-841.70
0,0.00,0,-842.16
0,0.00,0,-841.70
0,0.00,0,-841.70
0,0.00,0,-842.31
0,0.00,0,-843.23
0,0.00,0,-843.68
0,0.00,0,-843.38
0,0.00,0,-843.23
0,0.00,0,-843.38
0,0.00,0,-843.84
0,0.00,0,-843.07
0,0.00,0,-842.47
0,0.00,0,-842.01
0,0.00,0,-842.47
0,0.00,0,-842.31
0,0.00,0,-841.86
0,0.00,0,-841.86
0,0.00,0,-842.47
0,0.00,0,-843.23
0,0.00,0,-843.38
0,0.00,0,-843.07
0,0.00,0,-843.53
0,0.00,0,-843.84
0,0.00,0,-843.68
0,0.00,0,-843.07
0,0.00,0,-842.92
0,0.00,0,-842.92
0,0.00,0,-842.16
0,0.00,0,-841.55
0,0.00,0,-841.10
0,0.00,0,-841.70
0,0.00,0,-842.62
0,0.00,0,-842.92
0,0.00,0,-842.47
0,0.00,0,-842.92
0,0.00,0,-843.68
0,0.00,0,-843.99
0,0.00,0,-843.68
0,0.00,0,-843.07
0,0.00,0,-842.92
0,0.00,0,-842.47
0,0.00,0,-842.16
0,0.00,0,-841.70
0,0.00,0,-841.70
0,0.00,0,-842.01
0,0.00,0,-842.16
0,0.00,0,-842.01
0,0.00,0,-842.62
0,0.00,0,-843.23
0,0.00,0,-843.68
0,0.00,0,-843.38
0,0.00,0,-843.38
0,0.00,0,-843.53
0,0.00,0,-843.53
0,0.00,0,-843.07
0,0.00,0,-842.16
0,0.00,0,-842.16
0,0.00,0,-842.31
0,0.00,0,-842.16
0,0.00,0,-841.70
0,0.00,0,-841.86
0,0.00,0,-842.16
0,0.00,0,-842.62
0,0.00,0,-843.07
0,0.00,0,-843.38
0,0.00,0,-843.68
0,0.00,0,-843.68
0,0.00,0,-843.53
0,0.00,0,-842.47
0,0.00,0,-842.16
0,0.00,0,-842.31
0,0.00,0,-842.31
0,0.00,0,-842.31
0,0.00,0,-841.86
0,0.00,0,-842.47
0,0.00,0,-842.62
0,0.00,0,-842.77
0,0.00,0,-842.62
0,0.00,0,-842.92
0,0.00,0,-843.84
0,0.00,0,-843.68
0,0.00,0,-843.23
0,0.00,0,-842.31
0,0.00,0,-842.77
0,0.00,0,-842.77
0,0.00,0,-842.01
0,0.00,0,-841.70
0,0.00,0,-841.86
0,0.00,0,-842.31
0,0.00,0,-842.31
0,0.00,0,-842.62
0,0.00,0,-842.62
0,0.00,0,-843.38
0,0.00,0,-843.53
0,0.00,0,-843.53
0,0.00,0,-843.53
0,0.00,0,-843.38
0,0.00,0,-843.53
0,0.00,0,-842.31
0,0.00,0,-841.86
0,0.00,0,-841.55
0,0.00,0,-841.86
0,0.00,0,-842.16
0,0.00,0,-841.86
0,0.00,0,-842.16
0,0.00,0,-842.47
0,0.00,0,-843.84
0,0.00,0,-843.84
0,0.00,0,-843.68
0,0.00,0,-843.53
0,0.00,0,-843.68
0,0.00,0,-843.53
0,0.00,0,-842.47
0,0.00,0,-842.16
0,0.00,0,-841.70
0,0.00,0,-841.70
0,0.00,0,-841.40
0,0.00,0,-841.55
0,0.00,0,-842.01
0,0.00,0,-842.47
0,0.00,0,-843.07
0,0.00,0,-843.07
0,0.00,0,-843.53
0,0.00,0,-843.53
0,0.00,0,-843.99
0,0.00,0,-843.84
0,0.00,0,-842.92
0,0.00,0,-842.62
0,0.00,0,-842.01
0,0.00,0,-842.16
0,0.00,0,-841.40
0,0.00,0,-841.55
0,0.00,0,-842.01
0,0.00,0,-842.47
0,0.00,0,-842.92
0,0.00,0,-842.92
0,0.00,0,-843.68
0,0.00,0,-843.84
0,0.00,0,-844.14
0,0.00,0,-843.53
0,0.00,0,-843.23
0,0.00,0,-842.77
0,0.00,0,-842.31
0,0.00,0,-841.86
0,0.00,0,-841.25
0,0.00,0,-842.01
0,0.00,0,-841.86
0,0.00,0,-842.16
0,0.00,0,-842.47
0,0.00,0,-843.23
0,0.00,0,-843.68
0,0.00,0,-843.68
0,0.00,0,-843.68
0,0.00,0,-843.53
0,0.00,0,-843.23
0,0.00,0,-842.77
0,0.00,0,-842.01
0,0.00,0,-841.70
0,0.00,0,-841.40
0,0.00,0,-841.55
0,0.00,0,-841.86
0,0.00,0,-842.01
0,0.00,0,-842.47
0,0.00,0,-842.92
0,0.00,0,-843.53
0,0.00,0,-843.84
0,0.00,0,-843.84
0,0.00,0,-843.68
0,0.00,0,-843.23
0,0.00,0,-842.92
0,0.00,0,-842.47
0,0.00,0,-842.16
0,0.00,0,-842.16
0,0.00,0,-841.86
0,0.00,0,-841.70
0,0.00,0,-841.70
0,0.00,0,-842.31
0,0.00,0,-842.92
0,0.00,0,-843.38
0,0.00,0,-843.23
0,0.00,0,-843.99
0,0.00,0,-843.84
0,0.00,0,-843.53
0,0.00,0,-843.07
0,0.00,0,-842.62
0,0.00,0,-842.62
0,0.00,0,-841.70
0,0.00,0,-841.55
0,0.00,0,-841.55
0,0.00,0,-842.16
0,0.00,0,-842.01
0,0.00,0,-842.47
0,0.00,0,-843.07
0,0.00,0,-843.38
0,0.00,0,-843.99
0,0.00,0,-843.68
0,0.00,0,-843.38
0,0.00,0,-842.92
0,0.00,0,-842.92
0,0.00,0,-842.77
0,0.00,0,-842.01
0,0.00,0,-841.86
0,0.00,0,-841.70
0,0.00,0,-842.31
0,0.00,0,-842.16
0,0.00,0,-842.31
0,0.00,0,-842.62
0,0.00,0,-843.07
0,0.00,0,-843.68
0,0.00,0,-843.38
0,0.00,0,-843.53
0,0.00,0,-843.38
0,0.00,0,-843.23
0,0.00,0,-842.62
0,0.00,0,-841.86
0,0.00,0,-842.16
0,0.00,0,-842.16
0,0.00,0,-842.01
0,0.00,0,-841.86
0,0.00,0,-842.16
0,0.00,0,-842.92
0,0.00,0,-843.23
0,0.00,0,-843.38
0,0.00,0,-843.07
0,0.00,0,-843.68
0,0.00,0,-843.53
0,0.00,0,-843.38
0,0.00,0,-842.92
0,0.00,0,-842.47
0,0.00,0,-842.31
0,0.00,0,-841.70
0,0.00,0,-841.86
0,0.00,0,-841.40
0,0.00,0,-842.01
0,0.00,0,-842.16
0,0.00,0,-842.92
0,0.00,0,-843.23
0,0.00,0,-843.53
0,0.00,0,-843.99
0,0.00,0,-843.84
0,0.00,0,-843.68
0,0.00,0,-842.62
0,0.00,0,-842.77
0,0.00,0,-842.16
0,0.00,0,-841.70
0,0.00,0,-841.55
0,0.00,0,-841.40
0,0.00,0,-842.16
0,0.00,0,-842.01
0,0.00,0,-842.62
0,0.00,0,-842.62
0,0.00,0,-843.68
0,0.00,0,-843.68
0,0.00,0,-843.68
0,0.00,0,-843.53
0,0.00,0,-843.07
0,0.00,0,-843.53
0,0.00,0,-842.31
0,0.00,0,-842.47
0,0.00,0,-841.40
0,0.00,0,-842.01
0,0.00,0,-841.70
0,0.00,0,-841.70
0,0.00,0,-842.62
0,0.00,0,-842.62
0,0.00,0,-843.84
0,0.00,0,-842.92
0,0.00,0,-843.53
0,0.00,0,-843.53
0,0.00,0,-843.68
0,0.00,0,-843.38
0,0.00,0,-842.62
0,0.00,0,-842.47
0,0.00,0,-841.55
0,0.00,0,-842.01
0,0.00,0,-841.55
0,0.00,0,-842.01
0,0.00,0,-842.16
0,0.00,0,-842.62
0,0.00,0,-843.23
0,0.00,0,-843.07
0,0.00,0,-843.84
0,0.00,0,-843.68
0,0.00,0,-843.99
0,0.00,0,-843.38
0,0.00,0,-843.23
0,0.00,0,-842.62
0,0.00,0,-842.01
0,0.00,0,-841.86
0,0.00,0,-841.25
0,0.00,0,-841.86
0,0.00,0,-841.86
0,0.00,0,-842.31
0,0.00,0,-842.47
0,0.00,0,-842.92
0,0.00,0,-843.84
0,0.00,0,-843.99
0,0.00,0,-843.68
0,0.00,0,-843.07
0,0.00,0,-843.53
0,0.00,0,-843.07
0,0.00,0,-842.47
0,0.00,0,-842.16
0,0.00,0,-841.55
0,0.00,0,-841.70
0,0.00,0,-841.55
0,0.00,0,-842.01
0,0.00,0,-842.16
0,0.00,0,-842.92
0,0.00,0,-843.23
0,0.00,0,-843.53
0,0.00,0,-843.99
0,0.00,0,-843.68
0,0.00,0,-843.68
0,0.00,0,-843.07
0,0.00,0,-842.77
0,0.00,0,-842.16
0,0.00,0,-841.86
0,0.00,0,-842.01
0,0.00,0,-841.86
0,0.00,0,-841.86
0,0.00,0,-841.55
0,0.00,0,-842.62
0,0.00,0,-842.77
0,0.00,0,-843.07
0,0.00,0,-843.38
0,0.00,0,-843.84
0,0.00,0,-844.14
0,0.00,0,-843.38
0,0.00,0,-843.07
0,0.00,0,-842.47
0,0.00,0,-842.16
0,0.00,0,-841.70
0,0.00,0,-841.40
0,0.00,0,-841.55
0,0.00,0,-841.86
0,0.00,0,-842.62
0,0.00,0,-842.62
0,0.00,0,-843.07
0,0.00,0,-843.68
0,0.00,0,-843.99
0,0.00,0,-843.84
0,0.00,0,-843.53
0,0.00,0,-843.38
0,0.00,0,-842.77
0,0.00,0,-842.47
0,0.00,0,-841.70
0,0.00,0,-841.55
0,0.00,0,-841.55
0,0.00,0,-841.86
0,0.00,0,-842.16
0,0.00,0,-842.62
0,0.00,0,-843.07
0,0.00,0,-843.53
0,0.00,0,-843.99
0,0.00,0,-843.99
0,0.00,0,-843.68
0,0.00,0,-843.68
0,0.00,0,-842.92
0,0.00,0,-842.16
0,0.00,0,-841.70
0,0.00,0,-841.55
0,0.00,0,-841.55
0,0.00,0,-841.55
0,0.00,0,-841.86
0,0.00,0,-842.31
0,0.00,0,-842.77
0,0.00,0,-843.53
0,0.00,0,-843.84
0,0.00,0,-844.14
0,0.00,0,-843.53
0,0.00,0,-843.38
0,0.00,0,-842.77
0,0.00,0,-842.62
0,0.00,0,-842.01
0,0.00,0,-841.86
0,0.00,0,-841.70
0,0.00,0,-841.25
0,0.00,0,-841.70
0,0.00,0,-842.01
0,0.00,0,-842.77
0,0.00,0,-843.07
0,0.00,0,-843.68
0,0.00,0,-843.99
0,0.00,0,-843.68
0,0.00,0,-843.53
0,0.00,0,-843.23
0,0.00,0,-843.07
0,0.00,0,-842.47
0,0.00,0,-842.16
0,0.00,0,-841.55
0,0.00,0,-841.55
0,0.00,0,-841.70
0,0.00,0,-842.01
0,0.00,0,-842.62
0,0.00,0,-842.62
0,0.00,0,-843.23
0,0.00,0,-843.53
0,0.00,0,-843.99
0,0.00,0,-843.99
0,0.00,0,-843.68
0,0.00,0,-843.23
0,0.00,0,-842.62
0,0.00,0,-842.47
0,0.00,0,-841.55
0,0.00,0,-841.70
0,0.00,0,-841.70
0,0.00,0,-842.01
0,0.00,0,-842.31
0,0.00,0,-842.47
0,0.00,0,-843.38
0,0.00,0,-843.68
0,0.00,0,-844.29
0,0.00,0,-843.84
0,0.00,0,-843.68
0,0.00,0,-843.23
0,0.00,0,-842.92
0,0.00,0,-842.31
0,0.00,0,-841.86
0,0.00,0,-842.01
0,0.00,0,-841.55
0,0.00,0,-841.86
0,0.00,0,-842.01
0,0.00,0,-842.47
0,0.00,0,-843.07
0,0.00,0,-843.53
0,0.00,0,-843.99
0,0.00,0,-843.68
0,0.00,0,-843.68
0,0.00,0,-843.23
0,0.00,0,-843.07
0,0.00,0,-842.62
0,0.00,0,-842.16
0,0.00,0,-841.86
0,0.00,0,-841.40
0,0.00,0,-841.55
0,0.00,0,-841.86
0,0.00,0,-842.47
0,0.00,0,-843.07
0,0.00,0,-843.53
0,0.00,0,-843.68
0,0.00,0,-843.68
0,0.00,0,-843.99
0,0.00,0,-843.68
0,0.00,0,-843.07
0,0.00,0,-842.47
0,0.00,0,-842.16
0,0.00,0,-841.70
0,0.00,0,-841.10
0,0.00,0,-841.10
0,0.00,0,-841.55
0,0.00,0,-842.01
0,0.00,0,-842.47
0,0.00,0,-843.23
0,0.00,0,-843.53
0,0.00,0,-843.84
0,0.00,0,-843.68
0,0.00,0,-843.53
0,0.00,0,-843.38
0,0.00,0,-843.07
0,0.00,0,-842.31
0,0.00,0,-842.01
0,0.00,0,-841.70
0,0.00,0,-841.55
0,0.00,0,-841.70
0,0.00,0,-842.01
0,0.00,0,-842.31
0,0.00,0,-842.77
0,0.00,0,-843.38
0,0.00,0,-843.68
0,0.00,0,-843.99
0,0.00,0,-843.68
0,0.00,0,-843.53
0,0.00,0,-843.07
0,0.00,0,-842.31
0,0.00,0,-841.86
0,0.00,0,-841.55
0,0.00,0,-841.70
0,0.00,0,-841.40
0,0.00,0,-841.86
0,0.00,0,-842.16
0,0.00,0,-843.07
0,0.00,0,-843.38
0,0.00,0,-843.53
0,0.00,0,-843.68
0,0.00,0,-843.68
0,0.00,0,-843.84
0,0.00,0,-842.77
0,0.00,0,-842.62
0,0.00,0,-842.47
0,0.00,0,-842.01
0,0.00,0,-841.55
0,0.00,0,-841.40
0,0.00,0,-842.01
0,0.00,0,-842.01
0,0.00,0,-842.77
0,0.00,0,-842.62
0,0.00,0,-843.38
0,0.00,0,-843.84
0,0.00,0,-843.68
0,0.00,0,-843.68
0,0.00,0,-843.07
0,0.00,0,-843.23
0,0.00,0,-842.47
0,0.00,0,-842.31
0,0.00,0,-841.70
0,0.00,0,-841.55
0,0.00,0,-842.01
0,0.00,0,-842.16
0,0.00,0,-842.77
0,0.00,0,-842.77
0,0.00,0,-843.38
0,0.00,0,-843.23
0,0.00,0,-843.53
0,0.00,0,-843.23
0,0.00,0,-843.07
0,0.00,0,-842.92
0,0.00,0,-842.77
0,0.00,0,-842.62
0,0.00,0,-842.01
0,0.00,0,-841.86
0,0.00,0,-842.01
0,0.00,0,-842.31
0,0.00,0,-842.47
0,0.00,0,-842.92
0,0.00,0,-843.53
0,0.00,0,-843.53
0,0.00,0,-843.38
0,0.00,0,-843.23
0,0.00,0,-843.38
0,0.00,0,-843.07
0,0.00,0,-842.62
0,0.00,0,-842.31
0,0.00,0,-842.16
0,0.00,0,-842.01
0,0.00,0,-842.01
0,0.00,0,-842.01
0,0.00,0,-842.16
0,0.00,0,-842.31
0,0.00,0,-843.07
0,0.00,0,-843.23
0,0.00,0,-843.23
0,0.00,0,-843.38
0,0.00,0,-843.38
0,0.00,0,-843.23
0,0.00,0,-842.77
0,0.00,0,-842.62
0,0.00,0,-842.01
0,0.00,0,-842.01
0,0.00,0,-841.70
0,0.00,0,-841.86
0,0.00,0,-842.47
0,0.00,0,-842.62
0,0.00,0,-842.92
0,0.00,0,-842.92
0,0.00,0,-843.53
0,0.00,0,-843.38
0,0.00,0,-843.38
0,0.00,0,-843.23
0,0.00,0,-842.92
0,0.00,0,-842.77
0,0.00,0,-842.16
0,0.00,0,-842.16
0,0.00,0,-841.86
0,0.00,0,-842.01
0,0.00,0,-841.86
0,0.00,0,-842.16
0,0.00,0,-842.77
0,0.00,0,-842.92
0,0.00,0,-843.38
0,0.00,0,-843.53
0,0.00,0,-843.53
0,0.00,0,-843.07
0,0.00,0,-843.07
0,0.00,0,-842.62
0,0.00,0,-842.47
0,0.00,0,-842.31
0,0.00,0,-842.01
0,0.00,0,-842.16
0,0.00,0,-842.01
0,0.00,0,-842.47
0,0.00,0,-842.31
0,0.00,0,-842.77
0,0.00,0,-843.38
0,0.00,0,-843.38
0,0.00,0,-843.68
0,0.00,0,-843.53
0,0.00,0,-843.38
0,0.00,0,-842.77
0,0.00,0,-842.77
0,0.00,0,-842.16
0,0.00,0,-841.86
0,0.00,0,-841.70
0,0.00,0,-841.70
0,0.00,0,-842.01
0,0.00,0,-842.31
0,0.00,0,-842.77
0,0.00,0,-843.23
0,0.00,0,-843.38
0,0.00,0,-843.53
0,0.00,0,-843.38
0,0.00,0,-843.38
0,0.00,0,-842.92
0,0.00,0,-842.62
0,0.00,0,-842.31
0,0.00,0,-842.16
0,0.00,0,-841.86
0,0.00,0,-841.70
0,0.00,0,-841.86
0,0.00,0,-842.16
0,0.00,0,-842.47
0,0.00,0,-842.77
0,0.00,0,-843.53
0,0.00,0,-843.99
0,0.00,0,-843.84
0,0.00,0,-843.53
0,0.00,0,-843.38
0,0.00,0,-842.92
0,0.00,0,-842.47
0,0.00,0,-842.16
0,0.00,0,-842.01
0,0.00,0,-841.70
0,0.00,0,-841.86
0,0.00,0,-842.01
0,0.00,0,-842.31
0,0.00,0,-842.77
0,0.00,0,-843.23
0,0.00,0,-843.53
0,0.00,0,-843.38
0,0.00,0,-843.38
0,0.00,0,-843.38
0,0.00,0,-843.23
0,0.00,0,-842.92
0,0.00,0,-842.77
0,0.00,0,-842.31
0,0.00,0,-841.86
0,0.00,0,-842.01
0,0.00,0,-841.70
0,0.00,0,-842.16
0,0.00,0,-842.47
0,0.00,0,-842.77
0,0.00,0,-843.07
0,0.00,0,-843.38
0,0.00,0,-843.84
0,0.00,0,-843.53
0,0.00,0,-843.53
0,0.00,0,-842.77
0,0.00,0,-842.92
0,0.00,0,-842.31
0,0.00,0,-842.01
0,0.00,0,-841.70
0,0.00,0,-841.70
0,0.00,0,-842.31
0,0.00,0,-842.16
0,0.00,0,-842.92
0,0.00,0,-842.77
0,0.00,0,-843.23
0,0.00,0,-843.23
0,0.00,0,-843.23
0,0.00,0,-843.38
0,0.00,0,-843.07
0,0.00,0,-843.23
0,0.00,0,-842.31
0,0.00,0,-842.47
0,0.00,0,-841.86
0,0.00,0,-842.01
0,0.00,0,-842.16
0,0.00,0,-842.16
0,0.00,0,-842.77
0,0.00,0,-842.47
0,0.00,0,-843.23
0,0.00,0,-842.92
0,0.00,0,-843.38
0,0.00,0,-843.53
0,0.00,0,-843.38
0,0.00,0,-843.07
0,0.00,0,-842.47
0,0.00,0,-842.47
0,0.00,0,-841.86
0,0.00,0,-842.01
0,0.00,0,-841.70
0,0.00,0,-842.16
0,0.00,0,-842.47
0,0.00,0,-842.62
0,0.00,0,-843.07
0,0.00,0,-843.07
0,0.00,0,-843.53
0,0.00,0,-843.53
0,0.00,0,-843.53
0,0.00,0,-843.07
0,0.00,0,-842.92
0,0.00,0,-842.47
0,0.00,0,-842.16
0,0.00,0,-842.31
0,0.00,0,-842.01
0,0.00,0,-842.47
0,0.00,0,-842.31
0,0.00,0,-842.77
0,0.00,0,-842.77
0,0.00,0,-843.07
0,0.00,0,-843.23
0,0.00,0,-843.23
0,0.00,0,-843.38
0,0.00,0,-843.23
0,0.00,0,-843.23
0,0.00,0,-842.92
0,0.00,0,-842.77
0,0.00,0,-842.16
0,0.00,0,-842.01
0,0.00,0,-841.86
0,0.00,0,-842.01
0,0.00,0,-842.31
0,0.00,0,-842.77
0,0.00,0,-843.23
0,0.00,0,-843.23
0,0.00,0,-843.38
0,0.00,0,-843.07
0,0.00,0,-843.23
0,0.00,0,-842.92
0,0.00,0,-842.92
0,0.00,0,-842.62
0,0.00,0,-842.47
0,0.00,0,-842.01
0,0.00,0,-842.01
0,0.00,0,-842.16
0,0.00,0,-842.31
0,0.00,0,-842.62
0,0.00,0,-842.92
0,0.00,0,-843.53
0,0.00,0,-843.38
0,0.00,0,-843.38
0,0.00,0,-843.23
0,0.00,0,-843.07
0,0.00,0,-842.92
0,0.00,0,-842.16
0,0.00,0,-842.47
0,0.00,0,-842.31
0,0.00,0,-842.47
0,0.00,0,-841.86
0,0.00,0,-842.01
0,0.00,0,-842.62
0,0.00,0,-842.47
0,0.00,0,-843.07
0,0.00,0,-843.07
0,0.00,0,-843.99
0,0.00,0,-843.68
0,0.00,0,-843.53
0,0.00,0,-843.07
0,0.00,0,-842.62
0,0.00,0,-842.31
0,0.00,0,-841.70
0,0.00,0,-842.31
0,0.00,0,-841.86
0,0.00,0,-842.31
0,0.00,0,-842.01
0,0.00,0,-842.62
0,0.00,0,-843.07
0,0.00,0,-842.92
0,0.00,0,-843.38
0,0.00,0,-843.07
0,0.00,0,-843.68
0,0.00,0,-843.07
0,0.00,0,-843.07
0,0.00,0,-842.77
0,0.00,0,-842.16
0,0.00,0,-842.01
0,0.00,0,-841.55
0,0.00,0,-842.16
0,0.00,0,-841.70
0,0.00,0,-842.47
0,0.00,0,-842.31
0,0.00,0,-843.23
0,0.00,0,-843.38
0,0.00,0,-843.53
0,0.00,0,-843.68
0,0.00,0,-843.07
0,0.00,0,-843.38
0,0.00,0,-842.62
0,0.00,0,-842.77
0,0.00,0,-841.86
0,0.00,0,-842.01
0,0.00,0,-841.86
0,0.00,0,-841.86
0,0.00,0,-842.47
0,0.00,0,-842.47
0,0.00,0,-843.23
0,0.00,0,-842.92
0,0.00,0,-843.99
0,0.00,0,-843.84
0,0.00,0,-843.68
0,0.00,0,-843.23
0,0.00,0,-842.77
0,0.00,0,-842.92
0,0.00,0,-841.55
0,0.00,0,-842.16
0,0.00,0,-841.70
0,0.00,0,-842.31
0,0.00,0,-841.86
0,0.00,0,-842.31
0,0.00,0,-842.92
0,0.00,0,-842.77
0,0.00,0,-843.53
0,0.00,0,-843.07
0,0.00,0,-843.84
0,0.00,0,-843.07
0,0.00,0,-842.92
0,0.00,0,-842.31
0,0.00,0,-842.16
0,0.00,0,-841.86
0,0.00,0,-841.40
0,0.00,0,-841.86
0,0.00,0,-841.86
0,0.00,0,-842.62
0,0.00,0,-842.62
0,0.00,0,-843.38
0,0.00,0,-843.53
0,0.00,0,-843.53
0,0.00,0,-843.38
0,0.00,0,-843.23
0,0.00,0,-843.53
0,0.00,0,-842.77
0,0.00,0,-842.62
0,0.00,0,-842.01
0,0.00,0,-841.86
0,0.00,0,-841.86
0,0.00,0,-842.01
0,0.00,0,-842.31
0,0.00,0,-842.31
0,0.00,0,-843.07
0,0.00,0,-843.07
0,0.00,0,-843.68
0,0.00,0,-843.53
0,0.00,0,-843.53
0,0.00,0,-843.23
0,0.00,0,-842.92
0,0.00,0,-842.62
0,0.00,0,-842.01
0,0.00,0,-842.16
0,0.00,0,-841.55
0,0.00,0,-841.86
0,0.00,0,-841.70
0,0.00,0,-842.16
0,0.00,0,-842.47
0,0.00,0,-843.07
0,0.00,0,-843.84
0,0.00,0,-843.53
0,0.00,0,-843.84
0,0.00,0,-843.38
0,0.00,0,-843.38
0,0.00,0,-842.77
0,0.00,0,-842.47
0,0.00,0,-842.16
0,0.00,0,-841.86
0,0.00,0,-841.86
0,0.00,0,-841.70
0,0.00,0,-842.31
0,0.00,0,-842.31
0,0.00,0,-843.23
0,0.00,0,-843.23
0,0.00,0,-843.23
0,0.00,0,-843.53
0,0.00,0,-843.23
0,0.00,0,-843.23
0,0.00,0,-842.62
0,0.00,0,-842.77
0,0.00,0,-842.01
0,0.00,0,-842.16
0,0.00,0,-841.86
0,0.00,0,-841.86
0,0.00,0,-842.31
0,0.00,0,-842.47
0,0.00,0,-843.23
0,0.00,0,-842.92
0,0.00,0,-843.84
0,0.00,0,-843.53
0,0.00,0,-843.99
0,0.00,0,-843.38
0,0.00,0,-842.92
0,0.00,0,-842.92
0,0.00,0,-842.16
0,0.00,0,-842.47
0,0.00,0,-841.70
0,0.00,0,-841.86
0,0.00,0,-841.55
0,0.00,0,-842.31
0,0.00,0,-842.77
0,0.00,0,-843.07
0,0.00,0,-843.68
0,0.00,0,-843.53
0,0.00,0,-844.14
0,0.00,0,-843.23
0,0.00,0,-843.38
0,0.00,0,-842.92
0,0.00,0,-842.31
0,0.00,0,-842.16
0,0.00,0,-841.40
0,0.00,0,-841.86
0,0.00,0,-841.55
