0,0.00,0,-806.39
0,0.00,0,-805.78
0,0.00,0,-804.87
0,0.00,0,-805.02
0,0.00,0,-805.02
0,0.00,0,-805.78
0,0.00,0,-806.39
0,0.00,0,-807.46
0,0.00,0,-807.91
0,0.00,0,-808.07
0,0.00,0,-807.61
0,0.00,0,-807.15
0,0.00,0,-806.70
0,0.00,0,-805.78
0,0.00,0,-805.48
0,0.00,0,-804.87
0,0.00,0,-805.33
0,0.00,0,-805.63
0,0.00,0,-807.00
0,0.00,0,-807.61
0,0.00,0,-808.22
0,0.00,0,-808.37
0,0.00,0,-808.22
0,0.00,0,-807.91
0,0.00,0,-806.54
0,0.00,0,-805.63
0,0.00,0,-804.87
0,0.00,0,-804.87
0,0.00,0,-805.17
0,0.00,0,-805.94
0,0.00,0,-806.70
0,0.00,0,-807.15
0,0.00,0,-807.61
0,0.00,0,-808.22
0,0.00,0,-808.37
0,0.00,0,-807.76
0,0.00,0,-806.85
0,0.00,0,-805.63
0,0.00,0,-805.17
0,0.00,0,-804.87
0,0.00,0,-805.02
0,0.00,0,-805.48
0,0.00,0,-806.54
0,0.00,0,-807.31
0,0.00,0,-808.07
0,0.00,0,-808.68
0,0.00,0,-808.37
0,0.00,0,-807.46
0,0.00,0,-806.54
0,0.00,0,-805.78
0,0.00,0,-804.87
0,0.00,0,-804.72
0,0.00,0,-804.87
0,0.00,0,-805.78
0,0.00,0,-805.94
0,0.00,0,-807.31
0,0.00,0,-808.22
0,0.00,0,-808.98
0,0.00,0,-808.83
0,0.00,0,-808.37
0,0.00,0,-806.85
0,0.00,0,-805.48
0,0.00,0,-805.17
0,0.00,0,-804.41
0,0.00,0,-804.72
0,0.00,0,-804.72
0,0.00,0,-806.24
0,0.00,0,-807.31
0,0.00,0,-808.52
0,0.00,0,-808.83
0,0.00,0,-808.52
0,0.00,0,-808.07
0,0.00,0,-806.85
0,0.00,0,-805.78
0,0.00,0,-804.57
0,0.00,0,-804.41
0,0.00,0,-804.26
0,0.00,0,-804.87
0,0.00,0,-806.24
0,0.00,0,-807.46
0,0.00,0,-808.37
0,0.00,0,-808.83
0,0.00,0,-808.68
0,0.00,0,-807.76
0,0.00,0,-806.70
0,0.00,0,-805.33
0,0.00,0,-804.72
0,0.00,0,-804.41
0,0.00,0,-804.87
0,0.00,0,-805.02
0,0.00,0,-806.39
0,0.00,0,-807.31
0,0.00,0,-808.22
0,0.00,0,-808.68
0,0.00,0,-808.52
0,0.00,0,-808.22
0,0.00,0,-806.85
0,0.00,0,-806.24
0,0.00,0,-805.02
0,0.00,0,-804.41
0,0.00,0,-804.11
0,0.00,0,-805.17
0,0.00,0,-806.24
0,0.00,0,-807.91
0,0.00,0,-808.83
0,0.00,0,-809.28
0,0.00,0,-808.52
0,0.00,0,-807.31
0,0.00,0,-806.54
0,0.00,0,-805.63
0,0.00,0,-804.87
0,0.00,0,-803.81
0,0.00,0,-804.57
0,0.00,0,-805.48
0,0.00,0,-806.39
0,0.00,0,-807.61
0,0.00,0,-808.52
0,0.00,0,-809.13
0,0.00,0,-808.68
0,0.00,0,-808.07
0,0.00,0,-806.39
0,0.00,0,-806.09
0,0.00,0,-805.02
0,0.00,0,-804.72
0,0.00,0,-804.87
0,0.00,0,-805.48
0,0.00,0,-805.94
0,0.00,0,-807.00
0,0.00,0,-808.22
0,0.00,0,-808.37
0,0.00,0,-807.91
0,0.00,0,-807.46
0,0.00,0,-807.15
0,0.00,0,-805.78
0,0.00,0,-805.63
0,0.00,0,-804.57
0,0.00,0,-804.57
0,0.00,0,-805.17
0,0.00,0,-806.54
0,0.00,0,-807.31
0,0.00,0,-807.91
0,0.00,0,-808.37
0,0.00,0,-808.22
0,0.00,0,-808.07
0,0.00,0,-806.54
0,0.00,0,-806.24
0,0.00,0,-804.87
0,0.00,0,-804.41
0,0.00,0,-804.72
0,0.00,0,-805.17
0,0.00,0,-806.09
0,0.00,0,-807.15
0,0.00,0,-808.07
0,0.00,0,-808.22
0,0.00,0,-808.52
0,0.00,0,-807.76
0,0.00,0,-807.31
0,0.00,0,-806.24
0,0.00,0,-805.17
0,0.00,0,-804.41
0,0.00,0,-804.26
0,0.00,0,-805.02
0,0.00,0,-805.48
0,0.00,0,-807.00
0,0.00,0,-807.61
0,0.00,0,-808.83
0,0.00,0,-808.98
0,0.00,0,-808.52
0,0.00,0,-807.00
0,0.00,0,-805.94
0,0.00,0,-805.33
0,0.00,0,-804.57
0,0.00,0,-804.72
0,0.00,0,-805.02
0,0.00,0,-805.78
0,0.00,0,-806.85
0,0.00,0,-808.22
0,0.00,0,-808.52
0,0.00,0,-808.68
0,0.00,0,-807.91
0,0.00,0,-807.31
0,0.00,0,-806.70
0,0.00,0,-805.33
0,0.00,0,-804.11
0,0.00,0,-803.96
0,0.00,0,-804.57
0,0.00,0,-805.78
0,0.00,0,-807.31
0,0.00,0,-808.37
0,0.00,0,-808.98
0,0.00,0,-808.83
0,0.00,0,-808.52
0,0.00,0,-807.61
0,0.00,0,-806.24
0,0.00,0,-805.48
0,0.00,0,-805.02
0,0.00,0,-804.26
0,0.00,0,-804.26
0,0.00,0,-805.48
0,0.00,0,-807.00
0,0.00,0,-808.37
0,0.00,0,-808.98
0,0.00,0,-809.28
0,0.00,0,-808.37
0,0.00,0,-807.31
0,0.00,0,-806.09
0,0.00,0,-804.87
0,0.00,0,-804.26
0,0.00,0,-804.57
0,0.00,0,-805.02
0,0.00,0,-805.48
0,0.00,0,-806.70
0,0.00,0,-808.37
0,0.00,0,-808.98
0,0.00,0,-808.52
0,0.00,0,-807.76
0,0.00,0,-806.85
0,0.00,0,-805.94
0,0.00,0,-805.02
0,0.00,0,-804.72
0,0.00,0,-804.57
0,0.00,0,-805.02
0,0.00,0,-805.63
0,0.00,0,-806.85
0,0.00,0,-807.91
0,0.00,0,-808.68
0,0.00,0,-808.37
0,0.00,0,-807.91
0,0.00,0,-807.46
0,0.00,0,-806.09
0,0.00,0,-805.17
0,0.00,0,-804.72
0,0.00,0,-804.57
0,0.00,0,-804.57
0,0.00,0,-805.63
0,0.00,0,-806.54
0,0.00,0,-807.76
0,0.00,0,-808.68
0,0.00,0,-808.68
0,0.00,0,-808.22
0,0.00,0,-807.61
0,0.00,0,-806.85
0,0.00,0,-805.78
0,0.00,0,-805.02
0,0.00,0,-804.57
0,0.00,0,-804.87
0,0.00,0,-805.94
0,0.00,0,-807.15
0,0.00,0,-808.07
0,0.00,0,-808.52
0,0.00,0,-808.52
0,0.00,0,-808.52
0,0.00,0,-807.61
0,0.00,0,-806.54
0,0.00,0,-805.48
0,0.00,0,-804.87
0,0.00,0,-804.72
0,0.00,0,-804.87
0,0.00,0,-805.63
0,0.00,0,-806.24
0,0.00,0,-807.31
0,0.00,0,-808.22
0,0.00,0,-808.83
0,0.00,0,-808.22
0,0.00,0,-807.76
0,0.00,0,-806.70
0,0.00,0,-805.48
0,0.00,0,-804.72
0,0.00,0,-804.57
0,0.00,0,-804.87
0,0.00,0,-805.48
0,0.00,0,-806.39
0,0.00,0,-807.46
0,0.00,0,-808.52
0,0.00,0,-809.28
0,0.00,0,-808.52
0,0.00,0,-807.61
0,0.00,0,-806.54
0,0.00,0,-805.78
0,0.00,0,-805.33
0,0.00,0,-804.87
0,0.00,0,-804.41
0,0.00,0,-805.48
0,0.00,0,-806.39
0,0.00,0,-807.15
0,0.00,0,-808.22
0,0.00,0,-808.37
0,0.00,0,-808.22
0,0.00,0,-807.46
0,0.00,0,-807.15
0,0.00,0,-806.24
0,0.00,0,-805.33
0,0.00,0,-804.57
0,0.00,0,-804.57
0,0.00,0,-805.17
0,0.00,0,-806.54
0,0.00,0,-807.76
0,0.00,0,-808.52
0,0.00,0,-808.68
0,0.00,0,-808.37
0,0.00,0,-807.76
0,0.00,0,-807.00
0,0.00,0,-806.39
0,0.00,0,-805.17
0,0.00,0,-804.57
0,0.00,0,-804.57
0,0.00,0,-805.48
0,0.00,0,-806.39
0,0.00,0,-807.00
0,0.00,0,-807.76
0,0.00,0,-808.07
0,0.00,0,-808.37
0,0.00,0,-808.37
0,0.00,0,-807.00
0,0.00,0,-805.94
0,0.00,0,-805.33
0,0.00,0,-804.72
0,0.00,0,-804.72
0,0.00,0,-804.87
0,0.00,0,-806.09
0,0.00,0,-807.31
0,0.00,0,-807.76
0,0.00,0,-808.37
0,0.00,0,-808.22
0,0.00,0,-808.37
0,0.00,0,-807.15
0,0.00,0,-806.09
0,0.00,0,-804.87
0,0.00,0,-804.41
0,0.00,0,-804.57
0,0.00,0,-804.72
0,0.00,0,-806.09
0,0.00,0,-807.15
0,0.00,0,-808.52
0,0.00,0,-808.52
0,0.00,0,-808.52
0,0.00,0,-807.61
0,0.00,0,-807.15
0,0.00,0,-805.94
0,0.00,0,-805.17
0,0.00,0,-804.72
0,0.00,0,-804.72
0,0.00,0,-805.17
0,0.00,0,-805.94
0,0.00,0,-807.31
0,0.00,0,-808.07
0,0.00,0,-808.83
0,0.00,0,-808.07
0,0.00,0,-807.91
0,0.00,0,-807.15
0,0.00,0,-806.09
0,0.00,0,-804.87
0,0.00,0,-804.57
0,0.00,0,-804.72
0,0.00,0,-805.63
0,0.00,0,-806.09
0,0.00,0,-806.85
0,0.00,0,-807.76
0,0.00,0,-808.37
0,0.00,0,-808.68
0,0.00,0,-807.91
0,0.00,0,-807.46
0,0.00,0,-806.24
0,0.00,0,-805.63
0,0.00,0,-805.02
0,0.00,0,-804.72
0,0.00,0,-805.17
0,0.00,0,-805.78
0,0.00,0,-807.15
0,0.00,0,-807.91
0,0.00,0,-808.83
0,0.00,0,-808.52
0,0.00,0,-808.07
0,0.00,0,-807.15
0,0.00,0,-806.09
0,0.00,0,-805.33
0,0.00,0,-804.41
0,0.00,0,-804.26
0,0.00,0,-804.87
0,0.00,0,-805.94
0,0.00,0,-806.54
0,0.00,0,-807.76
0,0.00,0,-808.68
0,0.00,0,-808.68
0,0.00,0,-808.22
0,0.00,0,-806.85
0,0.00,0,-806.24
0,0.00,0,-805.78
0,0.00,0,-805.17
0,0.00,0,-804.57
0,0.00,0,-804.72
0,0.00,0,-805.48
0,0.00,0,-806.70
0,0.00,0,-807.91
0,0.00,0,-808.22
0,0.00,0,-808.37
0,0.00,0,-807.91
0,0.00,0,-807.61
0,0.00,0,-806.39
0,0.00,0,-805.33
0,0.00,0,-804.41
0,0.00,0,-804.11
0,0.00,0,-805.02
0,0.00,0,-806.09
0,0.00,0,-807.31
0,0.00,0,-808.22
0,0.00,0,-808.37
0,0.00,0,-808.37
0,0.00,0,-808.37
0,0.00,0,-807.46
0,0.00,0,-806.39
0,0.00,0,-805.33
0,0.00,0,-804.87
0,0.00,0,-804.41
0,0.00,0,-805.02
0,0.00,0,-805.63
0,0.00,0,-807.00
0,0.00,0,-807.76
0,0.00,0,-808.37
0,0.00,0,-808.52
0,0.00,0,-807.91
0,0.00,0,-807.46
0,0.00,0,-806.39
0,0.00,0,-805.63
0,0.00,0,-804.87
0,0.00,0,-805.17
0,0.00,0,-805.17
0,0.00,0,-806.09
0,0.00,0,-806.70
0,0.00,0,-808.07
0,0.00,0,-808.22
0,0.00,0,-807.76
0,0.00,0,-807.31
0,0.00,0,-806.85
0,0.00,0,-806.54
0,0.00,0,-805.48
0,0.00,0,-805.02
0,0.00,0,-804.57
0,0.00,0,-804.87
0,0.00,0,-805.48
0,0.00,0,-807.00
0,0.00,0,-807.91
0,0.00,0,-808.07
0,0.00,0,-807.91
0,0.00,0,-807.61
0,0.00,0,-807.31
0,0.00,0,-806.85
0,0.00,0,-806.24
0,0.00,0,-804.57
0,0.00,0,-804.57
0,0.00,0,-805.17
0,0.00,0,-806.39
0,0.00,0,-807.31
0,0.00,0,-807.91
0,0.00,0,-807.91
0,0.00,0,-808.37
0,0.00,0,-808.22
0,0.00,0,-807.46
0,0.00,0,-807.00
0,0.00,0,-805.33
0,0.00,0,-804.41
0,0.00,0,-803.96
0,0.00,0,-805.02
0,0.00,0,-806.09
0,0.00,0,-807.31
0,0.00,0,-807.46
0,0.00,0,-807.61
0,0.00,0,-808.52
0,0.00,0,-808.52
0,0.00,0,-807.91
0,0.00,0,-806.54
0,0.00,0,-805.48
0,0.00,0,-804.26
0,0.00,0,-804.41
0,0.00,0,-805.02
0,0.00,0,-805.78
0,0.00,0,-806.54
0,0.00,0,-807.61
0,0.00,0,-808.52
0,0.00,0,-808.68
0,0.00,0,-808.22
0,0.00,0,-807.15
0,0.00,0,-807.00
0,0.00,0,-805.78
0,0.00,0,-805.17
0,0.00,0,-804.72
0,0.00,0,-805.33
0,0.00,0,-805.48
0,0.00,0,-806.70
0,0.00,0,-808.07
0,0.00,0,-808.68
0,0.00,0,-808.83
0,0.00,0,-808.52
0,0.00,0,-808.07
0,0.00,0,-806.70
0,0.00,0,-805.63
0,0.00,0,-804.87
0,0.00,0,-804.72
0,0.00,0,-804.87
0,0.00,0,-805.94
