0,0.00,0,-435.16
0,0.00,0,-435.16
0,0.00,0,-434.86
0,0.00,0,-434.40
0,0.00,0,-433.94
0,0.00,0,-433.79
0,0.00,0,-433.64
0,0.00,0,-433.49
0,0.00,0,-433.49
0,0.00,0,-433.94
0,0.00,0,-434.55
0,0.00,0,-434.70
0,0.00,0,-435.16
0,0.00,0,-435.31
0,0.00,0,-435.62
0,0.00,0,-435.46
0,0.00,0,-435.01
0,0.00,0,-434.55
0,0.00,0,-434.09
0,0.00,0,-433.79
0,0.00,0,-433.49
0,0.00,0,-433.49
0,0.00,0,-433.79
0,0.00,0,-433.94
0,0.00,0,-434.40
0,0.00,0,-434.55
0,0.00,0,-435.01
0,0.00,0,-435.31
0,0.00,0,-435.46
0,0.00,0,-435.46
0,0.00,0,-435.01
0,0.00,0,-434.55
0,0.00,0,-433.94
0,0.00,0,-433.79
0,0.00,0,-433.64
0,0.00,0,-433.79
0,0.00,0,-433.94
0,0.00,0,-433.94
0,0.00,0,-434.09
0,0.00,0,-434.40
0,0.00,0,-434.86
0,0.00,0,-435.31
0,0.00,0,-435.31
0,0.00,0,-435.31
0,0.00,0,-435.01
0,0.00,0,-434.86
0,0.00,0,-434.40
0,0.00,0,-434.09
0,0.00,0,-433.79
0,0.00,0,-433.49
0,0.00,0,-433.49
0,0.00,0,-433.64
0,0.00,0,-434.25
0,0.00,0,-434.70
0,0.00,0,-435.01
0,0.00,0,-435.31
0,0.00,0,-435.31
0,0.00,0,-435.31
0,0.00,0,-435.01
0,0.00,0,-435.01
0,0.00,0,-434.55
0,0.00,0,-434.09
0,0.00,0,-433.64
0,0.00,0,-433.49
0,0.00,0,-433.33
0,0.00,0,-433.64
0,0.00,0,-434.09
0,0.00,0,-434.55
0,0.00,0,-434.86
0,0.00,0,-435.01
0,0.00,0,-435.01
0,0.00,0,-435.16
0,0.00,0,-435.31
0,0.00,0,-435.16
0,0.00,0,-434.70
0,0.00,0,-434.25
0,0.00,0,-433.64
0,0.00,0,-433.64
0,0.00,0,-433.49
0,0.00,0,-433.49
0,0.00,0,-433.64
0,0.00,0,-434.25
0,0.00,0,-434.86
0,0.00,0,-435.31
0,0.00,0,-435.62
0,0.00,0,-435.46
0,0.00,0,-435.16
0,0.00,0,-434.86
0,0.00,0,-434.40
0,0.00,0,-434.25
0,0.00,0,-433.94
0,0.00,0,-433.79
0,0.00,0,-433.64
0,0.00,0,-433.49
0,0.00,0,-433.79
0,0.00,0,-434.25
0,0.00,0,-434.70
0,0.00,0,-435.16
0,0.00,0,-435.62
0,0.00,0,-435.46
0,0.00,0,-435.31
0,0.00,0,-435.16
0,0.00,0,-435.01
0,0.00,0,-434.40
0,0.00,0,-433.79
0,0.00,0,-433.49
0,0.00,0,-433.18
0,0.00,0,-433.33
0,0.00,0,-433.94
0,0.00,0,-434.40
0,0.00,0,-434.70
0,0.00,0,-434.86
0,0.00,0,-435.16
0,0.00,0,-435.16
0,0.00,0,-435.31
0,0.00,0,-435.16
0,0.00,0,-434.70
0,0.00,0,-434.40
0,0.00,0,-433.94
0,0.00,0,-433.94
0,0.00,0,-433.79
0,0.00,0,-433.64
0,0.00,0,-433.64
0,0.00,0,-433.64
0,0.00,0,-434.25
0,0.00,0,-435.01
0,0.00,0,-435.62
0,0.00,0,-435.92
0,0.00,0,-435.77
0,0.00,0,-435.31
0,0.00,0,-434.86
0,0.00,0,-434.55
0,0.00,0,-434.09
0,0.00,0,-434.09
0,0.00,0,-433.79
0,0.00,0,-433.64
0,0.00,0,-433.64
0,0.00,0,-433.94
0,0.00,0,-434.25
0,0.00,0,-434.55
0,0.00,0,-435.01
0,0.00,0,-435.31
0,0.00,0,-435.31
0,0.00,0,-435.46
0,0.00,0,-435.46
0,0.00,0,-435.01
0,0.00,0,-434.40
0,0.00,0,-433.79
0,0.00,0,-433.49
0,0.00,0,-433.33
0,0.00,0,-433.33
0,0.00,0,-433.49
0,0.00,0,-433.94
0,0.00,0,-434.40
0,0.00,0,-435.16
0,0.00,0,-435.62
0,0.00,0,-435.77
0,0.00,0,-435.62
0,0.00,0,-435.16
0,0.00,0,-434.55
0,0.00,0,-434.09
0,0.00,0,-433.94
0,0.00,0,-433.49
0,0.00,0,-433.49
0,0.00,0,-433.64
0,0.00,0,-433.94
0,0.00,0,-434.09
0,0.00,0,-434.40
0,0.00,0,-434.86
0,0.00,0,-435.16
0,0.00,0,-435.62
0,0.00,0,-435.46
0,0.00,0,-435.31
0,0.00,0,-434.86
0,0.00,0,-434.40
0,0.00,0,-434.09
0,0.00,0,-433.64
0,0.00,0,-433.64
0,0.00,0,-433.49
0,0.00,0,-433.79
0,0.00,0,-434.25
0,0.00,0,-434.25
0,0.00,0,-434.55
0,0.00,0,-434.86
0,0.00,0,-435.01
0,0.00,0,-435.31
0,0.00,0,-435.31
0,0.00,0,-435.01
0,0.00,0,-434.70
0,0.00,0,-434.40
0,0.00,0,-433.94
0,0.00,0,-433.64
0,0.00,0,-433.33
0,0.00,0,-433.64
0,0.00,0,-434.09
0,0.00,0,-434.55
0,0.00,0,-435.16
0,0.00,0,-435.46
0,0.00,0,-435.46
0,0.00,0,-435.16
0,0.00,0,-435.16
0,0.00,0,-434.86
0,0.00,0,-434.70
0,0.00,0,-434.40
0,0.00,0,-433.94
0,0.00,0,-433.64
0,0.00,0,-433.49
0,0.00,0,-433.64
0,0.00,0,-433.94
0,0.00,0,-434.25
0,0.00,0,-434.55
0,0.00,0,-434.86
0,0.00,0,-435.31
0,0.00,0,-435.46
0,0.00,0,-435.62
0,0.00,0,-435.46
0,0.00,0,-435.16
0,0.00,0,-434.40
0,0.00,0,-433.94
0,0.00,0,-433.49
0,0.00,0,-433.18
0,0.00,0,-433.33
0,0.00,0,-433.79
0,0.00,0,-434.25
0,0.00,0,-434.70
0,0.00,0,-435.01
0,0.00,0,-435.46
0,0.00,0,-435.46
0,0.00,0,-435.16
0,0.00,0,-435.16
0,0.00,0,-435.01
0,0.00,0,-434.70
0,0.00,0,-434.25
0,0.00,0,-433.64
0,0.00,0,-433.33
0,0.00,0,-433.49
0,0.00,0,-433.79
0,0.00,0,-434.25
0,0.00,0,-434.55
0,0.00,0,-434.86
0,0.00,0,-435.31
0,0.00,0,-435.46
0,0.00,0,-435.46
0,0.00,0,-435.16
0,0.00,0,-434.86
0,0.00,0,-434.70
0,0.00,0,-434.25
0,0.00,0,-433.79
0,0.00,0,-433.49
0,0.00,0,-433.49
0,0.00,0,-433.79
0,0.00,0,-434.09
0,0.00,0,-434.40
0,0.00,0,-434.70
0,0.00,0,-435.16
0,0.00,0,-435.46
0,0.00,0,-435.31
0,0.00,0,-435.01
0,0.00,0,-434.86
0,0.00,0,-434.40
0,0.00,0,-434.09
0,0.00,0,-433.94
0,0.00,0,-433.64
0,0.00,0,-433.49
0,0.00,0,-433.79
0,0.00,0,-434.09
0,0.00,0,-434.40
0,0.00,0,-434.70
0,0.00,0,-435.16
0,0.00,0,-435.16
0,0.00,0,-435.16
0,0.00,0,-435.01
0,0.00,0,-434.86
0,0.00,0,-434.70
0,0.00,0,-434.25
0,0.00,0,-433.94
0,0.00,0,-433.79
0,0.00,0,-433.94
0,0.00,0,-433.79
0,0.00,0,-434.25
0,0.00,0,-434.40
0,0.00,0,-434.55
0,0.00,0,-435.16
0,0.00,0,-435.16
0,0.00,0,-435.16
0,0.00,0,-435.01
0,0.00,0,-434.86
0,0.00,0,-434.55
0,0.00,0,-433.94
0,0.00,0,-433.64
0,0.00,0,-433.64
0,0.00,0,-433.79
0,0.00,0,-434.09
0,0.00,0,-434.25
0,0.00,0,-434.55
0,0.00,0,-434.70
0,0.00,0,-435.16
0,0.00,0,-435.31
0,0.00,0,-435.16
0,0.00,0,-435.16
0,0.00,0,-434.86
0,0.00,0,-434.40
0,0.00,0,-434.25
0,0.00,0,-433.79
0,0.00,0,-433.49
0,0.00,0,-433.49
0,0.00,0,-433.64
0,0.00,0,-434.09
0,0.00,0,-434.70
0,0.00,0,-435.01
0,0.00,0,-435.46
0,0.00,0,-435.46
0,0.00,0,-435.46
0,0.00,0,-435.16
0,0.00,0,-434.70
0,0.00,0,-434.40
0,0.00,0,-433.94
0,0.00,0,-433.33
0,0.00,0,-433.33
0,0.00,0,-433.49
0,0.00,0,-433.64
0,0.00,0,-434.25
0,0.00,0,-434.70
0,0.00,0,-434.86
0,0.00,0,-435.31
0,0.00,0,-435.46
0,0.00,0,-435.31
0,0.00,0,-435.01
0,0.00,0,-434.86
0,0.00,0,-434.55
0,0.00,0,-433.94
0,0.00,0,-433.64
0,0.00,0,-433.64
0,0.00,0,-433.64
0,0.00,0,-433.64
0,0.00,0,-434.25
0,0.00,0,-434.55
0,0.00,0,-434.86
0,0.00,0,-435.31
0,0.00,0,-435.46
0,0.00,0,-435.62
0,0.00,0,-435.46
0,0.00,0,-435.01
0,0.00,0,-434.86
0,0.00,0,-434.40
0,0.00,0,-433.79
0,0.00,0,-433.49
0,0.00,0,-433.49
0,0.00,0,-433.64
0,0.00,0,-433.94
0,0.00,0,-434.09
0,0.00,0,-434.55
0,0.00,0,-434.86
0,0.00,0,-435.16
0,0.00,0,-435.46
0,0.00,0,-435.62
0,0.00,0,-435.31
0,0.00,0,-435.16
0,0.00,0,-434.55
0,0.00,0,-434.09
0,0.00,0,-433.79
0,0.00,0,-433.64
0,0.00,0,-433.49
0,0.00,0,-433.79
0,0.00,0,-433.94
0,0.00,0,-434.09
0,0.00,0,-434.70
0,0.00,0,-435.16
0,0.00,0,-435.62
0,0.00,0,-435.62
0,0.00,0,-435.46
0,0.00,0,-435.01
0,0.00,0,-434.55
0,0.00,0,-434.25
0,0.00,0,-433.79
0,0.00,0,-433.49
0,0.00,0,-433.33
0,0.00,0,-433.64
0,0.00,0,-434.25
0,0.00,0,-434.55
0,0.00,0,-434.86
0,0.00,0,-435.16
0,0.00,0,-435.31
0,0.00,0,-435.16
0,0.00,0,-435.01
0,0.00,0,-434.70
0,0.00,0,-434.55
0,0.00,0,-434.25
0,0.00,0,-433.94
0,0.00,0,-433.64
0,0.00,0,-433.49
0,0.00,0,-433.79
0,0.00,0,-434.09
0,0.00,0,-434.55
0,0.00,0,-435.01
0,0.00,0,-435.31
0,0.00,0,-435.31
0,0.00,0,-435.16
0,0.00,0,-435.16
0,0.00,0,-434.86
0,0.00,0,-434.55
0,0.00,0,-434.25
0,0.00,0,-433.94
0,0.00,0,-433.79
0,0.00,0,-433.79
0,0.00,0,-433.94
0,0.00,0,-434.25
0,0.00,0,-434.55
0,0.00,0,-434.86
0,0.00,0,-435.16
0,0.00,0,-435.31
0,0.00,0,-435.16
0,0.00,0,-435.01
0,0.00,0,-434.70
0,0.00,0,-434.40
0,0.00,0,-433.94
0,0.00,0,-433.79
0,0.00,0,-433.79
0,0.00,0,-433.79
0,0.00,0,-433.94
0,0.00,0,-433.94
0,0.00,0,-434.40
0,0.00,0,-434.86
0,0.00,0,-435.16
0,0.00,0,-435.31
0,0.00,0,-435.31
0,0.00,0,-435.16
0,0.00,0,-434.70
0,0.00,0,-434.25
0,0.00,0,-434.25
0,0.00,0,-434.09
0,0.00,0,-433.94
0,0.00,0,-433.79
0,0.00,0,-433.94
0,0.00,0,-434.09
0,0.00,0,-434.09
0,0.00,0,-434.55
0,0.00,0,-435.01
0,0.00,0,-435.31
0,0.00,0,-435.31
0,0.00,0,-435.31
0,0.00,0,-435.01
0,0.00,0,-434.40
0,0.00,0,-433.94
0,0.00,0,-433.94
0,0.00,0,-433.94
0,0.00,0,-433.94
0,0.00,0,-434.09
0,0.00,0,-434.25
0,0.00,0,-434.40
0,0.00,0,-434.40
0,0.00,0,-434.86
0,0.00,0,-435.16
0,0.00,0,-435.16
0,0.00,0,-435.01
0,0.00,0,-434.70
0,0.00,0,-434.40
0,0.00,0,-434.25
0,0.00,0,-434.25
0,0.00,0,-434.09
0,0.00,0,-433.79
0,0.00,0,-433.94
0,0.00,0,-434.09
0,0.00,0,-434.25
0,0.00,0,-434.55
0,0.00,0,-434.86
0,0.00,0,-434.86
0,0.00,0,-435.16
0,0.00,0,-435.31
0,0.00,0,-435.16
0,0.00,0,-434.86
0,0.00,0,-434.40
0,0.00,0,-434.09
0,0.00,0,-433.94
0,0.00,0,-433.49
0,0.00,0,-433.49
0,0.00,0,-433.79
0,0.00,0,-434.25
0,0.00,0,-434.70
0,0.00,0,-435.01
0,0.00,0,-435.16
0,0.00,0,-435.31
0,0.00,0,-435.16
0,0.00,0,-434.86
0,0.00,0,-434.40
0,0.00,0,-434.40
0,0.00,0,-434.25
0,0.00,0,-434.09
0,0.00,0,-433.79
0,0.00,0,-433.94
0,0.00,0,-434.25
0,0.00,0,-434.25
0,0.00,0,-434.55
0,0.00,0,-434.86
0,0.00,0,-435.16
0,0.00,0,-435.16
0,0.00,0,-435.01
0,0.00,0,-434.55
0,0.00,0,-434.55
0,0.00,0,-434.55
