0,0.00,0,-849.77
0,0.00,0,-849.92
0,0.00,0,-850.08
0,0.00,0,-849.62
0,0.00,0,-849.62
0,0.00,0,-849.32
0,0.00,0,-850.08
0,0.00,0,-849.77
0,0.00,0,-850.23
0,0.00,0,-849.92
0,0.00,0,-849.92
0,0.00,0,-850.68
0,0.00,0,-850.23
0,0.00,0,-849.92
0,0.00,0,-849.16
0,0.00,0,-850.08
0,0.00,0,-849.62
0,0.00,0,-850.23
0,0.00,0,-849.62
0,0.00,0,-849.62
0,0.00,0,-850.08
0,0.00,0,-849.92
0,0.00,0,-850.68
0,0.00,0,-849.77
0,0.00,0,-850.68
0,0.00,0,-849.92
0,0.00,0,-850.53
0,0.00,0,-849.92
0,0.00,0,-849.92
0,0.00,0,-849.62
0,0.00,0,-849.16
0,0.00,0,-849.77
0,0.00,0,-849.32
0,0.00,0,-850.08
0,0.00,0,-849.62
0,0.00,0,-850.23
0,0.00,0,-849.77
0,0.00,0,-850.53
0,0.00,0,-850.08
0,0.00,0,-849.92
0,0.00,0,-850.08
0,0.00,0,-849.62
0,0.00,0,-850.38
0,0.00,0,-849.47
0,0.00,0,-850.08
0,0.00,0,-849.32
0,0.00,0,-849.77
0,0.00,0,-849.47
0,0.00,0,-849.92
0,0.00,0,-850.38
0,0.00,0,-849.92
0,0.00,0,-850.38
0,0.00,0,-849.62
0,0.00,0,-850.38
0,0.00,0,-849.62
0,0.00,0,-850.38
0,0.00,0,-849.77
0,0.00,0,-849.62
0,0.00,0,-849.47
0,0.00,0,-849.47
0,0.00,0,-849.77
0,0.00,0,-849.62
0,0.00,0,-850.38
0,0.00,0,-849.62
0,0.00,0,-850.38
0,0.00,0,-849.92
0,0.00,0,-850.68
0,0.00,0,-849.92
0,0.00,0,-850.08
0,0.00,0,-849.77
0,0.00,0,-849.62
0,0.00,0,-849.92
0,0.00,0,-849.47
0,0.00,0,-849.92
0,0.00,0,-849.47
0,0.00,0,-849.92
0,0.00,0,-849.62
0,0.00,0,-850.08
0,0.00,0,-849.92
0,0.00,0,-849.77
0,0.00,0,-850.23
0,0.00,0,-849.77
0,0.00,0,-850.08
0,0.00,0,-849.77
0,0.00,0,-850.23
0,0.00,0,-849.16
0,0.00,0,-849.62
0,0.00,0,-849.77
0,0.00,0,-849.77
0,0.00,0,-849.77
0,0.00,0,-849.77
0,0.00,0,-850.08
0,0.00,0,-850.08
0,0.00,0,-850.08
0,0.00,0,-849.92
0,0.00,0,-850.08
0,0.00,0,-850.08
0,0.00,0,-849.77
0,0.00,0,-849.92
0,0.00,0,-849.77
0,0.00,0,-849.62
0,0.00,0,-849.47
0,0.00,0,-849.62
0,0.00,0,-849.92
0,0.00,0,-850.23
0,0.00,0,-850.08
0,0.00,0,-850.08
0,0.00,0,-850.08
0,0.00,0,-850.23
0,0.00,0,-850.08
0,0.00,0,-849.92
0,0.00,0,-849.62
0,0.00,0,-849.62
0,0.00,0,-849.32
0,0.00,0,-849.32
0,0.00,0,-849.32
0,0.00,0,-849.77
0,0.00,0,-849.92
0,0.00,0,-850.38
0,0.00,0,-849.92
0,0.00,0,-850.23
0,0.00,0,-850.53
0,0.00,0,-850.38
0,0.00,0,-850.23
0,0.00,0,-849.92
0,0.00,0,-849.92
0,0.00,0,-849.47
0,0.00,0,-849.47
0,0.00,0,-849.32
0,0.00,0,-849.32
0,0.00,0,-849.92
0,0.00,0,-849.77
0,0.00,0,-850.08
0,0.00,0,-849.62
0,0.00,0,-849.92
0,0.00,0,-849.47
0,0.00,0,-850.23
0,0.00,0,-849.92
0,0.00,0,-850.08
0,0.00,0,-850.53
0,0.00,0,-849.62
0,0.00,0,-849.62
0,0.00,0,-849.16
0,0.00,0,-849.77
0,0.00,0,-849.62
0,0.00,0,-850.08
0,0.00,0,-849.62
0,0.00,0,-850.23
0,0.00,0,-849.77
0,0.00,0,-849.77
0,0.00,0,-850.23
0,0.00,0,-850.53
0,0.00,0,-850.38
0,0.00,0,-849.92
0,0.00,0,-849.77
0,0.00,0,-849.62
0,0.00,0,-850.08
0,0.00,0,-849.47
0,0.00,0,-849.77
0,0.00,0,-849.77
0,0.00,0,-850.08
0,0.00,0,-850.08
0,0.00,0,-850.08
0,0.00,0,-850.23
0,0.00,0,-849.92
0,0.00,0,-850.38
0,0.00,0,-849.77
0,0.00,0,-849.92
0,0.00,0,-849.62
0,0.00,0,-849.77
0,0.00,0,-849.32
0,0.00,0,-849.16
0,0.00,0,-849.01
0,0.00,0,-849.32
0,0.00,0,-849.62
0,0.00,0,-849.32
0,0.00,0,-849.62
0,0.00,0,-849.77
0,0.00,0,-850.68
0,0.00,0,-850.53
0,0.00,0,-850.38
0,0.00,0,-849.77
0,0.00,0,-849.62
0,0.00,0,-849.77
0,0.00,0,-849.32
0,0.00,0,-849.32
0,0.00,0,-848.86
0,0.00,0,-849.47
0,0.00,0,-849.47
0,0.00,0,-849.62
0,0.00,0,-849.92
0,0.00,0,-850.23
0,0.00,0,-850.99
0,0.00,0,-850.84
0,0.00,0,-850.68
0,0.00,0,-850.38
0,0.00,0,-850.23
0,0.00,0,-849.77
0,0.00,0,-849.16
0,0.00,0,-848.86
0,0.00,0,-849.32
0,0.00,0,-849.01
0,0.00,0,-849.32
0,0.00,0,-849.47
0,0.00,0,-850.08
0,0.00,0,-850.08
0,0.00,0,-850.08
0,0.00,0,-850.08
0,0.00,0,-850.08
0,0.00,0,-850.53
0,0.00,0,-850.08
0,0.00,0,-849.92
0,0.00,0,-849.16
0,0.00,0,-849.47
0,0.00,0,-849.47
0,0.00,0,-849.77
0,0.00,0,-849.47
0,0.00,0,-849.47
0,0.00,0,-849.62
0,0.00,0,-849.77
0,0.00,0,-850.53
0,0.00,0,-850.23
0,0.00,0,-850.38
0,0.00,0,-849.92
0,0.00,0,-849.92
0,0.00,0,-849.77
0,0.00,0,-849.77
0,0.00,0,-849.62
0,0.00,0,-849.47
0,0.00,0,-849.32
0,0.00,0,-849.01
0,0.00,0,-850.08
0,0.00,0,-849.92
0,0.00,0,-850.53
0,0.00,0,-849.77
0,0.00,0,-849.77
0,0.00,0,-850.08
0,0.00,0,-850.38
0,0.00,0,-850.23
0,0.00,0,-849.01
0,0.00,0,-849.62
0,0.00,0,-849.32
0,0.00,0,-849.62
0,0.00,0,-849.16
0,0.00,0,-849.92
0,0.00,0,-850.38
0,0.00,0,-849.32
0,0.00,0,-849.92
0,0.00,0,-849.92
0,0.00,0,-850.68
0,0.00,0,-849.92
0,0.00,0,-849.77
0,0.00,0,-849.16
0,0.00,0,-849.16
0,0.00,0,-849.16
0,0.00,0,-848.86
0,0.00,0,-849.77
0,0.00,0,-849.47
0,0.00,0,-849.92
0,0.00,0,-849.32
0,0.00,0,-849.77
0,0.00,0,-850.08
0,0.00,0,-850.08
0,0.00,0,-850.38
0,0.00,0,-849.62
0,0.00,0,-849.77
0,0.00,0,-849.77
0,0.00,0,-850.53
0,0.00,0,-849.47
0,0.00,0,-849.01
0,0.00,0,-848.71
0,0.00,0,-849.47
0,0.00,0,-850.23
0,0.00,0,-849.92
0,0.00,0,-849.62
0,0.00,0,-849.92
0,0.00,0,-850.53
0,0.00,0,-849.62
0,0.00,0,-849.32
0,0.00,0,-849.62
0,0.00,0,-850.38
0,0.00,0,-849.92
0,0.00,0,-849.01
0,0.00,0,-848.86
0,0.00,0,-849.32
0,0.00,0,-850.08
0,0.00,0,-849.77
0,0.00,0,-849.47
0,0.00,0,-849.77
0,0.00,0,-850.53
0,0.00,0,-850.38
0,0.00,0,-850.23
0,0.00,0,-849.77
0,0.00,0,-849.77
0,0.00,0,-849.62
0,0.00,0,-849.92
0,0.00,0,-849.62
0,0.00,0,-849.01
0,0.00,0,-849.16
0,0.00,0,-849.32
0,0.00,0,-849.47
0,0.00,0,-849.77
0,0.00,0,-849.92
0,0.00,0,-850.08
0,0.00,0,-850.08
0,0.00,0,-850.38
0,0.00,0,-850.38
0,0.00,0,-850.53
0,0.00,0,-849.92
0,0.00,0,-849.47
0,0.00,0,-849.16
0,0.00,0,-849.47
0,0.00,0,-849.62
0,0.00,0,-848.71
0,0.00,0,-848.86
0,0.00,0,-849.47
0,0.00,0,-850.99
0,0.00,0,-850.23
0,0.00,0,-850.08
0,0.00,0,-850.23
0,0.00,0,-850.68
0,0.00,0,-850.38
0,0.00,0,-850.08
0,0.00,0,-849.77
0,0.00,0,-849.16
0,0.00,0,-849.16
0,0.00,0,-849.01
0,0.00,0,-849.01
0,0.00,0,-849.62
0,0.00,0,-849.92
0,0.00,0,-849.77
0,0.00,0,-849.77
0,0.00,0,-850.08
0,0.00,0,-850.53
0,0.00,0,-850.23
0,0.00,0,-849.62
0,0.00,0,-849.32
0,0.00,0,-849.62
0,0.00,0,-849.62
0,0.00,0,-848.86
0,0.00,0,-849.47
0,0.00,0,-849.32
0,0.00,0,-849.77
0,0.00,0,-850.08
0,0.00,0,-849.92
0,0.00,0,-849.92
0,0.00,0,-850.23
0,0.00,0,-850.08
0,0.00,0,-850.08
0,0.00,0,-849.92
0,0.00,0,-849.47
0,0.00,0,-849.77
0,0.00,0,-849.16
0,0.00,0,-849.01
0,0.00,0,-848.71
0,0.00,0,-849.62
0,0.00,0,-849.62
0,0.00,0,-849.62
0,0.00,0,-849.47
0,0.00,0,-849.77
0,0.00,0,-850.68
0,0.00,0,-850.38
0,0.00,0,-849.92
0,0.00,0,-849.32
0,0.00,0,-850.08
0,0.00,0,-850.08
0,0.00,0,-849.77
0,0.00,0,-848.71
0,0.00,0,-849.01
0,0.00,0,-849.47
0,0.00,0,-849.92
0,0.00,0,-850.08
0,0.00,0,-849.77
0,0.00,0,-850.08
0,0.00,0,-850.08
0,0.00,0,-850.08
0,0.00,0,-850.38
0,0.00,0,-850.23
0,0.00,0,-849.77
0,0.00,0,-849.32
0,0.00,0,-849.77
0,0.00,0,-849.62
0,0.00,0,-849.92
0,0.00,0,-849.62
0,0.00,0,-849.01
0,0.00,0,-849.32
0,0.00,0,-850.23
0,0.00,0,-850.38
0,0.00,0,-850.38
0,0.00,0,-849.92
0,0.00,0,-850.08
0,0.00,0,-850.23
0,0.00,0,-850.08
0,0.00,0,-849.62
0,0.00,0,-849.16
0,0.00,0,-849.62
0,0.00,0,-849.32
0,0.00,0,-849.47
0,0.00,0,-849.16
0,0.00,0,-849.92
0,0.00,0,-850.08
0,0.00,0,-850.08
0,0.00,0,-849.92
0,0.00,0,-850.38
0,0.00,0,-850.53
0,0.00,0,-849.92
0,0.00,0,-849.62
0,0.00,0,-849.32
0,0.00,0,-850.38
0,0.00,0,-849.16
0,0.00,0,-849.16
0,0.00,0,-848.71
0,0.00,0,-849.77
0,0.00,0,-850.38
0,0.00,0,-850.38
0,0.00,0,-850.08
0,0.00,0,-849.32
0,0.00,0,-850.38
0,0.00,0,-849.47
0,0.00,0,-850.99
0,0.00,0,-849.16
0,0.00,0,-849.77
0,0.00,0,-849.16
0,0.00,0,-849.77
0,0.00,0,-849.77
0,0.00,0,-849.32
0,0.00,0,-850.08
0,0.00,0,-849.16
0,0.00,0,-850.38
0,0.00,0,-848.86
0,0.00,0,-850.23
0,0.00,0,-849.77
0,0.00,0,-850.08
0,0.00,0,-849.32
0,0.00,0,-849.32
0,0.00,0,-850.38
0,0.00,0,-849.47
0,0.00,0,-850.08
0,0.00,0,-848.86
0,0.00,0,-850.23
0,0.00,0,-849.47
0,0.00,0,-850.08
0,0.00,0,-849.62
0,0.00,0,-849.77
0,0.00,0,-850.23
0,0.00,0,-849.62
0,0.00,0,-850.08
0,0.00,0,-849.16
0,0.00,0,-850.68
0,0.00,0,-849.32
0,0.00,0,-849.92
0,0.00,0,-849.16
0,0.00,0,-849.62
0,0.00,0,-849.62
0,0.00,0,-849.92
0,0.00,0,-850.23
0,0.00,0,-849.32
0,0.00,0,-850.38
0,0.00,0,-849.16
0,0.00,0,-850.68
0,0.00,0,-849.62
0,0.00,0,-850.38
0,0.00,0,-849.62
0,0.00,0,-849.77
0,0.00,0,-850.23
0,0.00,0,-850.08
0,0.00,0,-850.38
0,0.00,0,-849.62
0,0.00,0,-849.92
0,0.00,0,-849.01
0,0.00,0,-850.08
0,0.00,0,-849.47
0,0.00,0,-850.38
0,0.00,0,-849.62
0,0.00,0,-849.77
0,0.00,0,-850.23
0,0.00,0,-849.62
0,0.00,0,-850.08
0,0.00,0,-849.77
0,0.00,0,-850.23
0,0.00,0,-849.62
0,0.00,0,-850.23
0,0.00,0,-849.32
0,0.00,0,-850.23
0,0.00,0,-849.77
0,0.00,0,-849.92
0,0.00,0,-849.62
0,0.00,0,-849.62
0,0.00,0,-850.23
0,0.00,0,-849.77
0,0.00,0,-850.08
0,0.00,0,-849.16
0,0.00,0,-850.23
0,0.00,0,-849.32
0,0.00,0,-849.62
0,0.00,0,-849.16
0,0.00,0,-849.77
0,0.00,0,-849.62
0,0.00,0,-849.62
0,0.00,0,-849.92
0,0.00,0,-849.32
0,0.00,0,-850.23
0,0.00,0,-849.77
0,0.00,0,-850.23
0,0.00,0,-849.32
0,0.00,0,-849.62
0,0.00,0,-849.47
0,0.00,0,-849.62
0,0.00,0,-849.62
0,0.00,0,-849.16
0,0.00,0,-849.92
0,0.00,0,-849.16
0,0.00,0,-849.92
0,0.00,0,-849.32
0,0.00,0,-850.68
0,0.00,0,-849.77
0,0.00,0,-850.08
0,0.00,0,-849.62
0,0.00,0,-849.62
0,0.00,0,-850.08
0,0.00,0,-849.62
0,0.00,0,-849.92
0,0.00,0,-848.71
0,0.00,0,-849.47
0,0.00,0,-849.32
0,0.00,0,-849.92
0,0.00,0,-849.32
0,0.00,0,-849.77
0,0.00,0,-849.77
0,0.00,0,-849.77
0,0.00,0,-849.92
0,0.00,0,-849.77
0,0.00,0,-850.08
0,0.00,0,-849.47
0,0.00,0,-849.77
0,0.00,0,-849.16
0,0.00,0,-849.77
0,0.00,0,-849.62
0,0.00,0,-849.92
0,0.00,0,-849.47
0,0.00,0,-849.47
0,0.00,0,-849.92
0,0.00,0,-850.08
0,0.00,0,-850.53
0,0.00,0,-849.92
0,0.00,0,-850.38
0,0.00,0,-849.62
0,0.00,0,-850.08
0,0.00,0,-849.62
0,0.00,0,-849.92
0,0.00,0,-849.16
0,0.00,0,-849.62
0,0.00,0,-849.62
0,0.00,0,-849.47
0,0.00,0,-850.08
0,0.00,0,-849.77
0,0.00,0,-850.23
0,0.00,0,-849.62
0,0.00,0,-850.08
0,0.00,0,-849.62
0,0.00,0,-849.92
0,0.00,0,-849.62
0,0.00,0,-849.92
0,0.00,0,-849.92
0,0.00,0,-849.77
0,0.00,0,-849.62
0,0.00,0,-849.01
0,0.00,0,-849.77
0,0.00,0,-849.47
0,0.00,0,-850.38
0,0.00,0,-849.92
0,0.00,0,-850.08
0,0.00,0,-850.38
0,0.00,0,-850.08
0,0.00,0,-850.23
0,0.00,0,-849.62
0,0.00,0,-850.08
0,0.00,0,-849.62
0,0.00,0,-849.92
0,0.00,0,-849.32
0,0.00,0,-849.47
0,0.00,0,-849.47
0,0.00,0,-849.62
0,0.00,0,-849.47
0,0.00,0,-849.62
0,0.00,0,-850.23
0,0.00,0,-849.62
0,0.00,0,-850.23
0,0.00,0,-849.47
0,0.00,0,-849.92
0,0.00,0,-849.62
0,0.00,0,-849.62
0,0.00,0,-849.47
0,0.00,0,-849.32
0,0.00,0,-849.47
0,0.00,0,-849.32
0,0.00,0,-850.08
0,0.00,0,-849.62
0,0.00,0,-850.08
0,0.00,0,-849.77
0,0.00,0,-849.92
0,0.00,0,-849.62
0,0.00,0,-849.77
0,0.00,0,-850.08
0,0.00,0,-849.92
0,0.00,0,-849.77
0,0.00,0,-849.47
0,0.00,0,-849.77
0,0.00,0,-849.32
0,0.00,0,-849.77
0,0.00,0,-849.77
0,0.00,0,-849.77
0,0.00,0,-850.23
0,0.00,0,-850.23
0,0.00,0,-850.08
0,0.00,0,-849.92
0,0.00,0,-849.92
0,0.00,0,-849.92
0,0.00,0,-849.92
0,0.00,0,-849.47
0,0.00,0,-849.62
0,0.00,0,-849.77
0,0.00,0,-849.77
0,0.00,0,-849.62
0,0.00,0,-849.62
0,0.00,0,-849.32
0,0.00,0,-849.62
0,0.00,0,-849.47
0,0.00,0,-849.62
0,0.00,0,-849.32
0,0.00,0,-849.62
0,0.00,0,-849.77
0,0.00,0,-849.62
0,0.00,0,-849.77
0,0.00,0,-849.32
0,0.00,0,-849.62
0,0.00,0,-849.47
0,0.00,0,-849.62
0,0.00,0,-849.62
0,0.00,0,-850.08
0,0.00,0,-849.62
0,0.00,0,-849.47
0,0.00,0,-849.77
0,0.00,0,-849.92
0,0.00,0,-850.23
0,0.00,0,-849.62
0,0.00,0,-850.08
0,0.00,0,-849.47
0,0.00,0,-849.92
0,0.00,0,-849.62
0,0.00,0,-849.77
0,0.00,0,-850.08
0,0.00,0,-849.62
0,0.00,0,-850.08
0,0.00,0,-849.47
0,0.00,0,-849.92
0,0.00,0,-849.32
0,0.00,0,-850.23
0,0.00,0,-849.62
0,0.00,0,-849.47
0,0.00,0,-849.62
0,0.00,0,-849.62
0,0.00,0,-849.92
0,0.00,0,-848.86
0,0.00,0,-849.77
0,0.00,0,-848.86
0,0.00,0,-849.92
0,0.00,0,-849.47
0,0.00,0,-850.08
0,0.00,0,-850.23
0,0.00,0,-850.08
0,0.00,0,-850.23
0,0.00,0,-849.47
0,0.00,0,-850.38
0,0.00,0,-849.47
0,0.00,0,-849.92
0,0.00,0,-849.01
0,0.00,0,-850.08
0,0.00,0,-849.62
0,0.00,0,-849.62
0,0.00,0,-849.92
0,0.00,0,-849.77
0,0.00,0,-850.84
0,0.00,0,-849.77
0,0.00,0,-850.99
0,0.00,0,-849.62
0,0.00,0,-850.38
0,0.00,0,-849.47
0,0.00,0,-850.08
0,0.00,0,-849.47
0,0.00,0,-849.16
0,0.00,0,-849.47
0,0.00,0,-849.32
0,0.00,0,-850.23
0,0.00,0,-849.47
0,0.00,0,-850.23
0,0.00,0,-849.47
0,0.00,0,-850.53
0,0.00,0,-850.23
0,0.00,0,-850.38
0,0.00,0,-850.08
0,0.00,0,-849.77
0,0.00,0,-850.08
0,0.00,0,-849.16
0,0.00,0,-850.08
0,0.00,0,-848.71
0,0.00,0,-849.92
0,0.00,0,-848.71
0,0.00,0,-850.08
0,0.00,0,-850.23
0,0.00,0,-850.08
0,0.00,0,-850.23
0,0.00,0,-849.62
0,0.00,0,-850.38
0,0.00,0,-849.47
0,0.00,0,-850.23
0,0.00,0,-848.86
0,0.00,0,-850.38
0,0.00,0,-849.32
0,0.00,0,-850.08
0,0.00,0,-849.62
0,0.00,0,-849.47
0,0.00,0,-850.08
0,0.00,0,-849.92
0,0.00,0,-850.84
0,0.00,0,-849.01
0,0.00,0,-850.23
0,0.00,0,-849.16
0,0.00,0,-850.53
0,0.00,0,-849.77
0,0.00,0,-849.92
0,0.00,0,-849.77
0,0.00,0,-849.77
0,0.00,0,-849.77
0,0.00,0,-848.86
0,0.00,0,-850.53
0,0.00,0,-849.16
0,0.00,0,-850.84
0,0.00,0,-848.55
0,0.00,0,-850.53
0,0.00,0,-849.16
0,0.00,0,-850.84
0,0.00,0,-849.32
0,0.00,0,-849.32
0,0.00,0,-849.92
0,0.00,0,-848.86
0,0.00,0,-849.77
0,0.00,0,-848.71
0,0.00,0,-851.75
0,0.00,0,-849.47
0,0.00,0,-850.84
0,0.00,0,-849.47
0,0.00,0,-850.38
0,0.00,0,-849.77
0,0.00,0,-849.01
0,0.00,0,-850.38
0,0.00,0,-848.40
0,0.00,0,-849.01
0,0.00,0,-847.49
0,0.00,0,-850.84
0,0.00,0,-849.77
0,0.00,0,-850.38
0,0.00,0,-848.40
0,0.00,0,-850.23
0,0.00,0,-850.84
0,0.00,0,-850.23
0,0.00,0,-851.45
0,0.00,0,-849.77
0,0.00,0,-850.84
0,0.00,0,-847.03
0,0.00,0,-849.32
0,0.00,0,-849.16
0,0.00,0,-849.92
0,0.00,0,-848.25
0,0.00,0,-847.79
0,0.00,0,-850.53
0,0.00,0,-849.16
0,0.00,0,-851.90
0,0.00,0,-850.23
0,0.00,0,-852.51
0,0.00,0,-849.32
0,0.00,0,-850.08
0,0.00,0,-850.08
0,0.00,0,-850.53
0,0.00,0,-849.92
0,0.00,0,-846.88
0,0.00,0,-849.32
0,0.00,0,-848.55
0,0.00,0,-851.14
0,0.00,0,-847.79
0,0.00,0,-849.92
0,0.00,0,-849.47
0,0.00,0,-850.53
0,0.00,0,-850.38
0,0.00,0,-850.08
0,0.00,0,-851.75
0,0.00,0,-849.32
0,0.00,0,-850.08
0,0.00,0,-847.64
0,0.00,0,-850.08
0,0.00,0,-848.25
0,0.00,0,-850.08
0,0.00,0,-849.01
0,0.00,0,-849.47
0,0.00,0,-849.77
0,0.00,0,-849.47
0,0.00,0,-851.75
0,0.00,0,-849.16
0,0.00,0,-850.99
0,0.00,0,-849.01
0,0.00,0,-851.45
0,0.00,0,-849.47
0,0.00,0,-849.16
0,0.00,0,-849.32
0,0.00,0,-849.32
0,0.00,0,-850.08
0,0.00,0,-847.64
0,0.00,0,-850.08
0,0.00,0,-848.86
0,0.00,0,-851.75
0,0.00,0,-850.08
0,0.00,0,-850.84
0,0.00,0,-850.23
0,0.00,0,-850.99
0,0.00,0,-850.53
0,0.00,0,-849.16
0,0.00,0,-849.77
0,0.00,0,-848.10
0,0.00,0,-850.08
0,0.00,0,-848.25
0,0.00,0,-850.23
0,0.00,0,-848.40
0,0.00,0,-849.92
0,0.00,0,-849.77
0,0.00,0,-850.38
0,0.00,0,-850.84
0,0.00,0,-850.23
0,0.00,0,-852.36
0,0.00,0,-849.47
0,0.00,0,-850.23
0,0.00,0,-847.95
0,0.00,0,-850.08
0,0.00,0,-849.16
0,0.00,0,-849.77
0,0.00,0,-848.86
0,0.00,0,-848.40
0,0.00,0,-850.99
0,0.00,0,-849.77
0,0.00,0,-851.45
0,0.00,0,-848.86
0,0.00,0,-851.45
0,0.00,0,-850.68
0,0.00,0,-850.23
0,0.00,0,-850.08
0,0.00,0,-848.71
0,0.00,0,-850.23
0,0.00,0,-847.03
0,0.00,0,-850.38
0,0.00,0,-848.25
0,0.00,0,-850.38
0,0.00,0,-847.49
0,0.00,0,-850.68
0,0.00,0,-851.29
0,0.00,0,-850.53
0,0.00,0,-849.32
0,0.00,0,-849.62
0,0.00,0,-852.82
0,0.00,0,-849.32
0,0.00,0,-849.77
0,0.00,0,-847.95
0,0.00,0,-850.84
0,0.00,0,-847.79
0,0.00,0,-848.25
0,0.00,0,-849.77
0,0.00,0,-850.38
0,0.00,0,-849.92
0,0.00,0,-847.79
0,0.00,0,-851.90
0,0.00,0,-850.99
0,0.00,0,-851.45
0,0.00,0,-848.10
0,0.00,0,-850.68
0,0.00,0,-850.23
0,0.00,0,-849.01
0,0.00,0,-848.86
0,0.00,0,-849.32
0,0.00,0,-850.53
0,0.00,0,-847.18
0,0.00,0,-848.55
0,0.00,0,-849.47
0,0.00,0,-852.05
0,0.00,0,-848.86
0,0.00,0,-850.08
0,0.00,0,-851.29
0,0.00,0,-851.14
0,0.00,0,-850.08
0,0.00,0,-848.55
0,0.00,0,-850.84
0,0.00,0,-848.10
0,0.00,0,-848.86
0,0.00,0,-848.25
0,0.00,0,-851.60
0,0.00,0,-849.62
0,0.00,0,-848.40
0,0.00,0,-849.32
0,0.00,0,-850.53
0,0.00,0,-851.75
0,0.00,0,-848.71
0,0.00,0,-850.53
0,0.00,0,-849.47
0,0.00,0,-850.53
0,0.00,0,-848.25
0,0.00,0,-849.01
0,0.00,0,-849.92
0,0.00,0,-849.16
0,0.00,0,-849.77
0,0.00,0,-847.95
0,0.00,0,-850.84
0,0.00,0,-849.01
0,0.00,0,-851.60
0,0.00,0,-850.53
0,0.00,0,-850.23
0,0.00,0,-849.77
0,0.00,0,-848.71
0,0.00,0,-852.21
0,0.00,0,-848.10
0,0.00,0,-852.36
0,0.00,0,-846.58
0,0.00,0,-850.99
0,0.00,0,-845.81
0,0.00,0,-851.90
0,0.00,0,-849.77
0,0.00,0,-851.75
0,0.00,0,-849.92
0,0.00,0,-848.40
0,0.00,0,-851.60
0,0.00,0,-848.40
0,0.00,0,-853.27
0,0.00,0,-848.86
0,0.00,0,-850.99
0,0.00,0,-847.34
0,0.00,0,-848.86
0,0.00,0,-850.38
0,0.00,0,-848.86
0,0.00,0,-851.14
0,0.00,0,-846.88
0,0.00,0,-851.45
0,0.00,0,-846.73
0,0.00,0,-853.12
0,0.00,0,-849.16
0,0.00,0,-852.66
0,0.00,0,-847.95
0,0.00,0,-849.47
0,0.00,0,-850.23
0,0.00,0,-850.38
0,0.00,0,-851.90
0,0.00,0,-846.12
0,0.00,0,-850.68
0,0.00,0,-846.27
0,0.00,0,-852.97
0,0.00,0,-847.95
0,0.00,0,-852.97
0,0.00,0,-849.16
0,0.00,0,-849.92
0,0.00,0,-849.77
0,0.00,0,-849.16
0,0.00,0,-852.97
0,0.00,0,-848.10
0,0.00,0,-852.05
0,0.00,0,-845.97
0,0.00,0,-852.05
0,0.00,0,-847.79
0,0.00,0,-851.90
0,0.00,0,-848.55
0,0.00,0,-849.16
0,0.00,0,-849.92
0,0.00,0,-848.55
0,0.00,0,-852.51
0,0.00,0,-848.55
0,0.00,0,-853.12
0,0.00,0,-847.03
0,0.00,0,-851.90
0,0.00,0,-847.95
0,0.00,0,-851.29
0,0.00,0,-849.62
0,0.00,0,-849.47
0,0.00,0,-850.08
0,0.00,0,-846.88
0,0.00,0,-852.21
0,0.00,0,-847.79
0,0.00,0,-853.12
0,0.00,0,-847.79
0,0.00,0,-852.05
0,0.00,0,-849.16
0,0.00,0,-851.45
0,0.00,0,-850.08
0,0.00,0,-849.77
0,0.00,0,-848.71
0,0.00,0,-847.64
0,0.00,0,-849.62
0,0.00,0,-850.84
0,0.00,0,-850.68
0,0.00,0,-849.16
0,0.00,0,-848.86
0,0.00,0,-847.95
0,0.00,0,-852.36
0,0.00,0,-850.68
0,0.00,0,-855.71
0,0.00,0,-846.58
0,0.00,0,-849.16
0,0.00,0,-843.84
0,0.00,0,-853.12
0,0.00,0,-851.29
0,0.00,0,-849.77
0,0.00,0,-848.40
0,0.00,0,-845.81
0,0.00,0,-851.90
0,0.00,0,-846.42
0,0.00,0,-856.62
0,0.00,0,-847.34
0,0.00,0,-854.49
0,0.00,0,-843.84
0,0.00,0,-852.36
0,0.00,0,-850.23
0,0.00,0,-851.90
0,0.00,0,-850.53
0,0.00,0,-843.53
0,0.00,0,-851.60
0,0.00,0,-843.38
0,0.00,0,-857.23
0,0.00,0,-846.12
0,0.00,0,-856.47
0,0.00,0,-842.92
0,0.00,0,-851.45
0,0.00,0,-848.25
0,0.00,0,-853.42
0,0.00,0,-853.42
0,0.00,0,-845.97
0,0.00,0,-852.97
0,0.00,0,-843.07
0,0.00,0,-855.86
0,0.00,0,-844.14
0,0.00,0,-856.16
0,0.00,0,-844.44
0,0.00,0,-850.38
0,0.00,0,-847.18
0,0.00,0,-850.84
0,0.00,0,-855.56
0,0.00,0,-846.42
0,0.00,0,-853.88
0,0.00,0,-842.77
0,0.00,0,-857.08
0,0.00,0,-844.75
0,0.00,0,-855.56
0,0.00,0,-845.51
0,0.00,0,-850.23
0,0.00,0,-848.10
0,0.00,0,-845.97
0,0.00,0,-854.19
0,0.00,0,-845.81
0,0.00,0,-857.08
0,0.00,0,-842.16
0,0.00,0,-855.56
0,0.00,0,-844.60
0,0.00,0,-855.40
0,0.00,0,-848.86
0,0.00,0,-849.77
0,0.00,0,-850.38
0,0.00,0,-844.90
0,0.00,0,-854.64
0,0.00,0,-843.99
0,0.00,0,-856.01
0,0.00,0,-842.77
0,0.00,0,-854.49
0,0.00,0,-845.51
0,0.00,0,-852.51
0,0.00,0,-850.38
0,0.00,0,-849.32
0,0.00,0,-852.66
0,0.00,0,-845.05
0,0.00,0,-854.49
0,0.00,0,-844.90
0,0.00,0,-855.25
0,0.00,0,-844.75
0,0.00,0,-852.36
0,0.00,0,-846.42
0,0.00,0,-850.38
0,0.00,0,-850.99
0,0.00,0,-848.55
0,0.00,0,-853.42
0,0.00,0,-846.73
0,0.00,0,-854.79
0,0.00,0,-845.97
0,0.00,0,-854.03
0,0.00,0,-845.97
0,0.00,0,-851.90
0,0.00,0,-847.49
0,0.00,0,-849.47
0,0.00,0,-850.23
0,0.00,0,-847.18
0,0.00,0,-852.21
0,0.00,0,-846.27
0,0.00,0,-854.34
0,0.00,0,-847.34
0,0.00,0,-854.19
0,0.00,0,-847.79
0,0.00,0,-851.14
0,0.00,0,-849.16
0,0.00,0,-849.92
0,0.00,0,-850.84
0,0.00,0,-847.34
0,0.00,0,-850.99
0,0.00,0,-846.58
0,0.00,0,-851.45
0,0.00,0,-847.34
0,0.00,0,-852.21
0,0.00,0,-848.71
0,0.00,0,-851.29
0,0.00,0,-849.32
0,0.00,0,-850.23
0,0.00,0,-851.14
0,0.00,0,-849.32
0,0.00,0,-851.75
0,0.00,0,-846.88
0,0.00,0,-851.45
0,0.00,0,-847.03
0,0.00,0,-852.05
0,0.00,0,-847.95
0,0.00,0,-850.23
0,0.00,0,-848.55
0,0.00,0,-850.08
0,0.00,0,-851.14
0,0.00,0,-849.32
0,0.00,0,-851.60
0,0.00,0,-847.95
0,0.00,0,-851.45
0,0.00,0,-847.34
0,0.00,0,-851.45
0,0.00,0,-848.10
0,0.00,0,-850.53
0,0.00,0,-848.55
0,0.00,0,-849.47
0,0.00,0,-850.38
0,0.00,0,-849.16
0,0.00,0,-851.90
0,0.00,0,-848.25
0,0.00,0,-851.60
0,0.00,0,-848.25
0,0.00,0,-852.21
0,0.00,0,-849.01
0,0.00,0,-850.53
0,0.00,0,-849.01
0,0.00,0,-848.55
0,0.00,0,-850.23
0,0.00,0,-847.64
0,0.00,0,-851.45
0,0.00,0,-847.49
0,0.00,0,-851.60
0,0.00,0,-847.79
0,0.00,0,-850.84
0,0.00,0,-849.62
0,0.00,0,-850.68
0,0.00,0,-850.68
0,0.00,0,-848.86
0,0.00,0,-850.99
0,0.00,0,-847.95
0,0.00,0,-851.45
0,0.00,0,-847.95
0,0.00,0,-851.14
0,0.00,0,-848.10
0,0.00,0,-850.38
0,0.00,0,-849.77
0,0.00,0,-849.92
0,0.00,0,-850.38
0,0.00,0,-848.55
0,0.00,0,-851.14
0,0.00,0,-848.10
0,0.00,0,-851.75
0,0.00,0,-848.86
0,0.00,0,-851.45
0,0.00,0,-848.55
0,0.00,0,-849.77
0,0.00,0,-849.32
0,0.00,0,-849.01
0,0.00,0,-850.38
0,0.00,0,-848.40
0,0.00,0,-850.99
0,0.00,0,-848.10
0,0.00,0,-850.84
0,0.00,0,-848.71
0,0.00,0,-850.84
0,0.00,0,-849.77
0,0.00,0,-849.62
0,0.00,0,-849.62
0,0.00,0,-849.01
0,0.00,0,-850.68
0,0.00,0,-848.55
0,0.00,0,-850.38
0,0.00,0,-847.95
0,0.00,0,-850.08
0,0.00,0,-849.01
0,0.00,0,-850.38
0,0.00,0,-849.77
0,0.00,0,-849.62
0,0.00,0,-849.62
0,0.00,0,-849.16
0,0.00,0,-850.84
0,0.00,0,-849.47
0,0.00,0,-850.68
0,0.00,0,-848.55
0,0.00,0,-850.38
0,0.00,0,-848.71
0,0.00,0,-850.08
0,0.00,0,-849.47
0,0.00,0,-849.77
0,0.00,0,-849.77
0,0.00,0,-848.86
0,0.00,0,-850.53
0,0.00,0,-849.77
0,0.00,0,-851.14
0,0.00,0,-849.01
0,0.00,0,-850.08
0,0.00,0,-849.16
0,0.00,0,-850.23
0,0.00,0,-849.62
0,0.00,0,-849.47
0,0.00,0,-849.47
0,0.00,0,-848.55
0,0.00,0,-849.92
0,0.00,0,-849.01
0,0.00,0,-850.53
0,0.00,0,-849.01
0,0.00,0,-850.53
0,0.00,0,-849.77
0,0.00,0,-850.53
0,0.00,0,-849.92
0,0.00,0,-850.23
0,0.00,0,-849.92
0,0.00,0,-848.71
0,0.00,0,-849.77
0,0.00,0,-848.55
0,0.00,0,-849.92
0,0.00,0,-848.55
0,0.00,0,-849.92
0,0.00,0,-849.47
0,0.00,0,-850.08
0,0.00,0,-849.92
0,0.00,0,-849.47
0,0.00,0,-850.08
0,0.00,0,-849.47
0,0.00,0,-850.38
0,0.00,0,-849.47
0,0.00,0,-850.38
0,0.00,0,-848.86
0,0.00,0,-849.77
0,0.00,0,-849.16
0,0.00,0,-850.23
0,0.00,0,-849.77
0,0.00,0,-849.47
0,0.00,0,-850.38
0,0.00,0,-849.92
0,0.00,0,-850.84
0,0.00,0,-849.47
0,0.00,0,-850.84
0,0.00,0,-849.16
0,0.00,0,-849.92
0,0.00,0,-849.62
0,0.00,0,-849.62
0,0.00,0,-849.47
0,0.00,0,-848.86
0,0.00,0,-850.23
0,0.00,0,-849.01
0,0.00,0,-850.68
0,0.00,0,-849.32
0,0.00,0,-850.99
0,0.00,0,-850.08
0,0.00,0,-850.84
0,0.00,0,-850.23
0,0.00,0,-849.92
0,0.00,0,-850.53
0,0.00,0,-849.32
0,0.00,0,-849.77
0,0.00,0,-848.86
0,0.00,0,-850.23
0,0.00,0,-849.32
0,0.00,0,-849.77
0,0.00,0,-849.62
0,0.00,0,-849.62
0,0.00,0,-850.23
0,0.00,0,-850.08
0,0.00,0,-850.99
0,0.00,0,-849.92
0,0.00,0,-850.53
0,0.00,0,-849.32
0,0.00,0,-849.92
0,0.00,0,-849.92
0,0.00,0,-849.77
0,0.00,0,-849.16
0,0.00,0,-848.86
0,0.00,0,-849.77
0,0.00,0,-849.16
0,0.00,0,-850.53
0,0.00,0,-850.53
0,0.00,0,-850.99
0,0.00,0,-849.77
0,0.00,0,-850.38
0,0.00,0,-850.53
0,0.00,0,-849.92
0,0.00,0,-849.62
0,0.00,0,-848.71
0,0.00,0,-849.01
0,0.00,0,-847.95
0,0.00,0,-849.32
0,0.00,0,-849.16
0,0.00,0,-850.08
0,0.00,0,-850.23
0,0.00,0,-850.84
0,0.00,0,-850.84
0,0.00,0,-850.38
0,0.00,0,-850.53
0,0.00,0,-849.92
0,0.00,0,-850.53
0,0.00,0,-849.47
0,0.00,0,-848.71
0,0.00,0,-848.40
0,0.00,0,-849.16
0,0.00,0,-849.32
0,0.00,0,-848.55
0,0.00,0,-849.62
0,0.00,0,-849.92
0,0.00,0,-850.68
0,0.00,0,-850.23
0,0.00,0,-851.14
0,0.00,0,-850.84
0,0.00,0,-849.92
0,0.00,0,-849.62
0,0.00,0,-849.47
0,0.00,0,-850.23
0,0.00,0,-848.86
0,0.00,0,-848.71
0,0.00,0,-848.55
0,0.00,0,-849.47
0,0.00,0,-849.32
0,0.00,0,-849.77
0,0.00,0,-850.68
0,0.00,0,-850.99
0,0.00,0,-850.84
0,0.00,0,-850.08
0,0.00,0,-850.68
0,0.00,0,-849.77
0,0.00,0,-849.62
0,0.00,0,-849.32
0,0.00,0,-849.16
0,0.00,0,-849.01
0,0.00,0,-849.01
0,0.00,0,-849.92
0,0.00,0,-849.47
0,0.00,0,-849.92
0,0.00,0,-849.92
0,0.00,0,-850.38
0,0.00,0,-850.53
0,0.00,0,-850.38
0,0.00,0,-850.38
0,0.00,0,-849.77
0,0.00,0,-850.38
0,0.00,0,-849.16
0,0.00,0,-848.86
0,0.00,0,-848.71
0,0.00,0,-849.92
0,0.00,0,-849.62
0,0.00,0,-849.62
0,0.00,0,-850.08
0,0.00,0,-850.08
0,0.00,0,-850.53
0,0.00,0,-850.23
0,0.00,0,-850.84
0,0.00,0,-850.38
0,0.00,0,-850.53
0,0.00,0,-849.77
0,0.00,0,-849.32
0,0.00,0,-849.16
0,0.00,0,-849.32
0,0.00,0,-849.16
0,0.00,0,-848.71
0,0.00,0,-849.32
0,0.00,0,-849.62
0,0.00,0,-850.53
0,0.00,0,-850.38
0,0.00,0,-850.68
0,0.00,0,-849.77
0,0.00,0,-850.23
0,0.00,0,-850.38
0,0.00,0,-849.77
0,0.00,0,-849.32
0,0.00,0,-849.01
0,0.00,0,-849.32
0,0.00,0,-849.32
0,0.00,0,-849.62
0,0.00,0,-849.47
0,0.00,0,-849.77
0,0.00,0,-849.77
0,0.00,0,-849.77
0,0.00,0,-850.08
0,0.00,0,-850.53
0,0.00,0,-850.53
0,0.00,0,-850.38
0,0.00,0,-849.92
0,0.00,0,-849.92
0,0.00,0,-849.77
0,0.00,0,-849.32
0,0.00,0,-849.01
0,0.00,0,-849.01
0,0.00,0,-849.77
0,0.00,0,-849.62
0,0.00,0,-849.62
0,0.00,0,-849.77
0,0.00,0,-850.53
0,0.00,0,-850.53
0,0.00,0,-849.92
0,0.00,0,-850.23
0,0.00,0,-849.92
0,0.00,0,-850.08
0,0.00,0,-849.32
0,0.00,0,-849.47
0,0.00,0,-848.86
0,0.00,0,-848.86
0,0.00,0,-849.01
0,0.00,0,-849.47
0,0.00,0,-850.23
0,0.00,0,-850.38
0,0.00,0,-850.53
0,0.00,0,-850.23
0,0.00,0,-850.23
0,0.00,0,-849.92
0,0.00,0,-850.08
0,0.00,0,-849.47
0,0.00,0,-849.01
0,0.00,0,-849.01
0,0.00,0,-849.01
0,0.00,0,-849.32
0,0.00,0,-849.16
0,0.00,0,-849.47
0,0.00,0,-849.77
0,0.00,0,-850.23
0,0.00,0,-850.08
0,0.00,0,-850.08
0,0.00,0,-850.23
0,0.00,0,-850.84
0,0.00,0,-849.77
0,0.00,0,-849.16
0,0.00,0,-849.16
0,0.00,0,-849.47
0,0.00,0,-849.16
0,0.00,0,-848.71
0,0.00,0,-849.01
0,0.00,0,-849.62
0,0.00,0,-850.23
0,0.00,0,-850.08
0,0.00,0,-850.23
0,0.00,0,-850.53
0,0.00,0,-850.68
0,0.00,0,-850.08
0,0.00,0,-849.92
0,0.00,0,-849.77
0,0.00,0,-849.32
0,0.00,0,-848.86
0,0.00,0,-848.71
0,0.00,0,-849.01
0,0.00,0,-849.16
0,0.00,0,-849.92
0,0.00,0,-850.23
0,0.00,0,-850.23
0,0.00,0,-850.23
0,0.00,0,-850.08
0,0.00,0,-850.53
0,0.00,0,-850.23
0,0.00,0,-850.08
0,0.00,0,-849.77
0,0.00,0,-849.92
0,0.00,0,-849.32
0,0.00,0,-848.55
0,0.00,0,-848.86
0,0.00,0,-849.32
0,0.00,0,-850.08
0,0.00,0,-849.92
0,0.00,0,-850.23
0,0.00,0,-850.53
0,0.00,0,-850.38
0,0.00,0,-850.23
0,0.00,0,-849.77
0,0.00,0,-849.77
0,0.00,0,-849.77
0,0.00,0,-849.47
0,0.00,0,-848.71
0,0.00,0,-848.86
0,0.00,0,-849.32
0,0.00,0,-849.77
0,0.00,0,-849.77
0,0.00,0,-850.08
0,0.00,0,-850.38
0,0.00,0,-850.38
0,0.00,0,-850.23
0,0.00,0,-850.23
0,0.00,0,-850.23
0,0.00,0,-849.92
0,0.00,0,-849.77
0,0.00,0,-849.47
0,0.00,0,-849.62
0,0.00,0,-849.16
0,0.00,0,-849.16
0,0.00,0,-849.16
0,0.00,0,-849.62
0,0.00,0,-850.08
0,0.00,0,-850.23
0,0.00,0,-850.38
0,0.00,0,-850.38
0,0.00,0,-850.23
0,0.00,0,-850.38
0,0.00,0,-850.23
0,0.00,0,-849.62
0,0.00,0,-849.32
0,0.00,0,-848.86
0,0.00,0,-848.86
0,0.00,0,-848.86
0,0.00,0,-849.01
0,0.00,0,-849.47
0,0.00,0,-849.92
0,0.00,0,-850.38
0,0.00,0,-850.23
0,0.00,0,-850.53
0,0.00,0,-850.53
0,0.00,0,-850.53
0,0.00,0,-850.08
0,0.00,0,-849.62
0,0.00,0,-849.16
0,0.00,0,-849.16
0,0.00,0,-849.32
0,0.00,0,-849.01
0,0.00,0,-849.16
0,0.00,0,-849.47
0,0.00,0,-849.77
0,0.00,0,-849.92
0,0.00,0,-849.92
0,0.00,0,-850.38
0,0.00,0,-850.53
0,0.00,0,-850.23
0,0.00,0,-850.23
0,0.00,0,-850.08
0,0.00,0,-850.08
0,0.00,0,-849.47
0,0.00,0,-848.71
0,0.00,0,-848.71
0,0.00,0,-849.16
0,0.00,0,-849.62
0,0.00,0,-849.47
0,0.00,0,-850.23
0,0.00,0,-850.53
0,0.00,0,-850.38
0,0.00,0,-850.53
0,0.00,0,-850.53
0,0.00,0,-850.68
0,0.00,0,-849.77
0,0.00,0,-849.47
0,0.00,0,-848.86
0,0.00,0,-849.01
0,0.00,0,-849.01
0,0.00,0,-849.16
0,0.00,0,-849.32
0,0.00,0,-849.47
0,0.00,0,-849.62
0,0.00,0,-849.77
0,0.00,0,-850.53
0,0.00,0,-850.53
0,0.00,0,-850.53
0,0.00,0,-850.23
0,0.00,0,-850.38
0,0.00,0,-849.92
0,0.00,0,-849.62
0,0.00,0,-849.47
0,0.00,0,-849.16
0,0.00,0,-849.01
0,0.00,0,-848.86
0,0.00,0,-849.92
0,0.00,0,-850.23
0,0.00,0,-850.53
0,0.00,0,-850.38
0,0.00,0,-850.53
0,0.00,0,-850.99
0,0.00,0,-850.68
0,0.00,0,-850.53
0,0.00,0,-849.47
0,0.00,0,-849.77
0,0.00,0,-849.01
0,0.00,0,-849.01
0,0.00,0,-848.71
0,0.00,0,-849.16
0,0.00,0,-849.62
0,0.00,0,-849.62
0,0.00,0,-850.08
0,0.00,0,-850.23
0,0.00,0,-850.68
0,0.00,0,-850.53
0,0.00,0,-850.84
0,0.00,0,-850.53
0,0.00,0,-850.08
0,0.00,0,-849.77
0,0.00,0,-849.47
0,0.00,0,-849.16
0,0.00,0,-848.55
0,0.00,0,-849.16
0,0.00,0,-849.01
0,0.00,0,-850.08
0,0.00,0,-850.38
0,0.00,0,-850.68
0,0.00,0,-850.38
0,0.00,0,-849.92
0,0.00,0,-849.77
0,0.00,0,-849.62
0,0.00,0,-850.68
0,0.00,0,-850.84
0,0.00,0,-850.38
0,0.00,0,-848.40
0,0.00,0,-848.10
0,0.00,0,-848.25
0,0.00,0,-849.77
0,0.00,0,-850.23
0,0.00,0,-850.68
0,0.00,0,-849.47
0,0.00,0,-849.01
0,0.00,0,-849.32
0,0.00,0,-850.68
0,0.00,0,-851.75
0,0.00,0,-850.53
0,0.00,0,-849.16
0,0.00,0,-847.64
0,0.00,0,-849.16
0,0.00,0,-850.08
0,0.00,0,-850.53
0,0.00,0,-848.86
0,0.00,0,-847.79
0,0.00,0,-848.71
0,0.00,0,-849.77
0,0.00,0,-852.05
0,0.00,0,-851.29
0,0.00,0,-851.45
0,0.00,0,-849.16
0,0.00,0,-849.32
0,0.00,0,-849.47
0,0.00,0,-850.99
0,0.00,0,-850.68
0,0.00,0,-849.01
0,0.00,0,-848.10
0,0.00,0,-847.34
0,0.00,0,-849.62
0,0.00,0,-849.92
0,0.00,0,-851.75
0,0.00,0,-849.92
0,0.00,0,-849.92
0,0.00,0,-849.47
0,0.00,0,-850.68
0,0.00,0,-850.99
0,0.00,0,-850.23
0,0.00,0,-849.62
0,0.00,0,-847.79
0,0.00,0,-849.32
0,0.00,0,-849.16
0,0.00,0,-850.68
0,0.00,0,-849.32
0,0.00,0,-849.47
0,0.00,0,-849.16
0,0.00,0,-850.23
0,0.00,0,-851.60
0,0.00,0,-851.29
0,0.00,0,-851.29
0,0.00,0,-849.32
0,0.00,0,-849.62
0,0.00,0,-848.55
0,0.00,0,-850.23
0,0.00,0,-849.92
0,0.00,0,-849.77
0,0.00,0,-848.86
0,0.00,0,-848.40
0,0.00,0,-849.92
0,0.00,0,-850.38
0,0.00,0,-851.45
0,0.00,0,-850.23
0,0.00,0,-850.38
0,0.00,0,-848.71
0,0.00,0,-849.62
0,0.00,0,-850.23
0,0.00,0,-850.38
0,0.00,0,-849.62
0,0.00,0,-848.40
0,0.00,0,-849.32
0,0.00,0,-849.47
0,0.00,0,-850.99
0,0.00,0,-849.32
0,0.00,0,-850.08
0,0.00,0,-849.62
0,0.00,0,-850.53
0,0.00,0,-850.84
0,0.00,0,-850.99
0,0.00,0,-851.29
0,0.00,0,-849.77
0,0.00,0,-849.47
0,0.00,0,-848.55
0,0.00,0,-849.92
0,0.00,0,-849.92
0,0.00,0,-850.23
0,0.00,0,-849.47
0,0.00,0,-849.01
0,0.00,0,-849.32
0,0.00,0,-850.23
0,0.00,0,-851.14
0,0.00,0,-850.23
0,0.00,0,-849.92
0,0.00,0,-849.32
0,0.00,0,-850.38
0,0.00,0,-849.92
0,0.00,0,-849.92
0,0.00,0,-849.77
0,0.00,0,-849.32
0,0.00,0,-849.16
0,0.00,0,-848.86
0,0.00,0,-849.92
0,0.00,0,-849.92
0,0.00,0,-850.08
0,0.00,0,-849.32
0,0.00,0,-849.92
0,0.00,0,-850.23
0,0.00,0,-850.08
0,0.00,0,-850.38
0,0.00,0,-850.08
0,0.00,0,-850.08
0,0.00,0,-849.47
0,0.00,0,-849.32
0,0.00,0,-849.47
0,0.00,0,-849.92
0,0.00,0,-849.62
0,0.00,0,-849.47
0,0.00,0,-849.47
0,0.00,0,-849.62
0,0.00,0,-850.08
0,0.00,0,-849.92
0,0.00,0,-850.53
0,0.00,0,-849.92
0,0.00,0,-849.92
0,0.00,0,-849.62
0,0.00,0,-849.77
0,0.00,0,-849.47
0,0.00,0,-849.32
0,0.00,0,-849.32
0,0.00,0,-849.32
0,0.00,0,-849.32
0,0.00,0,-849.16
0,0.00,0,-850.38
0,0.00,0,-849.92
0,0.00,0,-850.08
0,0.00,0,-850.08
0,0.00,0,-850.38
0,0.00,0,-850.53
0,0.00,0,-849.62
0,0.00,0,-850.08
0,0.00,0,-849.32
0,0.00,0,-850.08
0,0.00,0,-849.47
0,0.00,0,-849.77
0,0.00,0,-849.62
0,0.00,0,-849.62
0,0.00,0,-849.92
0,0.00,0,-849.92
0,0.00,0,-850.38
0,0.00,0,-849.77
0,0.00,0,-850.08
0,0.00,0,-849.47
0,0.00,0,-850.38
0,0.00,0,-849.16
0,0.00,0,-849.62
0,0.00,0,-849.47
0,0.00,0,-849.62
0,0.00,0,-849.77
0,0.00,0,-849.62
0,0.00,0,-850.53
0,0.00,0,-849.62
0,0.00,0,-850.08
0,0.00,0,-849.16
0,0.00,0,-850.68
0,0.00,0,-849.92
0,0.00,0,-850.08
0,0.00,0,-849.32
0,0.00,0,-849.47
0,0.00,0,-849.92
0,0.00,0,-849.16
0,0.00,0,-850.08
0,0.00,0,-849.16
0,0.00,0,-849.92
0,0.00,0,-848.86
0,0.00,0,-850.23
0,0.00,0,-849.92
0,0.00,0,-850.38
0,0.00,0,-850.08
0,0.00,0,-849.77
0,0.00,0,-850.23
0,0.00,0,-849.47
0,0.00,0,-850.38
0,0.00,0,-849.01
0,0.00,0,-849.77
0,0.00,0,-848.55
0,0.00,0,-849.92
0,0.00,0,-849.62
0,0.00,0,-850.23
0,0.00,0,-849.47
0,0.00,0,-849.16
0,0.00,0,-850.38
0,0.00,0,-849.77
0,0.00,0,-850.68
0,0.00,0,-849.16
0,0.00,0,-849.92
0,0.00,0,-849.16
0,0.00,0,-849.77
0,0.00,0,-849.32
0,0.00,0,-849.47
0,0.00,0,-849.62
0,0.00,0,-848.86
0,0.00,0,-849.62
0,0.00,0,-849.16
0,0.00,0,-850.99
0,0.00,0,-849.77
0,0.00,0,-850.53
0,0.00,0,-849.47
0,0.00,0,-850.53
0,0.00,0,-850.23
0,0.00,0,-849.77
0,0.00,0,-849.77
0,0.00,0,-849.01
0,0.00,0,-849.62
0,0.00,0,-848.71
0,0.00,0,-849.92
0,0.00,0,-849.01
0,0.00,0,-849.92
0,0.00,0,-849.47
0,0.00,0,-850.08
0,0.00,0,-849.92
0,0.00,0,-850.08
0,0.00,0,-850.08
0,0.00,0,-849.32
0,0.00,0,-850.08
0,0.00,0,-849.16
0,0.00,0,-849.77
0,0.00,0,-849.16
0,0.00,0,-849.92
0,0.00,0,-849.47
0,0.00,0,-850.08
0,0.00,0,-849.77
0,0.00,0,-849.62
0,0.00,0,-850.23
0,0.00,0,-849.77
0,0.00,0,-850.68
0,0.00,0,-849.62
0,0.00,0,-850.23
0,0.00,0,-849.16
0,0.00,0,-849.62
0,0.00,0,-849.62
0,0.00,0,-850.08
0,0.00,0,-849.47
0,0.00,0,-849.01
0,0.00,0,-849.62
0,0.00,0,-849.92
0,0.00,0,-850.84
0,0.00,0,-849.92
0,0.00,0,-850.38
0,0.00,0,-849.92
0,0.00,0,-850.23
0,0.00,0,-849.92
0,0.00,0,-849.77
0,0.00,0,-849.01
0,0.00,0,-848.40
0,0.00,0,-848.55
0,0.00,0,-849.92
0,0.00,0,-850.23
0,0.00,0,-850.38
0,0.00,0,-849.62
0,0.00,0,-849.92
0,0.00,0,-849.92
0,0.00,0,-851.14
0,0.00,0,-850.68
0,0.00,0,-850.08
0,0.00,0,-848.86
0,0.00,0,-848.10
0,0.00,0,-849.92
0,0.00,0,-849.92
0,0.00,0,-850.84
0,0.00,0,-849.32
0,0.00,0,-849.32
0,0.00,0,-848.86
0,0.00,0,-849.92
0,0.00,0,-851.60
0,0.00,0,-850.99
0,0.00,0,-850.23
0,0.00,0,-847.18
0,0.00,0,-848.86
0,0.00,0,-849.77
0,0.00,0,-852.82
0,0.00,0,-850.23
0,0.00,0,-848.86
0,0.00,0,-847.49
0,0.00,0,-847.79
0,0.00,0,-850.38
0,0.00,0,-850.84
0,0.00,0,-851.75
0,0.00,0,-847.49
0,0.00,0,-847.49
0,0.00,0,-848.40
0,0.00,0,-853.58
0,0.00,0,-853.27
0,0.00,0,-851.14
0,0.00,0,-848.71
0,0.00,0,-847.64
0,0.00,0,-848.71
0,0.00,0,-848.86
0,0.00,0,-852.21
0,0.00,0,-850.08
0,0.00,0,-848.55
0,0.00,0,-845.36
0,0.00,0,-848.86
0,0.00,0,-851.75
0,0.00,0,-852.36
0,0.00,0,-850.53
0,0.00,0,-849.16
0,0.00,0,-850.23
0,0.00,0,-849.01
0,0.00,0,-851.29
0,0.00,0,-851.29
0,0.00,0,-851.75
0,0.00,0,-847.49
0,0.00,0,-846.27
0,0.00,0,-847.79
0,0.00,0,-850.99
0,0.00,0,-852.05
0,0.00,0,-849.16
0,0.00,0,-849.01
0,0.00,0,-848.55
0,0.00,0,-851.14
0,0.00,0,-851.29
0,0.00,0,-852.36
0,0.00,0,-850.68
0,0.00,0,-849.32
0,0.00,0,-848.86
0,0.00,0,-849.16
0,0.00,0,-850.38
0,0.00,0,-849.47
0,0.00,0,-849.77
0,0.00,0,-848.10
0,0.00,0,-848.86
0,0.00,0,-849.32
0,0.00,0,-850.84
0,0.00,0,-851.29
0,0.00,0,-850.08
0,0.00,0,-849.01
0,0.00,0,-849.16
0,0.00,0,-851.14
0,0.00,0,-850.68
0,0.00,0,-850.08
0,0.00,0,-848.10
0,0.00,0,-848.71
0,0.00,0,-849.16
0,0.00,0,-850.08
0,0.00,0,-850.38
0,0.00,0,-849.62
0,0.00,0,-849.32
0,0.00,0,-849.16
0,0.00,0,-850.08
0,0.00,0,-850.23
0,0.00,0,-851.14
0,0.00,0,-849.92
0,0.00,0,-849.16
0,0.00,0,-848.55
0,0.00,0,-849.32
0,0.00,0,-849.77
0,0.00,0,-849.77
0,0.00,0,-849.01
0,0.00,0,-848.86
0,0.00,0,-849.77
0,0.00,0,-850.38
0,0.00,0,-850.38
0,0.00,0,-850.38
0,0.00,0,-851.14
0,0.00,0,-850.53
0,0.00,0,-849.47
0,0.00,0,-849.32
0,0.00,0,-849.77
0,0.00,0,-850.23
0,0.00,0,-849.01
0,0.00,0,-849.32
0,0.00,0,-849.62
0,0.00,0,-850.08
0,0.00,0,-849.32
0,0.00,0,-849.77
0,0.00,0,-850.38
0,0.00,0,-850.38
