0,0.00,0,-436.99
0,0.00,0,-437.14
0,0.00,0,-437.75
0,0.00,0,-438.20
0,0.00,0,-438.66
0,0.00,0,-438.81
0,0.00,0,-438.51
0,0.00,0,-438.36
0,0.00,0,-438.05
0,0.00,0,-437.60
0,0.00,0,-437.29
0,0.00,0,-436.83
0,0.00,0,-436.53
0,0.00,0,-436.68
0,0.00,0,-436.83
0,0.00,0,-437.29
0,0.00,0,-437.75
0,0.00,0,-438.05
0,0.00,0,-438.66
0,0.00,0,-438.81
0,0.00,0,-438.81
0,0.00,0,-438.51
0,0.00,0,-438.36
0,0.00,0,-437.75
0,0.00,0,-437.14
0,0.00,0,-436.83
0,0.00,0,-436.68
0,0.00,0,-436.83
0,0.00,0,-436.99
0,0.00,0,-437.29
0,0.00,0,-437.75
0,0.00,0,-438.20
0,0.00,0,-438.66
0,0.00,0,-438.96
0,0.00,0,-438.81
0,0.00,0,-438.51
0,0.00,0,-438.05
0,0.00,0,-437.44
0,0.00,0,-436.99
0,0.00,0,-436.68
0,0.00,0,-436.83
0,0.00,0,-436.83
0,0.00,0,-436.99
0,0.00,0,-437.60
0,0.00,0,-437.90
0,0.00,0,-438.05
0,0.00,0,-438.51
0,0.00,0,-438.66
0,0.00,0,-438.51
0,0.00,0,-438.36
0,0.00,0,-437.90
0,0.00,0,-437.44
0,0.00,0,-437.29
0,0.00,0,-436.83
0,0.00,0,-436.68
0,0.00,0,-436.68
0,0.00,0,-436.83
0,0.00,0,-437.60
0,0.00,0,-438.05
0,0.00,0,-438.20
0,0.00,0,-438.51
0,0.00,0,-438.66
0,0.00,0,-438.51
0,0.00,0,-438.20
0,0.00,0,-437.90
0,0.00,0,-437.29
0,0.00,0,-436.83
0,0.00,0,-436.68
0,0.00,0,-436.53
0,0.00,0,-436.68
0,0.00,0,-436.99
0,0.00,0,-437.75
0,0.00,0,-438.20
0,0.00,0,-438.36
0,0.00,0,-438.51
0,0.00,0,-438.51
0,0.00,0,-438.20
0,0.00,0,-438.05
0,0.00,0,-437.60
0,0.00,0,-436.99
0,0.00,0,-436.68
0,0.00,0,-436.53
0,0.00,0,-436.68
0,0.00,0,-437.14
0,0.00,0,-437.75
0,0.00,0,-438.05
0,0.00,0,-438.36
0,0.00,0,-438.66
0,0.00,0,-438.51
0,0.00,0,-438.51
0,0.00,0,-438.20
0,0.00,0,-437.75
0,0.00,0,-437.44
0,0.00,0,-436.99
0,0.00,0,-436.99
0,0.00,0,-436.68
0,0.00,0,-436.83
0,0.00,0,-437.14
0,0.00,0,-437.44
0,0.00,0,-437.75
0,0.00,0,-438.05
0,0.00,0,-438.51
0,0.00,0,-438.81
0,0.00,0,-438.81
0,0.00,0,-438.20
0,0.00,0,-437.60
0,0.00,0,-437.14
0,0.00,0,-437.14
0,0.00,0,-436.83
0,0.00,0,-436.83
0,0.00,0,-436.99
0,0.00,0,-437.44
0,0.00,0,-437.90
0,0.00,0,-438.05
0,0.00,0,-438.20
0,0.00,0,-438.36
0,0.00,0,-438.51
0,0.00,0,-438.36
0,0.00,0,-438.05
0,0.00,0,-437.75
0,0.00,0,-437.29
0,0.00,0,-436.83
0,0.00,0,-436.53
0,0.00,0,-436.68
0,0.00,0,-437.14
0,0.00,0,-437.60
0,0.00,0,-437.90
0,0.00,0,-438.05
0,0.00,0,-438.20
0,0.00,0,-438.51
0,0.00,0,-438.51
0,0.00,0,-438.51
0,0.00,0,-438.20
0,0.00,0,-437.75
0,0.00,0,-437.29
0,0.00,0,-436.83
0,0.00,0,-436.38
0,0.00,0,-436.68
0,0.00,0,-437.14
0,0.00,0,-437.44
0,0.00,0,-437.75
0,0.00,0,-438.20
0,0.00,0,-438.20
0,0.00,0,-438.20
0,0.00,0,-438.36
0,0.00,0,-438.20
0,0.00,0,-437.90
0,0.00,0,-437.75
0,0.00,0,-437.29
0,0.00,0,-436.68
0,0.00,0,-436.38
0,0.00,0,-436.53
0,0.00,0,-437.14
0,0.00,0,-437.60
0,0.00,0,-437.90
0,0.00,0,-438.20
0,0.00,0,-438.36
0,0.00,0,-438.36
0,0.00,0,-438.05
0,0.00,0,-437.90
0,0.00,0,-437.75
0,0.00,0,-437.44
0,0.00,0,-437.14
0,0.00,0,-437.29
0,0.00,0,-437.44
0,0.00,0,-437.14
0,0.00,0,-437.14
0,0.00,0,-437.44
0,0.00,0,-437.75
0,0.00,0,-438.20
0,0.00,0,-438.66
0,0.00,0,-438.66
0,0.00,0,-438.51
0,0.00,0,-438.20
0,0.00,0,-437.75
0,0.00,0,-437.29
0,0.00,0,-436.83
0,0.00,0,-436.83
0,0.00,0,-436.83
0,0.00,0,-436.83
0,0.00,0,-437.44
0,0.00,0,-437.60
0,0.00,0,-437.90
0,0.00,0,-438.20
0,0.00,0,-438.51
0,0.00,0,-438.66
0,0.00,0,-438.36
0,0.00,0,-438.20
0,0.00,0,-437.75
0,0.00,0,-437.29
0,0.00,0,-436.83
0,0.00,0,-436.68
0,0.00,0,-436.83
0,0.00,0,-437.14
0,0.00,0,-437.29
0,0.00,0,-437.75
0,0.00,0,-438.05
0,0.00,0,-438.20
0,0.00,0,-438.36
0,0.00,0,-438.36
0,0.00,0,-438.20
0,0.00,0,-437.90
0,0.00,0,-437.60
0,0.00,0,-437.14
0,0.00,0,-436.83
0,0.00,0,-436.83
0,0.00,0,-436.99
0,0.00,0,-437.29
0,0.00,0,-437.44
0,0.00,0,-437.60
0,0.00,0,-438.05
0,0.00,0,-438.66
0,0.00,0,-438.66
0,0.00,0,-438.36
0,0.00,0,-438.05
0,0.00,0,-437.60
0,0.00,0,-437.44
0,0.00,0,-437.44
0,0.00,0,-437.29
0,0.00,0,-437.14
0,0.00,0,-436.99
0,0.00,0,-437.29
0,0.00,0,-437.44
0,0.00,0,-437.75
0,0.00,0,-437.90
0,0.00,0,-438.05
0,0.00,0,-438.20
0,0.00,0,-438.36
0,0.00,0,-438.20
0,0.00,0,-437.90
0,0.00,0,-437.44
0,0.00,0,-437.29
0,0.00,0,-437.29
0,0.00,0,-437.14
0,0.00,0,-437.29
0,0.00,0,-437.44
0,0.00,0,-437.75
0,0.00,0,-437.90
0,0.00,0,-438.05
0,0.00,0,-438.20
0,0.00,0,-438.05
0,0.00,0,-437.90
0,0.00,0,-437.75
0,0.00,0,-437.29
0,0.00,0,-437.14
0,0.00,0,-437.29
0,0.00,0,-437.44
0,0.00,0,-437.44
0,0.00,0,-437.60
0,0.00,0,-437.44
0,0.00,0,-437.60
0,0.00,0,-437.90
0,0.00,0,-438.20
0,0.00,0,-438.36
0,0.00,0,-438.51
0,0.00,0,-438.20
0,0.00,0,-437.75
0,0.00,0,-437.29
0,0.00,0,-436.83
0,0.00,0,-436.99
0,0.00,0,-437.29
0,0.00,0,-437.44
0,0.00,0,-437.60
0,0.00,0,-437.44
0,0.00,0,-437.60
0,0.00,0,-437.60
0,0.00,0,-437.90
0,0.00,0,-438.05
0,0.00,0,-438.05
0,0.00,0,-437.90
0,0.00,0,-437.90
0,0.00,0,-437.75
0,0.00,0,-437.44
0,0.00,0,-437.29
0,0.00,0,-437.44
0,0.00,0,-437.60
0,0.00,0,-437.29
0,0.00,0,-437.44
0,0.00,0,-437.44
0,0.00,0,-437.60
0,0.00,0,-437.75
0,0.00,0,-437.75
0,0.00,0,-438.05
0,0.00,0,-438.20
0,0.00,0,-437.75
0,0.00,0,-437.44
0,0.00,0,-437.44
0,0.00,0,-437.29
0,0.00,0,-437.29
0,0.00,0,-437.44
0,0.00,0,-437.44
0,0.00,0,-437.44
0,0.00,0,-437.75
0,0.00,0,-438.05
0,0.00,0,-438.05
0,0.00,0,-438.05
0,0.00,0,-438.05
0,0.00,0,-437.90
0,0.00,0,-437.90
0,0.00,0,-437.90
0,0.00,0,-437.60
0,0.00,0,-437.29
0,0.00,0,-437.14
0,0.00,0,-437.29
0,0.00,0,-437.29
0,0.00,0,-437.44
0,0.00,0,-437.44
0,0.00,0,-437.75
0,0.00,0,-437.90
0,0.00,0,-438.05
0,0.00,0,-438.05
0,0.00,0,-438.05
0,0.00,0,-437.90
0,0.00,0,-437.75
0,0.00,0,-437.29
0,0.00,0,-437.14
0,0.00,0,-437.14
0,0.00,0,-437.29
0,0.00,0,-437.44
0,0.00,0,-437.60
0,0.00,0,-437.75
0,0.00,0,-437.90
0,0.00,0,-438.05
0,0.00,0,-438.05
0,0.00,0,-438.05
0,0.00,0,-438.05
0,0.00,0,-438.05
0,0.00,0,-437.90
0,0.00,0,-437.60
0,0.00,0,-437.44
0,0.00,0,-437.29
0,0.00,0,-437.44
0,0.00,0,-437.60
0,0.00,0,-437.60
0,0.00,0,-437.29
0,0.00,0,-437.44
0,0.00,0,-437.60
0,0.00,0,-437.90
0,0.00,0,-438.20
0,0.00,0,-437.90
0,0.00,0,-437.90
0,0.00,0,-437.75
0,0.00,0,-437.60
0,0.00,0,-437.44
0,0.00,0,-437.44
0,0.00,0,-437.44
0,0.00,0,-437.75
0,0.00,0,-437.75
0,0.00,0,-437.75
0,0.00,0,-437.75
0,0.00,0,-437.60
0,0.00,0,-437.75
0,0.00,0,-438.05
0,0.00,0,-438.05
0,0.00,0,-437.75
0,0.00,0,-437.60
0,0.00,0,-437.44
0,0.00,0,-437.29
0,0.00,0,-437.29
0,0.00,0,-437.44
0,0.00,0,-437.44
0,0.00,0,-437.75
0,0.00,0,-438.20
0,0.00,0,-438.20
0,0.00,0,-437.90
0,0.00,0,-437.75
0,0.00,0,-437.90
0,0.00,0,-437.75
0,0.00,0,-437.60
0,0.00,0,-437.44
0,0.00,0,-437.29
0,0.00,0,-437.14
0,0.00,0,-437.29
0,0.00,0,-437.60
0,0.00,0,-437.75
0,0.00,0,-438.05
0,0.00,0,-438.20
0,0.00,0,-438.20
0,0.00,0,-438.20
0,0.00,0,-438.05
0,0.00,0,-437.60
0,0.00,0,-437.29
0,0.00,0,-437.29
0,0.00,0,-437.14
0,0.00,0,-437.44
0,0.00,0,-437.44
0,0.00,0,-437.44
0,0.00,0,-437.44
0,0.00,0,-437.44
0,0.00,0,-437.75
0,0.00,0,-437.90
0,0.00,0,-437.90
0,0.00,0,-438.05
0,0.00,0,-438.05
0,0.00,0,-437.90
0,0.00,0,-437.75
0,0.00,0,-437.60
0,0.00,0,-437.44
0,0.00,0,-437.44
0,0.00,0,-437.29
0,0.00,0,-437.29
0,0.00,0,-437.44
0,0.00,0,-437.60
0,0.00,0,-437.90
0,0.00,0,-437.90
0,0.00,0,-438.05
0,0.00,0,-438.05
0,0.00,0,-438.05
0,0.00,0,-437.75
0,0.00,0,-437.75
0,0.00,0,-437.60
0,0.00,0,-437.44
0,0.00,0,-437.14
0,0.00,0,-437.29
0,0.00,0,-437.29
0,0.00,0,-437.60
0,0.00,0,-437.75
0,0.00,0,-438.05
0,0.00,0,-438.20
0,0.00,0,-438.20
0,0.00,0,-437.90
0,0.00,0,-437.75
0,0.00,0,-437.60
0,0.00,0,-437.29
0,0.00,0,-437.29
0,0.00,0,-437.29
0,0.00,0,-437.14
0,0.00,0,-437.44
0,0.00,0,-437.90
0,0.00,0,-438.05
0,0.00,0,-438.05
0,0.00,0,-437.90
0,0.00,0,-437.75
0,0.00,0,-437.60
0,0.00,0,-437.75
0,0.00,0,-437.60
0,0.00,0,-437.75
0,0.00,0,-437.75
0,0.00,0,-437.44
0,0.00,0,-437.29
0,0.00,0,-436.99
0,0.00,0,-436.99
0,0.00,0,-437.14
0,0.00,0,-437.60
0,0.00,0,-438.05
0,0.00,0,-438.05
0,0.00,0,-438.05
0,0.00,0,-438.05
0,0.00,0,-437.90
0,0.00,0,-437.75
0,0.00,0,-437.44
0,0.00,0,-437.44
0,0.00,0,-437.44
0,0.00,0,-437.14
0,0.00,0,-437.14
0,0.00,0,-437.29
0,0.00,0,-437.60
0,0.00,0,-437.75
0,0.00,0,-437.90
0,0.00,0,-438.05
0,0.00,0,-438.20
0,0.00,0,-438.20
0,0.00,0,-438.20
0,0.00,0,-437.90
0,0.00,0,-437.90
0,0.00,0,-437.75
0,0.00,0,-437.44
0,0.00,0,-437.29
0,0.00,0,-437.44
0,0.00,0,-437.44
0,0.00,0,-437.75
0,0.00,0,-437.75
0,0.00,0,-437.75
0,0.00,0,-437.75
0,0.00,0,-437.75
0,0.00,0,-437.90
0,0.00,0,-437.90
0,0.00,0,-437.90
0,0.00,0,-437.75
0,0.00,0,-437.60
0,0.00,0,-437.60
0,0.00,0,-437.60
0,0.00,0,-437.60
0,0.00,0,-437.44
0,0.00,0,-437.60
0,0.00,0,-437.75
0,0.00,0,-438.05
0,0.00,0,-437.90
0,0.00,0,-437.60
0,0.00,0,-437.75
0,0.00,0,-437.44
0,0.00,0,-437.44
0,0.00,0,-437.44
0,0.00,0,-437.44
0,0.00,0,-437.75
0,0.00,0,-437.90
0,0.00,0,-437.90
0,0.00,0,-437.90
0,0.00,0,-438.05
0,0.00,0,-438.20
