0,0.00,0,-370.02
0,0.00,0,-385.69
0,0.00,0,-396.50
0,0.00,0,-395.13
0,0.00,0,-388.28
0,0.00,0,-383.56
0,0.00,0,-386.45
0,0.00,0,-386.91
0,0.00,0,-378.39
0,0.00,0,-366.06
0,0.00,0,-358.90
0,0.00,0,-360.12
0,0.00,0,-365.91
0,0.00,0,-368.95
0,0.00,0,-371.39
0,0.00,0,-378.39
0,0.00,0,-387.06
0,0.00,0,-388.58
0,0.00,0,-383.71
0,0.00,0,-379.45
0,0.00,0,-379.60
0,0.00,0,-385.39
0,0.00,0,-384.78
0,0.00,0,-376.26
0,0.00,0,-365.75
0,0.00,0,-360.73
0,0.00,0,-362.10
0,0.00,0,-367.58
0,0.00,0,-367.88
0,0.00,0,-368.65
0,0.00,0,-373.67
0,0.00,0,-381.89
0,0.00,0,-390.56
0,0.00,0,-389.95
0,0.00,0,-386.45
0,0.00,0,-382.65
0,0.00,0,-381.43
0,0.00,0,-379.45
0,0.00,0,-371.84
0,0.00,0,-364.99
0,0.00,0,-362.25
0,0.00,0,-365.14
0,0.00,0,-368.34
0,0.00,0,-369.56
0,0.00,0,-373.52
0,0.00,0,-380.52
0,0.00,0,-387.21
0,0.00,0,-389.04
0,0.00,0,-385.69
0,0.00,0,-382.19
0,0.00,0,-380.82
0,0.00,0,-382.34
0,0.00,0,-378.39
0,0.00,0,-368.80
0,0.00,0,-361.64
0,0.00,0,-363.62
0,0.00,0,-374.73
0,0.00,0,-378.84
0,0.00,0,-375.34
0,0.00,0,-372.45
0,0.00,0,-378.84
0,0.00,0,-390.41
0,0.00,0,-393.00
0,0.00,0,-387.82
0,0.00,0,-384.17
0,0.00,0,-383.41
0,0.00,0,-376.71
0,0.00,0,-361.64
0,0.00,0,-349.16
0,0.00,0,-351.29
0,0.00,0,-366.36
0,0.00,0,-380.06
0,0.00,0,-383.87
0,0.00,0,-384.47
0,0.00,0,-388.58
0,0.00,0,-395.13
0,0.00,0,-396.65
0,0.00,0,-389.50
0,0.00,0,-379.45
0,0.00,0,-371.69
0,0.00,0,-363.93
0,0.00,0,-361.19
0,0.00,0,-359.36
0,0.00,0,-358.14
0,0.00,0,-361.04
0,0.00,0,-369.56
0,0.00,0,-383.41
0,0.00,0,-390.87
0,0.00,0,-391.32
0,0.00,0,-390.87
0,0.00,0,-392.69
0,0.00,0,-394.52
0,0.00,0,-386.15
0,0.00,0,-374.73
0,0.00,0,-366.21
0,0.00,0,-362.86
0,0.00,0,-357.69
0,0.00,0,-349.92
0,0.00,0,-348.86
0,0.00,0,-359.67
0,0.00,0,-381.13
0,0.00,0,-396.04
0,0.00,0,-399.24
0,0.00,0,-398.63
0,0.00,0,-397.26
0,0.00,0,-392.54
0,0.00,0,-382.65
0,0.00,0,-369.71
0,0.00,0,-360.27
0,0.00,0,-355.71
0,0.00,0,-356.47
0,0.00,0,-358.30
0,0.00,0,-360.58
0,0.00,0,-366.51
0,0.00,0,-377.17
0,0.00,0,-392.24
0,0.00,0,-401.52
0,0.00,0,-399.70
0,0.00,0,-391.32
0,0.00,0,-388.58
0,0.00,0,-391.48
0,0.00,0,-385.08
0,0.00,0,-369.25
0,0.00,0,-355.25
0,0.00,0,-353.12
0,0.00,0,-357.23
0,0.00,0,-359.67
0,0.00,0,-360.58
0,0.00,0,-370.02
0,0.00,0,-385.24
0,0.00,0,-393.15
0,0.00,0,-389.65
0,0.00,0,-385.39
0,0.00,0,-389.04
0,0.00,0,-395.28
0,0.00,0,-393.00
0,0.00,0,-379.60
0,0.00,0,-364.08
0,0.00,0,-356.47
0,0.00,0,-359.06
0,0.00,0,-363.62
0,0.00,0,-363.93
0,0.00,0,-361.64
0,0.00,0,-366.67
0,0.00,0,-380.97
0,0.00,0,-397.11
0,0.00,0,-397.87
0,0.00,0,-390.26
0,0.00,0,-384.17
0,0.00,0,-386.76
0,0.00,0,-391.17
0,0.00,0,-381.58
0,0.00,0,-368.65
0,0.00,0,-361.19
0,0.00,0,-361.34
0,0.00,0,-358.45
0,0.00,0,-348.71
0,0.00,0,-346.27
0,0.00,0,-361.80
0,0.00,0,-386.45
0,0.00,0,-401.07
0,0.00,0,-401.37
0,0.00,0,-399.09
0,0.00,0,-397.87
0,0.00,0,-401.07
0,0.00,0,-394.37
0,0.00,0,-379.60
0,0.00,0,-365.14
0,0.00,0,-354.64
0,0.00,0,-348.86
0,0.00,0,-343.53
0,0.00,0,-340.18
0,0.00,0,-346.88
0,0.00,0,-366.06
0,0.00,0,-392.39
0,0.00,0,-409.74
0,0.00,0,-412.48
0,0.00,0,-408.68
0,0.00,0,-405.94
0,0.00,0,-404.11
0,0.00,0,-392.39
0,0.00,0,-371.54
0,0.00,0,-352.36
0,0.00,0,-341.25
0,0.00,0,-337.14
0,0.00,0,-333.49
0,0.00,0,-333.94
0,0.00,0,-347.18
0,0.00,0,-374.73
0,0.00,0,-404.26
0,0.00,0,-418.42
0,0.00,0,-418.26
0,0.00,0,-413.85
0,0.00,0,-409.13
0,0.00,0,-403.81
0,0.00,0,-386.76
0,0.00,0,-362.86
0,0.00,0,-343.68
0,0.00,0,-332.42
0,0.00,0,-329.53
0,0.00,0,-328.31
0,0.00,0,-331.51
0,0.00,0,-349.01
0,0.00,0,-381.43
0,0.00,0,-413.55
0,0.00,0,-428.16
0,0.00,0,-427.70
0,0.00,0,-422.53
0,0.00,0,-417.35
0,0.00,0,-407.00
0,0.00,0,-383.26
0,0.00,0,-355.86
0,0.00,0,-335.62
0,0.00,0,-324.96
0,0.00,0,-321.77
0,0.00,0,-321.61
0,0.00,0,-329.83
0,0.00,0,-353.12
0,0.00,0,-390.11
0,0.00,0,-420.55
0,0.00,0,-432.57
0,0.00,0,-431.66
0,0.00,0,-428.31
0,0.00,0,-426.33
0,0.00,0,-410.81
0,0.00,0,-378.84
0,0.00,0,-344.60
0,0.00,0,-323.44
0,0.00,0,-318.57
0,0.00,0,-322.83
0,0.00,0,-329.68
0,0.00,0,-346.42
0,0.00,0,-374.58
0,0.00,0,-401.52
0,0.00,0,-416.59
0,0.00,0,-417.66
0,0.00,0,-414.00
0,0.00,0,-414.61
0,0.00,0,-412.94
0,0.00,0,-399.54
0,0.00,0,-372.60
0,0.00,0,-346.58
0,0.00,0,-332.72
0,0.00,0,-338.36
0,0.00,0,-345.51
0,0.00,0,-350.68
0,0.00,0,-362.40
0,0.00,0,-382.80
0,0.00,0,-401.52
0,0.00,0,-406.54
0,0.00,0,-398.63
0,0.00,0,-393.15
0,0.00,0,-398.78
0,0.00,0,-403.65
0,0.00,0,-394.98
0,0.00,0,-373.82
0,0.00,0,-357.84
0,0.00,0,-349.92
0,0.00,0,-349.62
0,0.00,0,-346.12
0,0.00,0,-347.18
0,0.00,0,-358.60
0,0.00,0,-377.17
0,0.00,0,-394.22
0,0.00,0,-402.28
0,0.00,0,-405.78
0,0.00,0,-405.18
0,0.00,0,-402.28
0,0.00,0,-396.80
0,0.00,0,-386.61
0,0.00,0,-368.95
0,0.00,0,-352.05
0,0.00,0,-346.27
0,0.00,0,-349.62
0,0.00,0,-353.58
0,0.00,0,-357.38
0,0.00,0,-369.41
0,0.00,0,-386.15
0,0.00,0,-397.41
0,0.00,0,-395.28
0,0.00,0,-392.54
0,0.00,0,-393.91
0,0.00,0,-401.67
0,0.00,0,-400.76
0,0.00,0,-385.69
0,0.00,0,-367.12
0,0.00,0,-355.71
0,0.00,0,-352.97
0,0.00,0,-352.82
0,0.00,0,-351.75
0,0.00,0,-355.40
0,0.00,0,-366.82
0,0.00,0,-380.21
0,0.00,0,-393.00
0,0.00,0,-398.63
0,0.00,0,-400.15
0,0.00,0,-398.17
0,0.00,0,-397.11
0,0.00,0,-394.06
0,0.00,0,-380.37
0,0.00,0,-361.64
0,0.00,0,-349.62
0,0.00,0,-351.75
0,0.00,0,-359.36
0,0.00,0,-360.27
0,0.00,0,-363.62
0,0.00,0,-374.58
0,0.00,0,-388.13
0,0.00,0,-391.32
0,0.00,0,-382.34
0,0.00,0,-377.93
0,0.00,0,-385.84
0,0.00,0,-397.41
0,0.00,0,-394.82
0,0.00,0,-379.76
0,0.00,0,-368.34
0,0.00,0,-364.84
0,0.00,0,-365.30
0,0.00,0,-359.97
0,0.00,0,-355.71
0,0.00,0,-359.36
0,0.00,0,-368.34
0,0.00,0,-378.69
0,0.00,0,-386.00
0,0.00,0,-389.95
0,0.00,0,-390.72
0,0.00,0,-390.26
0,0.00,0,-393.61
0,0.00,0,-392.39
0,0.00,0,-379.91
0,0.00,0,-364.84
0,0.00,0,-359.21
0,0.00,0,-361.80
0,0.00,0,-363.32
0,0.00,0,-361.49
0,0.00,0,-366.51
0,0.00,0,-377.93
0,0.00,0,-386.00
0,0.00,0,-382.04
0,0.00,0,-373.97
0,0.00,0,-372.30
0,0.00,0,-385.08
0,0.00,0,-396.50
0,0.00,0,-394.52
0,0.00,0,-383.11
0,0.00,0,-375.49
0,0.00,0,-371.99
0,0.00,0,-366.51
0,0.00,0,-354.03
0,0.00,0,-347.49
0,0.00,0,-356.01
0,0.00,0,-374.12
0,0.00,0,-387.82
0,0.00,0,-391.02
0,0.00,0,-391.78
0,0.00,0,-392.24
0,0.00,0,-391.93
0,0.00,0,-389.95
0,0.00,0,-381.74
0,0.00,0,-370.62
0,0.00,0,-362.71
0,0.00,0,-361.04
0,0.00,0,-363.93
0,0.00,0,-364.54
0,0.00,0,-364.84
0,0.00,0,-369.10
0,0.00,0,-380.37
0,0.00,0,-393.61
0,0.00,0,-396.35
0,0.00,0,-393.30
0,0.00,0,-390.72
0,0.00,0,-389.19
0,0.00,0,-381.74
0,0.00,0,-368.95
0,0.00,0,-359.97
0,0.00,0,-358.60
0,0.00,0,-364.69
0,0.00,0,-368.34
0,0.00,0,-369.10
0,0.00,0,-372.30
0,0.00,0,-377.63
0,0.00,0,-385.84
0,0.00,0,-392.69
0,0.00,0,-391.78
0,0.00,0,-386.00
0,0.00,0,-381.58
0,0.00,0,-382.65
0,0.00,0,-381.58
0,0.00,0,-372.60
0,0.00,0,-362.71
0,0.00,0,-360.73
0,0.00,0,-367.43
0,0.00,0,-372.75
0,0.00,0,-372.60
0,0.00,0,-376.10
0,0.00,0,-384.93
0,0.00,0,-389.80
0,0.00,0,-382.50
0,0.00,0,-371.08
0,0.00,0,-370.78
0,0.00,0,-381.13
0,0.00,0,-388.74
0,0.00,0,-384.17
0,0.00,0,-374.58
0,0.00,0,-371.08
0,0.00,0,-376.41
0,0.00,0,-382.34
0,0.00,0,-379.60
0,0.00,0,-374.28
0,0.00,0,-371.99
0,0.00,0,-372.30
0,0.00,0,-371.99
0,0.00,0,-370.78
0,0.00,0,-369.86
0,0.00,0,-373.52
0,0.00,0,-381.43
0,0.00,0,-388.58
0,0.00,0,-388.13
0,0.00,0,-382.95
0,0.00,0,-379.15
0,0.00,0,-380.37
0,0.00,0,-382.65
0,0.00,0,-378.08
0,0.00,0,-368.65
0,0.00,0,-362.86
0,0.00,0,-366.82
0,0.00,0,-376.86
0,0.00,0,-377.93
0,0.00,0,-375.65
0,0.00,0,-378.54
0,0.00,0,-384.78
0,0.00,0,-384.63
0,0.00,0,-373.06
0,0.00,0,-366.97
0,0.00,0,-372.30
0,0.00,0,-387.06
0,0.00,0,-392.54
0,0.00,0,-386.45
0,0.00,0,-380.67
0,0.00,0,-378.84
0,0.00,0,-377.17
0,0.00,0,-371.23
0,0.00,0,-365.14
0,0.00,0,-364.99
0,0.00,0,-373.21
0,0.00,0,-381.58
0,0.00,0,-384.17
0,0.00,0,-381.58
0,0.00,0,-379.60
0,0.00,0,-381.43
0,0.00,0,-387.82
0,0.00,0,-389.95
0,0.00,0,-381.74
0,0.00,0,-371.08
0,0.00,0,-367.58
0,0.00,0,-372.91
0,0.00,0,-375.19
0,0.00,0,-371.08
0,0.00,0,-369.71
0,0.00,0,-374.73
0,0.00,0,-379.15
0,0.00,0,-374.12
0,0.00,0,-365.60
0,0.00,0,-366.82
0,0.00,0,-380.52
0,0.00,0,-394.22
0,0.00,0,-393.46
0,0.00,0,-384.17
0,0.00,0,-378.69
0,0.00,0,-377.17
0,0.00,0,-375.49
0,0.00,0,-367.73
0,0.00,0,-361.34
0,0.00,0,-361.04
0,0.00,0,-367.28
0,0.00,0,-375.49
0,0.00,0,-379.30
0,0.00,0,-378.54
0,0.00,0,-379.00
0,0.00,0,-386.00
0,0.00,0,-396.65
0,0.00,0,-395.13
0,0.00,0,-382.34
0,0.00,0,-372.30
0,0.00,0,-371.54
0,0.00,0,-377.32
0,0.00,0,-373.67
0,0.00,0,-367.12
0,0.00,0,-366.82
0,0.00,0,-372.15
0,0.00,0,-373.52
0,0.00,0,-365.14
0,0.00,0,-359.21
0,0.00,0,-364.54
0,0.00,0,-384.47
0,0.00,0,-397.56
0,0.00,0,-397.87
0,0.00,0,-391.32
0,0.00,0,-387.06
0,0.00,0,-383.26
