0,0.00,0,-792.85
0,0.00,0,-798.78
0,0.00,0,-791.32
0,0.00,0,-779.60
0,0.00,0,-777.32
0,0.00,0,-792.54
0,0.00,0,-792.85
0,0.00,0,-783.10
0,0.00,0,-770.93
0,0.00,0,-772.91
0,0.00,0,-790.26
0,0.00,0,-790.41
0,0.00,0,-782.65
0,0.00,0,-772.75
0,0.00,0,-780.67
0,0.00,0,-796.65
0,0.00,0,-793.46
0,0.00,0,-785.84
0,0.00,0,-773.52
0,0.00,0,-782.34
0,0.00,0,-793.30
0,0.00,0,-788.13
0,0.00,0,-778.39
0,0.00,0,-766.51
0,0.00,0,-780.37
0,0.00,0,-788.89
0,0.00,0,-785.08
0,0.00,0,-775.04
0,0.00,0,-768.34
0,0.00,0,-786.15
0,0.00,0,-793.91
0,0.00,0,-788.43
0,0.00,0,-776.26
0,0.00,0,-770.62
0,0.00,0,-786.15
0,0.00,0,-790.41
0,0.00,0,-782.34
0,0.00,0,-770.93
0,0.00,0,-767.88
0,0.00,0,-784.47
0,0.00,0,-788.89
0,0.00,0,-782.80
0,0.00,0,-771.99
0,0.00,0,-773.82
0,0.00,0,-791.02
0,0.00,0,-794.22
0,0.00,0,-787.21
0,0.00,0,-776.41
0,0.00,0,-779.15
0,0.00,0,-794.37
0,0.00,0,-792.39
0,0.00,0,-782.80
0,0.00,0,-770.62
0,0.00,0,-777.17
0,0.00,0,-791.02
0,0.00,0,-788.74
0,0.00,0,-780.37
0,0.00,0,-771.23
0,0.00,0,-783.87
0,0.00,0,-796.19
0,0.00,0,-792.54
0,0.00,0,-784.32
0,0.00,0,-773.97
0,0.00,0,-787.67
0,0.00,0,-795.89
0,0.00,0,-789.50
0,0.00,0,-777.93
0,0.00,0,-767.73
0,0.00,0,-782.50
0,0.00,0,-789.50
0,0.00,0,-784.32
0,0.00,0,-774.89
0,0.00,0,-769.71
0,0.00,0,-788.28
0,0.00,0,-796.19
0,0.00,0,-790.87
0,0.00,0,-780.37
0,0.00,0,-776.41
0,0.00,0,-793.30
0,0.00,0,-794.37
0,0.00,0,-786.00
0,0.00,0,-773.06
0,0.00,0,-771.84
0,0.00,0,-789.04
0,0.00,0,-788.74
0,0.00,0,-781.58
0,0.00,0,-770.02
0,0.00,0,-776.26
0,0.00,0,-791.93
0,0.00,0,-791.48
0,0.00,0,-784.47
0,0.00,0,-773.97
0,0.00,0,-782.80
0,0.00,0,-795.13
0,0.00,0,-792.09
0,0.00,0,-781.74
0,0.00,0,-769.86
0,0.00,0,-779.76
0,0.00,0,-791.32
0,0.00,0,-787.52
0,0.00,0,-777.63
0,0.00,0,-767.58
0,0.00,0,-782.80
0,0.00,0,-793.91
0,0.00,0,-790.72
0,0.00,0,-781.13
0,0.00,0,-772.45
0,0.00,0,-789.65
0,0.00,0,-796.04
0,0.00,0,-790.72
0,0.00,0,-778.54
0,0.00,0,-772.75
0,0.00,0,-787.82
0,0.00,0,-791.48
0,0.00,0,-784.32
0,0.00,0,-773.21
0,0.00,0,-771.69
0,0.00,0,-789.19
0,0.00,0,-793.00
0,0.00,0,-786.15
0,0.00,0,-777.02
0,0.00,0,-779.45
0,0.00,0,-796.50
0,0.00,0,-797.26
0,0.00,0,-788.74
0,0.00,0,-778.08
0,0.00,0,-780.21
0,0.00,0,-795.74
0,0.00,0,-793.15
0,0.00,0,-783.87
0,0.00,0,-772.91
0,0.00,0,-779.76
0,0.00,0,-795.59
0,0.00,0,-792.69
0,0.00,0,-786.00
0,0.00,0,-774.73
0,0.00,0,-786.61
0,0.00,0,-796.96
0,0.00,0,-792.85
0,0.00,0,-784.17
0,0.00,0,-771.39
0,0.00,0,-784.17
0,0.00,0,-791.32
0,0.00,0,-786.45
0,0.00,0,-775.34
0,0.00,0,-766.97
0,0.00,0,-783.41
0,0.00,0,-791.93
0,0.00,0,-788.13
0,0.00,0,-779.00
0,0.00,0,-774.73
0,0.00,0,-791.78
0,0.00,0,-797.11
0,0.00,0,-789.65
0,0.00,0,-777.47
0,0.00,0,-771.84
0,0.00,0,-787.52
0,0.00,0,-789.50
0,0.00,0,-780.06
0,0.00,0,-768.19
0,0.00,0,-768.34
0,0.00,0,-785.84
0,0.00,0,-787.37
0,0.00,0,-781.58
0,0.00,0,-771.23
0,0.00,0,-778.08
0,0.00,0,-794.98
0,0.00,0,-794.22
0,0.00,0,-786.45
0,0.00,0,-773.06
0,0.00,0,-780.67
0,0.00,0,-792.39
0,0.00,0,-788.89
0,0.00,0,-779.00
0,0.00,0,-766.97
0,0.00,0,-777.78
0,0.00,0,-790.26
0,0.00,0,-787.52
0,0.00,0,-779.60
0,0.00,0,-771.08
0,0.00,0,-786.45
0,0.00,0,-796.80
0,0.00,0,-793.61
0,0.00,0,-783.71
0,0.00,0,-775.49
0,0.00,0,-789.80
0,0.00,0,-794.52
0,0.00,0,-787.98
0,0.00,0,-775.65
0,0.00,0,-769.71
0,0.00,0,-786.15
0,0.00,0,-791.63
0,0.00,0,-787.06
0,0.00,0,-777.78
0,0.00,0,-776.26
0,0.00,0,-794.37
0,0.00,0,-797.87
0,0.00,0,-791.78
0,0.00,0,-780.06
0,0.00,0,-778.39
0,0.00,0,-793.61
0,0.00,0,-792.69
0,0.00,0,-784.63
0,0.00,0,-770.93
0,0.00,0,-773.82
0,0.00,0,-787.98
0,0.00,0,-788.43
0,0.00,0,-780.97
0,0.00,0,-770.93
0,0.00,0,-780.37
0,0.00,0,-794.37
0,0.00,0,-793.76
0,0.00,0,-784.32
0,0.00,0,-773.06
0,0.00,0,-782.04
0,0.00,0,-792.69
0,0.00,0,-787.82
0,0.00,0,-776.56
0,0.00,0,-766.36
0,0.00,0,-778.08
0,0.00,0,-788.43
0,0.00,0,-784.78
0,0.00,0,-775.95
0,0.00,0,-768.65
0,0.00,0,-785.69
0,0.00,0,-795.13
0,0.00,0,-790.41
0,0.00,0,-780.06
0,0.00,0,-772.45
0,0.00,0,-787.98
0,0.00,0,-793.61
0,0.00,0,-785.54
0,0.00,0,-774.12
0,0.00,0,-769.41
0,0.00,0,-785.69
0,0.00,0,-788.43
0,0.00,0,-782.65
0,0.00,0,-771.84
0,0.00,0,-774.28
0,0.00,0,-791.48
0,0.00,0,-794.06
0,0.00,0,-788.13
0,0.00,0,-777.17
0,0.00,0,-780.82
0,0.00,0,-794.52
0,0.00,0,-794.37
0,0.00,0,-785.24
0,0.00,0,-773.36
0,0.00,0,-777.47
0,0.00,0,-791.63
0,0.00,0,-790.72
0,0.00,0,-782.65
0,0.00,0,-771.39
0,0.00,0,-780.67
0,0.00,0,-795.59
0,0.00,0,-794.22
0,0.00,0,-785.08
0,0.00,0,-773.67
0,0.00,0,-785.08
0,0.00,0,-795.43
0,0.00,0,-789.80
0,0.00,0,-778.84
0,0.00,0,-768.65
0,0.00,0,-782.80
0,0.00,0,-791.48
0,0.00,0,-786.45
0,0.00,0,-777.78
0,0.00,0,-772.15
0,0.00,0,-788.43
0,0.00,0,-794.22
0,0.00,0,-788.74
0,0.00,0,-778.84
0,0.00,0,-773.21
0,0.00,0,-789.19
0,0.00,0,-791.78
0,0.00,0,-784.93
0,0.00,0,-773.67
0,0.00,0,-772.30
0,0.00,0,-790.11
0,0.00,0,-792.69
0,0.00,0,-786.15
0,0.00,0,-774.58
0,0.00,0,-777.02
0,0.00,0,-794.52
0,0.00,0,-794.37
0,0.00,0,-785.54
0,0.00,0,-772.30
0,0.00,0,-777.17
0,0.00,0,-792.24
0,0.00,0,-790.41
0,0.00,0,-781.43
0,0.00,0,-769.71
0,0.00,0,-780.37
0,0.00,0,-792.85
0,0.00,0,-791.63
0,0.00,0,-783.26
0,0.00,0,-773.82
0,0.00,0,-786.91
0,0.00,0,-797.11
0,0.00,0,-793.91
0,0.00,0,-783.87
0,0.00,0,-774.43
0,0.00,0,-787.21
0,0.00,0,-794.52
0,0.00,0,-789.50
0,0.00,0,-778.84
0,0.00,0,-772.91
0,0.00,0,-787.52
0,0.00,0,-793.76
0,0.00,0,-788.28
0,0.00,0,-777.63
0,0.00,0,-774.58
0,0.00,0,-791.02
0,0.00,0,-795.13
0,0.00,0,-787.98
0,0.00,0,-776.41
0,0.00,0,-774.43
0,0.00,0,-791.48
0,0.00,0,-793.30
0,0.00,0,-785.08
0,0.00,0,-772.75
0,0.00,0,-773.36
0,0.00,0,-790.41
0,0.00,0,-791.02
0,0.00,0,-784.02
0,0.00,0,-772.75
0,0.00,0,-776.86
0,0.00,0,-792.54
0,0.00,0,-791.93
0,0.00,0,-783.87
0,0.00,0,-771.69
0,0.00,0,-779.30
0,0.00,0,-791.02
0,0.00,0,-787.82
0,0.00,0,-777.63
0,0.00,0,-766.97
0,0.00,0,-778.84
0,0.00,0,-790.41
0,0.00,0,-787.37
0,0.00,0,-778.54
0,0.00,0,-771.54
0,0.00,0,-786.61
0,0.00,0,-796.80
0,0.00,0,-791.17
0,0.00,0,-782.34
0,0.00,0,-773.21
0,0.00,0,-787.98
0,0.00,0,-793.91
0,0.00,0,-786.30
0,0.00,0,-775.49
0,0.00,0,-768.49
0,0.00,0,-785.84
0,0.00,0,-790.56
0,0.00,0,-785.69
0,0.00,0,-775.95
0,0.00,0,-775.04
0,0.00,0,-792.85
0,0.00,0,-796.19
0,0.00,0,-790.56
0,0.00,0,-777.78
0,0.00,0,-777.47
0,0.00,0,-791.93
0,0.00,0,-792.54
0,0.00,0,-783.56
0,0.00,0,-771.39
0,0.00,0,-775.19
0,0.00,0,-790.26
0,0.00,0,-789.65
0,0.00,0,-783.10
0,0.00,0,-773.82
0,0.00,0,-783.26
0,0.00,0,-796.65
0,0.00,0,-795.13
0,0.00,0,-785.54
0,0.00,0,-774.73
0,0.00,0,-784.32
0,0.00,0,-794.37
0,0.00,0,-789.50
0,0.00,0,-778.39
0,0.00,0,-767.28
0,0.00,0,-779.60
0,0.00,0,-789.35
0,0.00,0,-785.84
0,0.00,0,-777.17
0,0.00,0,-771.08
0,0.00,0,-787.98
0,0.00,0,-797.26
0,0.00,0,-792.85
0,0.00,0,-782.80
0,0.00,0,-776.10
0,0.00,0,-791.93
0,0.00,0,-795.43
0,0.00,0,-786.45
0,0.00,0,-774.28
0,0.00,0,-770.17
0,0.00,0,-786.61
0,0.00,0,-788.74
0,0.00,0,-782.19
0,0.00,0,-771.54
0,0.00,0,-773.52
0,0.00,0,-791.02
0,0.00,0,-792.69
0,0.00,0,-786.15
0,0.00,0,-775.19
0,0.00,0,-779.30
0,0.00,0,-792.39
0,0.00,0,-791.32
0,0.00,0,-781.74
0,0.00,0,-769.25
0,0.00,0,-775.34
0,0.00,0,-787.82
0,0.00,0,-786.15
0,0.00,0,-777.17
0,0.00,0,-766.82
0,0.00,0,-778.08
0,0.00,0,-792.69
0,0.00,0,-790.26
0,0.00,0,-781.89
0,0.00,0,-772.30
0,0.00,0,-785.69
0,0.00,0,-796.35
0,0.00,0,-790.87
0,0.00,0,-780.52
0,0.00,0,-771.23
0,0.00,0,-785.69
0,0.00,0,-792.54
0,0.00,0,-786.61
0,0.00,0,-776.71
0,0.00,0,-771.08
0,0.00,0,-788.58
0,0.00,0,-794.82
0,0.00,0,-789.80
0,0.00,0,-779.45
0,0.00,0,-777.63
0,0.00,0,-794.22
0,0.00,0,-795.89
0,0.00,0,-788.74
0,0.00,0,-775.49
0,0.00,0,-773.21
0,0.00,0,-788.58
0,0.00,0,-789.04
0,0.00,0,-780.97
0,0.00,0,-769.25
0,0.00,0,-774.28
0,0.00,0,-790.87
0,0.00,0,-792.85
0,0.00,0,-786.45
0,0.00,0,-775.80
0,0.00,0,-782.95
0,0.00,0,-797.11
0,0.00,0,-794.98
0,0.00,0,-785.24
0,0.00,0,-773.06
0,0.00,0,-780.37
0,0.00,0,-790.72
0,0.00,0,-787.67
0,0.00,0,-777.02
0,0.00,0,-767.43
0,0.00,0,-780.21
0,0.00,0,-792.24
0,0.00,0,-790.87
0,0.00,0,-782.65
0,0.00,0,-775.80
0,0.00,0,-789.95
0,0.00,0,-798.63
0,0.00,0,-791.02
0,0.00,0,-779.30
0,0.00,0,-770.62
0,0.00,0,-784.02
0,0.00,0,-788.89
0,0.00,0,-780.37
0,0.00,0,-769.71
0,0.00,0,-764.54
0,0.00,0,-783.26
0,0.00,0,-788.74
0,0.00,0,-783.87
0,0.00,0,-774.43
0,0.00,0,-775.34
0,0.00,0,-794.52
0,0.00,0,-796.19
0,0.00,0,-788.58
0,0.00,0,-775.04
0,0.00,0,-775.19
0,0.00,0,-790.41
0,0.00,0,-787.98
0,0.00,0,-779.00
0,0.00,0,-765.75
0,0.00,0,-772.60
0,0.00,0,-787.98
0,0.00,0,-789.04
0,0.00,0,-783.56
0,0.00,0,-774.58
0,0.00,0,-787.06
0,0.00,0,-798.63
0,0.00,0,-796.19
0,0.00,0,-785.84
0,0.00,0,-775.04
0,0.00,0,-785.54
0,0.00,0,-792.85
0,0.00,0,-787.21
0,0.00,0,-775.19
0,0.00,0,-767.12
0,0.00,0,-782.19
0,0.00,0,-792.24
0,0.00,0,-788.58
0,0.00,0,-779.45
0,0.00,0,-774.43
0,0.00,0,-792.54
0,0.00,0,-799.09
0,0.00,0,-792.24
0,0.00,0,-780.37
0,0.00,0,-773.52
0,0.00,0,-787.52
0,0.00,0,-788.74
0,0.00,0,-780.06
0,0.00,0,-768.04
0,0.00,0,-767.73
0,0.00,0,-784.78
0,0.00,0,-788.89
0,0.00,0,-783.56
0,0.00,0,-774.73
0,0.00,0,-779.60
0,0.00,0,-795.43
0,0.00,0,-796.50
0,0.00,0,-788.58
0,0.00,0,-775.95
0,0.00,0,-779.76
0,0.00,0,-792.69
0,0.00,0,-788.89
0,0.00,0,-777.32
0,0.00,0,-765.14
0,0.00,0,-775.95
0,0.00,0,-790.56
0,0.00,0,-788.89
0,0.00,0,-781.89
0,0.00,0,-773.21
0,0.00,0,-786.76
0,0.00,0,-798.93
0,0.00,0,-793.91
0,0.00,0,-784.17
0,0.00,0,-773.36
0,0.00,0,-785.39
0,0.00,0,-790.87
0,0.00,0,-784.47
0,0.00,0,-772.60
0,0.00,0,-764.84
0,0.00,0,-781.13
0,0.00,0,-789.65
0,0.00,0,-786.15
0,0.00,0,-778.08
0,0.00,0,-774.89
0,0.00,0,-792.85
0,0.00,0,-798.63
0,0.00,0,-791.17
0,0.00,0,-779.45
0,0.00,0,-774.89
0,0.00,0,-790.72
0,0.00,0,-790.87
0,0.00,0,-781.13
0,0.00,0,-769.10
0,0.00,0,-770.93
0,0.00,0,-787.98
0,0.00,0,-788.89
0,0.00,0,-781.89
0,0.00,0,-771.99
0,0.00,0,-780.67
0,0.00,0,-796.65
0,0.00,0,-794.82
0,0.00,0,-784.78
0,0.00,0,-772.60
0,0.00,0,-780.67
0,0.00,0,-791.78
0,0.00,0,-786.61
0,0.00,0,-776.26
0,0.00,0,-764.54
0,0.00,0,-777.63
0,0.00,0,-789.19
0,0.00,0,-787.37
0,0.00,0,-780.37
0,0.00,0,-773.52
0,0.00,0,-789.65
0,0.00,0,-798.48
0,0.00,0,-794.52
0,0.00,0,-784.47
0,0.00,0,-776.10
0,0.00,0,-790.11
0,0.00,0,-793.76
0,0.00,0,-784.93
0,0.00,0,-772.30
0,0.00,0,-767.58
0,0.00,0,-784.02
0,0.00,0,-788.43
0,0.00,0,-782.95
0,0.00,0,-773.21
0,0.00,0,-775.49
0,0.00,0,-794.37
0,0.00,0,-796.50
0,0.00,0,-789.65
0,0.00,0,-777.02
0,0.00,0,-777.63
0,0.00,0,-792.85
0,0.00,0,-789.65
0,0.00,0,-779.91
0,0.00,0,-765.14
0,0.00,0,-769.86
0,0.00,0,-784.02
0,0.00,0,-784.78
0,0.00,0,-778.69
0,0.00,0,-768.49
0,0.00,0,-781.13
0,0.00,0,-794.37
0,0.00,0,-794.37
0,0.00,0,-784.93
0,0.00,0,-774.89
0,0.00,0,-784.78
0,0.00,0,-792.39
0,0.00,0,-786.61
0,0.00,0,-773.82
0,0.00,0,-763.93
0,0.00,0,-777.63
0,0.00,0,-786.76
0,0.00,0,-782.80
0,0.00,0,-775.34
0,0.00,0,-771.54
0,0.00,0,-789.65
0,0.00,0,-798.48
0,0.00,0,-791.32
0,0.00,0,-782.19
0,0.00,0,-777.32
0,0.00,0,-793.91
0,0.00,0,-796.04
0,0.00,0,-785.54
0,0.00,0,-772.45
0,0.00,0,-768.95
0,0.00,0,-786.00
0,0.00,0,-787.82
0,0.00,0,-780.82
0,0.00,0,-771.54
0,0.00,0,-775.95
0,0.00,0,-794.22
0,0.00,0,-795.43
0,0.00,0,-789.19
0,0.00,0,-778.08
0,0.00,0,-781.89
0,0.00,0,-794.67
0,0.00,0,-789.35
0,0.00,0,-779.60
0,0.00,0,-765.30
0,0.00,0,-773.52
0,0.00,0,-784.93
0,0.00,0,-782.65
0,0.00,0,-775.34
0,0.00,0,-766.82
0,0.00,0,-783.26
0,0.00,0,-795.13
0,0.00,0,-792.69
0,0.00,0,-784.02
0,0.00,0,-775.80
0,0.00,0,-789.80
0,0.00,0,-796.04
0,0.00,0,-789.35
0,0.00,0,-776.26
0,0.00,0,-767.12
0,0.00,0,-780.82
0,0.00,0,-786.15
0,0.00,0,-781.13
0,0.00,0,-772.15
0,0.00,0,-770.17
0,0.00,0,-789.04
0,0.00,0,-795.89
0,0.00,0,-791.32
0,0.00,0,-780.97
0,0.00,0,-779.30
0,0.00,0,-795.28
0,0.00,0,-795.59
0,0.00,0,-785.08
0,0.00,0,-773.06
0,0.00,0,-771.84
0,0.00,0,-786.91
0,0.00,0,-785.39
0,0.00,0,-778.54
0,0.00,0,-769.41
0,0.00,0,-777.02
0,0.00,0,-795.43
0,0.00,0,-795.43
0,0.00,0,-789.50
0,0.00,0,-778.69
0,0.00,0,-788.43
0,0.00,0,-800.15
0,0.00,0,-793.76
0,0.00,0,-782.34
0,0.00,0,-768.34
0,0.00,0,-780.37
0,0.00,0,-789.65
0,0.00,0,-784.93
0,0.00,0,-775.80
0,0.00,0,-767.12
0,0.00,0,-785.69
0,0.00,0,-795.59
0,0.00,0,-792.09
0,0.00,0,-784.47
0,0.00,0,-777.17
0,0.00,0,-793.30
0,0.00,0,-796.96
0,0.00,0,-790.26
0,0.00,0,-777.02
0,0.00,0,-770.47
0,0.00,0,-785.39
0,0.00,0,-786.76
0,0.00,0,-780.97
0,0.00,0,-769.86
0,0.00,0,-772.60
0,0.00,0,-791.02
0,0.00,0,-795.43
0,0.00,0,-790.72
0,0.00,0,-779.91
0,0.00,0,-784.32
0,0.00,0,-798.48
0,0.00,0,-796.80
0,0.00,0,-786.61
0,0.00,0,-771.39
0,0.00,0,-775.49
0,0.00,0,-787.21
0,0.00,0,-784.93
0,0.00,0,-776.10
0,0.00,0,-765.14
0,0.00,0,-777.32
0,0.00,0,-792.09
0,0.00,0,-792.39
0,0.00,0,-784.78
0,0.00,0,-775.49
0,0.00,0,-787.98
0,0.00,0,-797.87
0,0.00,0,-793.00
0,0.00,0,-780.82
0,0.00,0,-770.47
0,0.00,0,-781.74
0,0.00,0,-789.04
0,0.00,0,-783.41
0,0.00,0,-773.82
0,0.00,0,-769.25
0,0.00,0,-786.30
0,0.00,0,-794.67
0,0.00,0,-789.04
0,0.00,0,-780.82
0,0.00,0,-778.23
0,0.00,0,-795.13
0,0.00,0,-797.11
0,0.00,0,-786.61
0,0.00,0,-775.49
0,0.00,0,-771.69
0,0.00,0,-788.58
0,0.00,0,-788.13
0,0.00,0,-780.06
0,0.00,0,-768.95
0,0.00,0,-772.75
0,0.00,0,-791.93
0,0.00,0,-791.93
0,0.00,0,-787.67
0,0.00,0,-774.28
0,0.00,0,-781.89
0,0.00,0,-795.43
0,0.00,0,-792.09
0,0.00,0,-783.10
0,0.00,0,-768.65
0,0.00,0,-777.32
0,0.00,0,-787.37
0,0.00,0,-784.63
0,0.00,0,-774.73
0,0.00,0,-765.60
0,0.00,0,-781.74
0,0.00,0,-792.54
0,0.00,0,-790.72
0,0.00,0,-781.43
0,0.00,0,-775.95
0,0.00,0,-792.24
0,0.00,0,-798.78
0,0.00,0,-791.17
0,0.00,0,-778.84
0,0.00,0,-771.99
0,0.00,0,-787.06
0,0.00,0,-791.02
0,0.00,0,-782.95
0,0.00,0,-772.45
0,0.00,0,-770.62
0,0.00,0,-789.35
0,0.00,0,-794.67
0,0.00,0,-789.04
0,0.00,0,-780.21
0,0.00,0,-779.60
0,0.00,0,-796.04
0,0.00,0,-796.35
0,0.00,0,-787.82
0,0.00,0,-774.58
0,0.00,0,-775.80
0,0.00,0,-789.80
0,0.00,0,-788.13
0,0.00,0,-779.45
0,0.00,0,-767.88
0,0.00,0,-776.71
0,0.00,0,-791.93
0,0.00,0,-790.87
0,0.00,0,-782.65
0,0.00,0,-772.15
0,0.00,0,-783.87
0,0.00,0,-795.13
0,0.00,0,-790.41
0,0.00,0,-779.76
0,0.00,0,-768.95
0,0.00,0,-781.89
0,0.00,0,-790.41
0,0.00,0,-784.47
0,0.00,0,-774.28
0,0.00,0,-766.06
0,0.00,0,-783.26
0,0.00,0,-792.39
0,0.00,0,-787.67
0,0.00,0,-777.78
0,0.00,0,-771.99
0,0.00,0,-788.89
0,0.00,0,-793.46
0,0.00,0,-786.00
0,0.00,0,-773.67
0,0.00,0,-769.71
0,0.00,0,-786.00
0,0.00,0,-788.43
0,0.00,0,-780.82
0,0.00,0,-770.47
0,0.00,0,-772.45
0,0.00,0,-791.02
0,0.00,0,-792.24
0,0.00,0,-786.76
0,0.00,0,-776.26
0,0.00,0,-781.58
0,0.00,0,-797.11
0,0.00,0,-794.67
0,0.00,0,-785.54
0,0.00,0,-772.91
0,0.00,0,-780.37
0,0.00,0,-791.32
0,0.00,0,-788.74
0,0.00,0,-779.60
0,0.00,0,-769.10
0,0.00,0,-782.80
0,0.00,0,-793.76
0,0.00,0,-791.63
0,0.00,0,-782.65
0,0.00,0,-774.12
0,0.00,0,-789.50
0,0.00,0,-797.87
0,0.00,0,-793.15
0,0.00,0,-781.89
0,0.00,0,-772.30
0,0.00,0,-786.00
0,0.00,0,-791.48
0,0.00,0,-786.00
0,0.00,0,-774.73
0,0.00,0,-769.41
0,0.00,0,-786.30
0,0.00,0,-792.24
0,0.00,0,-787.37
0,0.00,0,-777.02
0,0.00,0,-774.43
0,0.00,0,-791.93
0,0.00,0,-794.52
0,0.00,0,-786.76
0,0.00,0,-773.36
0,0.00,0,-773.52
0,0.00,0,-788.89
0,0.00,0,-790.11
0,0.00,0,-780.67
0,0.00,0,-768.49
0,0.00,0,-773.21
0,0.00,0,-788.89
0,0.00,0,-789.19
0,0.00,0,-780.82
0,0.00,0,-771.08
0,0.00,0,-781.13
0,0.00,0,-796.50
0,0.00,0,-793.46
0,0.00,0,-783.71
0,0.00,0,-772.30
0,0.00,0,-782.95
0,0.00,0,-794.06
0,0.00,0,-787.06
0,0.00,0,-777.32
0,0.00,0,-767.58
0,0.00,0,-783.10
0,0.00,0,-792.85
0,0.00,0,-787.98
0,0.00,0,-779.76
0,0.00,0,-771.84
0,0.00,0,-789.65
0,0.00,0,-795.13
0,0.00,0,-789.50
0,0.00,0,-778.54
0,0.00,0,-771.84
0,0.00,0,-788.28
0,0.00,0,-791.17
0,0.00,0,-784.02
0,0.00,0,-772.60
0,0.00,0,-771.23
0,0.00,0,-788.28
0,0.00,0,-791.02
0,0.00,0,-784.78
0,0.00,0,-774.12
0,0.00,0,-778.08
0,0.00,0,-793.91
0,0.00,0,-794.06
0,0.00,0,-786.15
0,0.00,0,-773.67
0,0.00,0,-778.39
0,0.00,0,-792.09
0,0.00,0,-790.41
0,0.00,0,-781.43
0,0.00,0,-768.34
0,0.00,0,-777.78
0,0.00,0,-790.41
0,0.00,0,-789.80
0,0.00,0,-782.50
0,0.00,0,-771.99
0,0.00,0,-785.24
0,0.00,0,-797.11
0,0.00,0,-794.37
0,0.00,0,-782.95
0,0.00,0,-772.45
0,0.00,0,-784.17
0,0.00,0,-793.00
0,0.00,0,-786.61
0,0.00,0,-774.28
0,0.00,0,-766.51
0,0.00,0,-782.34
0,0.00,0,-789.95
0,0.00,0,-783.41
0,0.00,0,-776.26
0,0.00,0,-772.45
0,0.00,0,-791.48
0,0.00,0,-794.98
0,0.00,0,-787.98
0,0.00,0,-777.78
0,0.00,0,-775.80
0,0.00,0,-792.39
0,0.00,0,-790.41
0,0.00,0,-782.80
0,0.00,0,-769.71
0,0.00,0,-772.30
0,0.00,0,-788.58
0,0.00,0,-790.26
0,0.00,0,-783.71
0,0.00,0,-772.75
0,0.00,0,-781.13
0,0.00,0,-796.04
0,0.00,0,-796.35
0,0.00,0,-786.45
0,0.00,0,-774.43
0,0.00,0,-781.28
0,0.00,0,-791.48
0,0.00,0,-787.21
0,0.00,0,-775.95
0,0.00,0,-765.91
0,0.00,0,-776.56
0,0.00,0,-788.28
0,0.00,0,-786.45
0,0.00,0,-779.60
0,0.00,0,-772.60
0,0.00,0,-787.06
0,0.00,0,-797.56
0,0.00,0,-794.37
0,0.00,0,-784.78
0,0.00,0,-775.19
0,0.00,0,-789.04
0,0.00,0,-794.67
0,0.00,0,-786.76
0,0.00,0,-773.67
0,0.00,0,-767.12
0,0.00,0,-784.47
0,0.00,0,-791.02
0,0.00,0,-784.93
0,0.00,0,-775.80
0,0.00,0,-776.10
0,0.00,0,-795.59
0,0.00,0,-799.09
0,0.00,0,-789.65
0,0.00,0,-778.84
0,0.00,0,-777.47
0,0.00,0,-792.54
0,0.00,0,-789.19
0,0.00,0,-779.45
0,0.00,0,-768.04
0,0.00,0,-770.78
0,0.00,0,-787.06
0,0.00,0,-785.24
0,0.00,0,-780.52
0,0.00,0,-771.39
0,0.00,0,-782.04
0,0.00,0,-797.72
0,0.00,0,-794.98
0,0.00,0,-786.76
0,0.00,0,-774.58
0,0.00,0,-784.93
0,0.00,0,-793.76
0,0.00,0,-787.52
0,0.00,0,-775.65
0,0.00,0,-765.45
0,0.00,0,-779.60
0,0.00,0,-788.28
0,0.00,0,-784.32
0,0.00,0,-776.26
0,0.00,0,-771.08
0,0.00,0,-788.58
0,0.00,0,-796.65
0,0.00,0,-792.69
0,0.00,0,-783.26
0,0.00,0,-777.32
0,0.00,0,-792.09
0,0.00,0,-794.22
0,0.00,0,-787.52
0,0.00,0,-775.49
0,0.00,0,-771.08
0,0.00,0,-787.21
0,0.00,0,-789.50
0,0.00,0,-785.08
0,0.00,0,-773.82
0,0.00,0,-777.02
0,0.00,0,-794.67
0,0.00,0,-796.04
0,0.00,0,-789.19
0,0.00,0,-776.56
0,0.00,0,-782.50
0,0.00,0,-795.74
0,0.00,0,-793.61
0,0.00,0,-782.34
0,0.00,0,-770.17
0,0.00,0,-778.39
0,0.00,0,-789.35
0,0.00,0,-786.45
0,0.00,0,-776.71
0,0.00,0,-768.19
0,0.00,0,-780.37
0,0.00,0,-792.39
0,0.00,0,-789.95
0,0.00,0,-781.74
0,0.00,0,-773.06
0,0.00,0,-786.76
0,0.00,0,-796.65
0,0.00,0,-791.02
0,0.00,0,-779.60
0,0.00,0,-768.49
0,0.00,0,-783.87
0,0.00,0,-789.35
0,0.00,0,-784.17
0,0.00,0,-772.15
0,0.00,0,-767.28
0,0.00,0,-785.39
0,0.00,0,-791.02
0,0.00,0,-785.84
0,0.00,0,-775.04
0,0.00,0,-775.34
0,0.00,0,-791.32
0,0.00,0,-794.67
0,0.00,0,-786.61
0,0.00,0,-774.73
0,0.00,0,-776.10
0,0.00,0,-790.26
0,0.00,0,-789.50
0,0.00,0,-779.91
0,0.00,0,-769.10
0,0.00,0,-773.97
0,0.00,0,-790.56
0,0.00,0,-789.95
0,0.00,0,-782.50
0,0.00,0,-772.60
0,0.00,0,-782.04
0,0.00,0,-796.50
0,0.00,0,-793.61
0,0.00,0,-784.93
0,0.00,0,-772.75
0,0.00,0,-782.95
0,0.00,0,-793.15
0,0.00,0,-788.13
0,0.00,0,-776.71
0,0.00,0,-766.97
0,0.00,0,-781.58
0,0.00,0,-791.17
0,0.00,0,-788.58
0,0.00,0,-780.21
0,0.00,0,-774.12
0,0.00,0,-790.26
0,0.00,0,-798.17
0,0.00,0,-792.54
0,0.00,0,-783.10
0,0.00,0,-776.41
0,0.00,0,-790.87
0,0.00,0,-794.22
0,0.00,0,-784.93
0,0.00,0,-772.91
0,0.00,0,-769.10
0,0.00,0,-787.37
0,0.00,0,-789.65
0,0.00,0,-784.32
0,0.00,0,-773.67
0,0.00,0,-776.10
0,0.00,0,-794.82
0,0.00,0,-794.06
0,0.00,0,-786.00
0,0.00,0,-772.15
0,0.00,0,-776.71
0,0.00,0,-790.41
0,0.00,0,-787.82
0,0.00,0,-778.54
0,0.00,0,-766.21
0,0.00,0,-775.19
0,0.00,0,-787.98
0,0.00,0,-787.37
0,0.00,0,-780.06
0,0.00,0,-771.39
0,0.00,0,-783.26
0,0.00,0,-794.52
0,0.00,0,-792.54
0,0.00,0,-781.43
0,0.00,0,-771.08
0,0.00,0,-782.95
0,0.00,0,-790.11
0,0.00,0,-785.08
0,0.00,0,-773.52
0,0.00,0,-766.67
0,0.00,0,-782.65
0,0.00,0,-790.56
0,0.00,0,-787.06
0,0.00,0,-776.71
0,0.00,0,-775.04
0,0.00,0,-792.24
0,0.00,0,-798.02
0,0.00,0,-792.09
0,0.00,0,-779.76
0,0.00,0,-776.26
0,0.00,0,-790.11
0,0.00,0,-791.63
0,0.00,0,-783.41
0,0.00,0,-771.39
0,0.00,0,-772.60
0,0.00,0,-787.67
0,0.00,0,-791.17
0,0.00,0,-784.47
0,0.00,0,-775.34
0,0.00,0,-780.82
0,0.00,0,-797.26
0,0.00,0,-797.72
0,0.00,0,-788.13
0,0.00,0,-776.41
0,0.00,0,-780.67
0,0.00,0,-794.22
0,0.00,0,-788.74
0,0.00,0,-778.69
0,0.00,0,-767.12
0,0.00,0,-777.32
0,0.00,0,-790.11
0,0.00,0,-787.21
0,0.00,0,-779.91
0,0.00,0,-771.84
0,0.00,0,-788.58
0,0.00,0,-798.48
0,0.00,0,-794.67
0,0.00,0,-784.32
0,0.00,0,-775.49
0,0.00,0,-789.80
0,0.00,0,-793.61
0,0.00,0,-786.91
0,0.00,0,-773.21
0,0.00,0,-768.19
0,0.00,0,-784.47
0,0.00,0,-791.17
0,0.00,0,-785.84
0,0.00,0,-776.56
0,0.00,0,-776.86
0,0.00,0,-794.82
0,0.00,0,-800.61
0,0.00,0,-793.46
0,0.00,0,-782.19
0,0.00,0,-780.06
0,0.00,0,-793.91
0,0.00,0,-792.54
0,0.00,0,-782.04
0,0.00,0,-769.41
0,0.00,0,-771.08
0,0.00,0,-788.13
0,0.00,0,-787.52
0,0.00,0,-781.13
0,0.00,0,-770.78
0,0.00,0,-779.30
0,0.00,0,-794.98
0,0.00,0,-793.15
0,0.00,0,-784.63
0,0.00,0,-772.91
0,0.00,0,-783.56
0,0.00,0,-792.54
0,0.00,0,-786.15
0,0.00,0,-775.34
0,0.00,0,-764.08
0,0.00,0,-777.63
0,0.00,0,-786.76
0,0.00,0,-784.17
0,0.00,0,-776.56
0,0.00,0,-771.54
0,0.00,0,-789.65
0,0.00,0,-798.33
0,0.00,0,-795.13
0,0.00,0,-784.32
0,0.00,0,-778.23
0,0.00,0,-793.15
0,0.00,0,-796.19
0,0.00,0,-787.98
0,0.00,0,-773.52
0,0.00,0,-769.25
0,0.00,0,-783.87
0,0.00,0,-787.67
0,0.00,0,-781.13
0,0.00,0,-771.23
0,0.00,0,-774.58
0,0.00,0,-792.85
0,0.00,0,-796.65
0,0.00,0,-789.65
0,0.00,0,-779.30
0,0.00,0,-781.74
0,0.00,0,-795.28
0,0.00,0,-792.54
0,0.00,0,-781.89
0,0.00,0,-768.95
0,0.00,0,-773.67
0,0.00,0,-787.06
0,0.00,0,-785.08
0,0.00,0,-777.02
0,0.00,0,-767.43
0,0.00,0,-779.45
0,0.00,0,-793.91
0,0.00,0,-791.48
0,0.00,0,-782.95
0,0.00,0,-773.36
0,0.00,0,-786.91
0,0.00,0,-795.89
0,0.00,0,-789.19
0,0.00,0,-777.93
0,0.00,0,-767.58
0,0.00,0,-783.10
0,0.00,0,-790.87
0,0.00,0,-785.24
0,0.00,0,-776.10
0,0.00,0,-771.54
0,0.00,0,-789.50
0,0.00,0,-796.35
0,0.00,0,-791.78
0,0.00,0,-781.28
0,0.00,0,-778.39
0,0.00,0,-794.67
0,0.00,0,-795.89
0,0.00,0,-787.37
0,0.00,0,-774.12
0,0.00,0,-773.36
0,0.00,0,-788.58
0,0.00,0,-789.35
0,0.00,0,-782.04
0,0.00,0,-770.32
0,0.00,0,-776.41
0,0.00,0,-792.24
0,0.00,0,-793.91
0,0.00,0,-787.52
0,0.00,0,-775.95
0,0.00,0,-783.10
0,0.00,0,-795.28
0,0.00,0,-793.15
0,0.00,0,-781.74
0,0.00,0,-769.71
0,0.00,0,-776.86
0,0.00,0,-787.98
0,0.00,0,-784.93
0,0.00,0,-774.73
0,0.00,0,-766.67
0,0.00,0,-780.21
0,0.00,0,-793.00
0,0.00,0,-788.89
0,0.00,0,-781.43
0,0.00,0,-772.75
0,0.00,0,-787.37
0,0.00,0,-794.52
0,0.00,0,-787.67
0,0.00,0,-776.26
0,0.00,0,-767.12
0,0.00,0,-783.41
0,0.00,0,-788.89
0,0.00,0,-782.80
0,0.00,0,-772.60
0,0.00,0,-770.93
0,0.00,0,-790.11
0,0.00,0,-794.52
0,0.00,0,-789.04
0,0.00,0,-778.84
0,0.00,0,-779.91
0,0.00,0,-794.06
0,0.00,0,-794.06
0,0.00,0,-784.63
0,0.00,0,-771.23
0,0.00,0,-773.97
0,0.00,0,-787.37
0,0.00,0,-787.21
0,0.00,0,-777.78
0,0.00,0,-767.43
0,0.00,0,-775.34
0,0.00,0,-791.17
0,0.00,0,-791.32
0,0.00,0,-782.65
0,0.00,0,-772.75
0,0.00,0,-781.28
0,0.00,0,-795.13
0,0.00,0,-790.72
0,0.00,0,-781.13
0,0.00,0,-769.10
0,0.00,0,-780.52
0,0.00,0,-790.56
0,0.00,0,-786.30
0,0.00,0,-777.63
0,0.00,0,-769.25
0,0.00,0,-786.00
0,0.00,0,-794.82
0,0.00,0,-791.48
0,0.00,0,-782.34
0,0.00,0,-775.65
0,0.00,0,-791.93
0,0.00,0,-796.80
0,0.00,0,-790.87
0,0.00,0,-779.00
0,0.00,0,-773.21
0,0.00,0,-787.82
0,0.00,0,-791.32
0,0.00,0,-784.32
0,0.00,0,-772.60
0,0.00,0,-772.15
0,0.00,0,-789.04
0,0.00,0,-792.85
0,0.00,0,-786.00
0,0.00,0,-775.80
0,0.00,0,-779.00
0,0.00,0,-795.89
0,0.00,0,-796.19
0,0.00,0,-786.61
0,0.00,0,-774.12
0,0.00,0,-778.69
0,0.00,0,-793.15
0,0.00,0,-790.72
0,0.00,0,-781.28
0,0.00,0,-768.95
0,0.00,0,-778.84
0,0.00,0,-793.46
0,0.00,0,-789.80
0,0.00,0,-782.65
0,0.00,0,-772.15
0,0.00,0,-785.24
0,0.00,0,-795.43
0,0.00,0,-791.48
0,0.00,0,-782.34
0,0.00,0,-771.54
0,0.00,0,-785.69
0,0.00,0,-792.24
0,0.00,0,-787.37
0,0.00,0,-776.71
0,0.00,0,-768.49
0,0.00,0,-785.08
0,0.00,0,-791.02
0,0.00,0,-787.06
0,0.00,0,-777.02
0,0.00,0,-774.89
0,0.00,0,-791.17
0,0.00,0,-795.13
0,0.00,0,-789.04
0,0.00,0,-775.80
0,0.00,0,-775.49
0,0.00,0,-789.35
0,0.00,0,-791.17
0,0.00,0,-783.26
0,0.00,0,-771.69
0,0.00,0,-774.28
0,0.00,0,-789.80
0,0.00,0,-792.24
0,0.00,0,-784.32
0,0.00,0,-774.28
0,0.00,0,-779.45
0,0.00,0,-795.28
0,0.00,0,-795.13
0,0.00,0,-785.39
0,0.00,0,-773.97
0,0.00,0,-781.43
0,0.00,0,-795.28
0,0.00,0,-791.48
0,0.00,0,-782.34
0,0.00,0,-771.69
0,0.00,0,-782.50
0,0.00,0,-793.76
0,0.00,0,-789.04
0,0.00,0,-781.13
0,0.00,0,-771.23
0,0.00,0,-786.15
0,0.00,0,-794.52
0,0.00,0,-789.80
0,0.00,0,-781.13
0,0.00,0,-772.15
0,0.00,0,-788.13
0,0.00,0,-794.37
0,0.00,0,-789.19
0,0.00,0,-777.32
0,0.00,0,-771.84
0,0.00,0,-788.28
0,0.00,0,-792.09
0,0.00,0,-784.93
0,0.00,0,-772.45
0,0.00,0,-771.08
0,0.00,0,-788.43
0,0.00,0,-790.87
0,0.00,0,-783.10
0,0.00,0,-771.99
0,0.00,0,-774.89
0,0.00,0,-791.02
0,0.00,0,-790.87
0,0.00,0,-783.56
0,0.00,0,-771.54
0,0.00,0,-776.71
0,0.00,0,-790.72
0,0.00,0,-788.89
0,0.00,0,-781.13
0,0.00,0,-769.41
0,0.00,0,-779.00
0,0.00,0,-791.78
0,0.00,0,-791.48
0,0.00,0,-782.95
0,0.00,0,-772.91
0,0.00,0,-785.08
0,0.00,0,-795.43
0,0.00,0,-792.69
0,0.00,0,-782.04
0,0.00,0,-773.06
0,0.00,0,-784.02
0,0.00,0,-791.48
0,0.00,0,-786.30
0,0.00,0,-775.04
0,0.00,0,-768.49
0,0.00,0,-781.28
0,0.00,0,-789.65
0,0.00,0,-785.08
0,0.00,0,-775.95
0,0.00,0,-772.30
0,0.00,0,-787.82
0,0.00,0,-794.67
0,0.00,0,-788.13
0,0.00,0,-778.08
0,0.00,0,-775.49
0,0.00,0,-791.63
0,0.00,0,-792.54
0,0.00,0,-783.41
0,0.00,0,-771.54
0,0.00,0,-771.69
0,0.00,0,-789.50
0,0.00,0,-791.17
0,0.00,0,-784.17
0,0.00,0,-772.45
0,0.00,0,-775.65
0,0.00,0,-792.39
0,0.00,0,-792.54
0,0.00,0,-785.54
0,0.00,0,-773.97
0,0.00,0,-780.21
0,0.00,0,-794.52
0,0.00,0,-791.78
0,0.00,0,-782.95
0,0.00,0,-771.39
0,0.00,0,-782.34
0,0.00,0,-794.52
0,0.00,0,-790.87
0,0.00,0,-782.50
0,0.00,0,-772.60
0,0.00,0,-786.00
0,0.00,0,-794.22
0,0.00,0,-789.65
0,0.00,0,-779.15
0,0.00,0,-769.25
0,0.00,0,-783.71
0,0.00,0,-789.95
0,0.00,0,-786.30
0,0.00,0,-775.34
0,0.00,0,-770.47
0,0.00,0,-786.76
0,0.00,0,-792.09
0,0.00,0,-788.28
0,0.00,0,-776.56
0,0.00,0,-775.19
0,0.00,0,-790.11
0,0.00,0,-794.06
0,0.00,0,-787.21
0,0.00,0,-774.28
0,0.00,0,-774.12
0,0.00,0,-788.89
0,0.00,0,-791.78
0,0.00,0,-783.41
0,0.00,0,-771.84
0,0.00,0,-774.12
0,0.00,0,-789.50
0,0.00,0,-792.39
0,0.00,0,-784.17
0,0.00,0,-773.97
0,0.00,0,-778.84
0,0.00,0,-793.61
0,0.00,0,-791.02
0,0.00,0,-782.65
0,0.00,0,-772.45
0,0.00,0,-780.06
0,0.00,0,-791.93
0,0.00,0,-788.74
0,0.00,0,-779.76
0,0.00,0,-769.56
0,0.00,0,-782.04
0,0.00,0,-792.69
0,0.00,0,-790.11
0,0.00,0,-780.21
0,0.00,0,-772.30
0,0.00,0,-786.61
0,0.00,0,-795.89
0,0.00,0,-791.02
0,0.00,0,-778.69
0,0.00,0,-771.84
0,0.00,0,-786.30
0,0.00,0,-793.30
0,0.00,0,-786.00
0,0.00,0,-776.41
0,0.00,0,-771.23
0,0.00,0,-788.43
0,0.00,0,-792.85
0,0.00,0,-786.76
0,0.00,0,-779.00
0,0.00,0,-775.95
0,0.00,0,-794.06
0,0.00,0,-795.13
0,0.00,0,-789.95
0,0.00,0,-776.86
0,0.00,0,-777.32
0,0.00,0,-792.54
0,0.00,0,-790.56
0,0.00,0,-782.95
0,0.00,0,-768.49
0,0.00,0,-774.43
0,0.00,0,-787.98
0,0.00,0,-787.52
0,0.00,0,-779.76
0,0.00,0,-768.95
0,0.00,0,-780.67
0,0.00,0,-792.24
0,0.00,0,-792.09
0,0.00,0,-782.19
0,0.00,0,-772.45
0,0.00,0,-782.65
0,0.00,0,-792.54
0,0.00,0,-789.95
0,0.00,0,-778.84
0,0.00,0,-769.56
0,0.00,0,-781.58
0,0.00,0,-792.24
0,0.00,0,-789.65
0,0.00,0,-780.37
0,0.00,0,-773.52
0,0.00,0,-788.13
0,0.00,0,-796.80
0,0.00,0,-791.63
0,0.00,0,-780.97
0,0.00,0,-774.12
0,0.00,0,-788.58
0,0.00,0,-793.15
0,0.00,0,-785.24
0,0.00,0,-774.43
0,0.00,0,-771.39
0,0.00,0,-788.28
0,0.00,0,-791.93
0,0.00,0,-785.39
0,0.00,0,-774.89
0,0.00,0,-776.41
0,0.00,0,-793.61
0,0.00,0,-796.19
0,0.00,0,-788.28
0,0.00,0,-777.02
0,0.00,0,-779.91
0,0.00,0,-795.28
0,0.00,0,-793.15
0,0.00,0,-783.56
0,0.00,0,-770.47
0,0.00,0,-775.95
0,0.00,0,-789.95
0,0.00,0,-787.98
0,0.00,0,-781.13
0,0.00,0,-770.17
0,0.00,0,-781.89
0,0.00,0,-793.15
0,0.00,0,-791.78
0,0.00,0,-782.50
0,0.00,0,-771.23
0,0.00,0,-784.32
0,0.00,0,-792.09
0,0.00,0,-788.74
0,0.00,0,-777.93
0,0.00,0,-770.32
0,0.00,0,-782.95
0,0.00,0,-791.32
0,0.00,0,-787.37
0,0.00,0,-776.86
0,0.00,0,-773.06
0,0.00,0,-788.13
0,0.00,0,-795.43
0,0.00,0,-789.80
0,0.00,0,-779.00
0,0.00,0,-774.73
0,0.00,0,-790.56
0,0.00,0,-794.52
0,0.00,0,-786.61
0,0.00,0,-774.73
0,0.00,0,-773.06
0,0.00,0,-790.41
0,0.00,0,-791.32
0,0.00,0,-784.32
0,0.00,0,-772.45
0,0.00,0,-775.95
0,0.00,0,-793.00
0,0.00,0,-793.46
0,0.00,0,-786.61
0,0.00,0,-775.49
0,0.00,0,-781.43
0,0.00,0,-794.52
0,0.00,0,-793.15
0,0.00,0,-784.32
0,0.00,0,-773.06
0,0.00,0,-780.21
0,0.00,0,-791.78
0,0.00,0,-790.26
0,0.00,0,-782.19
0,0.00,0,-772.60
0,0.00,0,-784.47
0,0.00,0,-795.59
0,0.00,0,-793.30
0,0.00,0,-783.10
0,0.00,0,-773.67
0,0.00,0,-785.84
0,0.00,0,-793.30
0,0.00,0,-787.06
0,0.00,0,-775.34
0,0.00,0,-767.58
0,0.00,0,-782.34
0,0.00,0,-789.19
0,0.00,0,-784.02
0,0.00,0,-773.52
0,0.00,0,-770.93
0,0.00,0,-787.67
0,0.00,0,-794.82
0,0.00,0,-789.19
0,0.00,0,-777.32
0,0.00,0,-774.73
0,0.00,0,-789.65
0,0.00,0,-792.09
0,0.00,0,-783.26
0,0.00,0,-770.93
0,0.00,0,-770.78
0,0.00,0,-786.15
0,0.00,0,-788.43
0,0.00,0,-781.13
0,0.00,0,-772.15
0,0.00,0,-777.63
0,0.00,0,-794.52
0,0.00,0,-794.37
0,0.00,0,-787.37
0,0.00,0,-776.10
0,0.00,0,-783.56
0,0.00,0,-796.35
0,0.00,0,-792.09
0,0.00,0,-782.04
0,0.00,0,-769.56
0,0.00,0,-779.76
0,0.00,0,-791.63
0,0.00,0,-788.74
0,0.00,0,-779.45
0,0.00,0,-769.71
0,0.00,0,-784.47
0,0.00,0,-794.22
0,0.00,0,-790.87
0,0.00,0,-779.91
0,0.00,0,-771.69
0,0.00,0,-785.69
0,0.00,0,-792.85
0,0.00,0,-786.91
0,0.00,0,-775.80
0,0.00,0,-770.62
0,0.00,0,-785.24
0,0.00,0,-790.56
0,0.00,0,-785.39
0,0.00,0,-776.56
0,0.00,0,-774.28
0,0.00,0,-791.63
0,0.00,0,-795.28
0,0.00,0,-789.19
0,0.00,0,-777.63
0,0.00,0,-778.23
0,0.00,0,-794.06
0,0.00,0,-794.82
0,0.00,0,-786.30
0,0.00,0,-772.75
0,0.00,0,-775.95
0,0.00,0,-790.26
0,0.00,0,-791.32
0,0.00,0,-782.95
0,0.00,0,-771.08
0,0.00,0,-778.54
0,0.00,0,-793.46
0,0.00,0,-793.15
0,0.00,0,-784.78
0,0.00,0,-774.43
0,0.00,0,-783.10
0,0.00,0,-795.28
0,0.00,0,-792.24
0,0.00,0,-781.13
0,0.00,0,-770.93
0,0.00,0,-781.89
0,0.00,0,-792.85
0,0.00,0,-788.43
0,0.00,0,-778.54
0,0.00,0,-771.54
0,0.00,0,-787.67
0,0.00,0,-797.72
0,0.00,0,-791.32
0,0.00,0,-781.74
0,0.00,0,-774.89
0,0.00,0,-791.32
0,0.00,0,-795.28
0,0.00,0,-787.52
0,0.00,0,-776.71
0,0.00,0,-771.99
0,0.00,0,-788.74
0,0.00,0,-790.87
0,0.00,0,-785.39
0,0.00,0,-774.28
0,0.00,0,-774.73
0,0.00,0,-791.17
0,0.00,0,-794.52
0,0.00,0,-788.43
0,0.00,0,-776.56
0,0.00,0,-779.60
0,0.00,0,-794.37
0,0.00,0,-794.22
0,0.00,0,-786.15
0,0.00,0,-772.91
0,0.00,0,-777.32
0,0.00,0,-790.41
0,0.00,0,-788.28
0,0.00,0,-780.52
0,0.00,0,-769.56
0,0.00,0,-779.60
0,0.00,0,-791.63
0,0.00,0,-789.65
0,0.00,0,-780.97
0,0.00,0,-770.93
0,0.00,0,-782.80
0,0.00,0,-792.85
0,0.00,0,-790.72
0,0.00,0,-779.15
0,0.00,0,-770.02
0,0.00,0,-782.65
0,0.00,0,-791.48
0,0.00,0,-787.67
0,0.00,0,-775.95
0,0.00,0,-770.47
0,0.00,0,-784.63
0,0.00,0,-794.37
0,0.00,0,-787.67
0,0.00,0,-777.93
0,0.00,0,-773.82
0,0.00,0,-788.74
0,0.00,0,-794.98
0,0.00,0,-786.15
0,0.00,0,-777.02
0,0.00,0,-773.21
0,0.00,0,-790.41
0,0.00,0,-793.30
0,0.00,0,-784.93
0,0.00,0,-774.89
0,0.00,0,-773.36
0,0.00,0,-791.63
0,0.00,0,-790.26
0,0.00,0,-783.87
0,0.00,0,-772.15
0,0.00,0,-777.02
0,0.00,0,-793.00
0,0.00,0,-790.72
0,0.00,0,-783.10
0,0.00,0,-770.17
0,0.00,0,-779.91
0,0.00,0,-792.24
0,0.00,0,-790.56
0,0.00,0,-780.06
0,0.00,0,-769.41
0,0.00,0,-780.67
0,0.00,0,-791.78
0,0.00,0,-789.19
0,0.00,0,-779.30
0,0.00,0,-770.47
0,0.00,0,-782.50
0,0.00,0,-792.85
0,0.00,0,-788.74
0,0.00,0,-779.30
0,0.00,0,-770.78
0,0.00,0,-784.47
0,0.00,0,-792.24
0,0.00,0,-786.91
0,0.00,0,-776.86
0,0.00,0,-770.93
0,0.00,0,-787.67
0,0.00,0,-792.69
0,0.00,0,-787.21
0,0.00,0,-775.19
0,0.00,0,-773.06
0,0.00,0,-789.95
0,0.00,0,-792.54
0,0.00,0,-785.84
0,0.00,0,-773.36
0,0.00,0,-775.04
0,0.00,0,-791.63
0,0.00,0,-793.61
0,0.00,0,-784.63
0,0.00,0,-773.82
0,0.00,0,-777.78
0,0.00,0,-793.00
0,0.00,0,-793.91
0,0.00,0,-785.24
0,0.00,0,-775.80
0,0.00,0,-781.13
0,0.00,0,-796.19
0,0.00,0,-793.76
0,0.00,0,-784.32
0,0.00,0,-772.45
0,0.00,0,-780.67
0,0.00,0,-792.85
0,0.00,0,-788.89
0,0.00,0,-780.21
0,0.00,0,-770.02
0,0.00,0,-783.41
0,0.00,0,-793.46
0,0.00,0,-789.80
0,0.00,0,-781.43
0,0.00,0,-773.82
0,0.00,0,-788.58
0,0.00,0,-794.98
0,0.00,0,-788.28
0,0.00,0,-777.63
0,0.00,0,-770.32
0,0.00,0,-785.08
0,0.00,0,-790.41
0,0.00,0,-784.02
0,0.00,0,-773.67
0,0.00,0,-770.32
0,0.00,0,-787.82
0,0.00,0,-793.15
0,0.00,0,-787.67
0,0.00,0,-776.86
0,0.00,0,-776.10
0,0.00,0,-791.78
0,0.00,0,-793.00
0,0.00,0,-785.39
0,0.00,0,-771.99
0,0.00,0,-773.67
0,0.00,0,-788.13
0,0.00,0,-787.67
0,0.00,0,-780.67
0,0.00,0,-768.04
0,0.00,0,-776.56
0,0.00,0,-790.56
0,0.00,0,-791.48
0,0.00,0,-783.71
0,0.00,0,-772.91
0,0.00,0,-783.56
0,0.00,0,-794.67
0,0.00,0,-793.30
0,0.00,0,-781.58
0,0.00,0,-771.39
0,0.00,0,-780.21
0,0.00,0,-789.35
0,0.00,0,-786.15
0,0.00,0,-773.97
0,0.00,0,-767.43
0,0.00,0,-780.97
0,0.00,0,-793.15
0,0.00,0,-789.19
0,0.00,0,-780.06
0,0.00,0,-774.89
0,0.00,0,-790.56
0,0.00,0,-799.09
0,0.00,0,-789.80
0,0.00,0,-779.45
0,0.00,0,-771.54
0,0.00,0,-788.28
0,0.00,0,-790.56
0,0.00,0,-781.89
0,0.00,0,-771.69
0,0.00,0,-769.86
0,0.00,0,-788.89
0,0.00,0,-791.63
0,0.00,0,-787.06
0,0.00,0,-777.63
0,0.00,0,-781.28
0,0.00,0,-798.02
0,0.00,0,-796.96
0,0.00,0,-790.11
0,0.00,0,-775.95
0,0.00,0,-780.67
0,0.00,0,-791.78
0,0.00,0,-788.74
0,0.00,0,-779.15
0,0.00,0,-766.97
0,0.00,0,-777.32
0,0.00,0,-789.04
0,0.00,0,-789.04
0,0.00,0,-780.52
0,0.00,0,-772.30
0,0.00,0,-785.39
0,0.00,0,-796.80
0,0.00,0,-793.61
0,0.00,0,-782.65
0,0.00,0,-772.91
0,0.00,0,-784.32
0,0.00,0,-792.69
0,0.00,0,-786.00
0,0.00,0,-775.04
0,0.00,0,-767.88
0,0.00,0,-783.87
0,0.00,0,-793.00
0,0.00,0,-788.89
0,0.00,0,-779.15
0,0.00,0,-775.19
0,0.00,0,-792.39
0,0.00,0,-797.41
0,0.00,0,-790.72
0,0.00,0,-778.84
0,0.00,0,-775.34
0,0.00,0,-790.41
0,0.00,0,-791.17
0,0.00,0,-782.19
0,0.00,0,-770.02
0,0.00,0,-770.93
0,0.00,0,-787.52
0,0.00,0,-788.74
0,0.00,0,-782.95
0,0.00,0,-773.21
0,0.00,0,-779.15
0,0.00,0,-794.82
0,0.00,0,-793.91
0,0.00,0,-785.69
0,0.00,0,-772.30
0,0.00,0,-779.30
0,0.00,0,-789.95
0,0.00,0,-786.30
0,0.00,0,-776.41
0,0.00,0,-764.23
0,0.00,0,-777.02
0,0.00,0,-787.52
0,0.00,0,-786.30
0,0.00,0,-777.78
0,0.00,0,-771.08
0,0.00,0,-786.45
0,0.00,0,-795.28
0,0.00,0,-791.93
0,0.00,0,-780.06
0,0.00,0,-772.45
0,0.00,0,-785.39
0,0.00,0,-791.17
0,0.00,0,-784.47
0,0.00,0,-772.30
0,0.00,0,-767.58
0,0.00,0,-783.87
0,0.00,0,-790.41
0,0.00,0,-784.78
0,0.00,0,-775.19
0,0.00,0,-775.19
0,0.00,0,-792.69
0,0.00,0,-796.65
0,0.00,0,-789.80
0,0.00,0,-778.54
0,0.00,0,-777.93
0,0.00,0,-791.78
0,0.00,0,-790.72
0,0.00,0,-782.50
0,0.00,0,-770.47
0,0.00,0,-774.12
0,0.00,0,-788.74
0,0.00,0,-789.19
0,0.00,0,-782.65
0,0.00,0,-772.15
0,0.00,0,-781.28
0,0.00,0,-795.59
0,0.00,0,-794.98
0,0.00,0,-784.78
0,0.00,0,-773.06
0,0.00,0,-782.04
