0,0.00,0,-800.91
0,0.00,0,-801.98
0,0.00,0,-800.15
0,0.00,0,-801.98
0,0.00,0,-802.28
0,0.00,0,-804.72
0,0.00,0,-804.87
0,0.00,0,-804.57
0,0.00,0,-804.26
0,0.00,0,-803.20
0,0.00,0,-803.96
0,0.00,0,-803.04
0,0.00,0,-803.81
0,0.00,0,-802.13
0,0.00,0,-802.13
0,0.00,0,-800.91
0,0.00,0,-801.67
0,0.00,0,-802.13
0,0.00,0,-803.50
0,0.00,0,-803.65
0,0.00,0,-804.41
0,0.00,0,-803.20
0,0.00,0,-803.96
0,0.00,0,-803.35
0,0.00,0,-803.50
0,0.00,0,-802.59
0,0.00,0,-802.44
0,0.00,0,-801.67
0,0.00,0,-801.22
0,0.00,0,-801.83
0,0.00,0,-801.67
0,0.00,0,-803.04
0,0.00,0,-802.13
0,0.00,0,-803.35
0,0.00,0,-802.59
0,0.00,0,-804.72
0,0.00,0,-804.26
0,0.00,0,-805.63
0,0.00,0,-804.41
0,0.00,0,-804.26
0,0.00,0,-802.59
0,0.00,0,-802.74
0,0.00,0,-802.89
0,0.00,0,-802.28
0,0.00,0,-802.13
0,0.00,0,-800.76
0,0.00,0,-801.67
0,0.00,0,-800.91
0,0.00,0,-802.89
0,0.00,0,-802.89
0,0.00,0,-804.41
0,0.00,0,-803.50
0,0.00,0,-802.89
0,0.00,0,-802.44
0,0.00,0,-802.89
0,0.00,0,-803.35
0,0.00,0,-803.35
0,0.00,0,-802.44
0,0.00,0,-801.83
0,0.00,0,-800.61
0,0.00,0,-801.07
0,0.00,0,-801.07
0,0.00,0,-802.59
0,0.00,0,-803.50
0,0.00,0,-803.20
0,0.00,0,-803.20
0,0.00,0,-802.13
0,0.00,0,-803.81
0,0.00,0,-803.04
0,0.00,0,-804.57
0,0.00,0,-803.20
0,0.00,0,-803.04
0,0.00,0,-801.07
0,0.00,0,-801.37
0,0.00,0,-801.52
0,0.00,0,-802.59
0,0.00,0,-803.35
0,0.00,0,-803.35
0,0.00,0,-803.20
0,0.00,0,-802.89
0,0.00,0,-803.81
0,0.00,0,-804.57
0,0.00,0,-805.48
0,0.00,0,-804.26
0,0.00,0,-803.65
0,0.00,0,-802.13
0,0.00,0,-802.28
0,0.00,0,-801.52
0,0.00,0,-801.67
0,0.00,0,-801.83
0,0.00,0,-801.98
0,0.00,0,-802.28
0,0.00,0,-802.13
0,0.00,0,-802.89
0,0.00,0,-803.65
0,0.00,0,-803.96
0,0.00,0,-803.50
0,0.00,0,-802.59
0,0.00,0,-802.59
0,0.00,0,-802.28
0,0.00,0,-802.28
0,0.00,0,-802.28
0,0.00,0,-801.67
0,0.00,0,-801.83
0,0.00,0,-800.30
0,0.00,0,-801.67
0,0.00,0,-801.67
0,0.00,0,-803.81
0,0.00,0,-803.96
0,0.00,0,-803.96
0,0.00,0,-804.11
0,0.00,0,-803.65
0,0.00,0,-804.72
0,0.00,0,-803.35
0,0.00,0,-804.41
0,0.00,0,-802.28
0,0.00,0,-802.13
0,0.00,0,-800.76
0,0.00,0,-801.22
0,0.00,0,-801.67
0,0.00,0,-802.44
0,0.00,0,-802.89
0,0.00,0,-802.74
0,0.00,0,-802.59
0,0.00,0,-803.50
0,0.00,0,-803.35
0,0.00,0,-804.72
0,0.00,0,-803.65
0,0.00,0,-804.26
0,0.00,0,-803.04
0,0.00,0,-802.74
0,0.00,0,-802.74
0,0.00,0,-801.52
0,0.00,0,-802.89
0,0.00,0,-801.83
0,0.00,0,-803.50
0,0.00,0,-801.83
0,0.00,0,-803.96
0,0.00,0,-803.04
0,0.00,0,-804.57
0,0.00,0,-802.89
0,0.00,0,-803.50
0,0.00,0,-802.89
0,0.00,0,-802.74
0,0.00,0,-803.20
0,0.00,0,-802.28
0,0.00,0,-803.04
0,0.00,0,-801.22
0,0.00,0,-802.89
0,0.00,0,-800.91
0,0.00,0,-803.35
0,0.00,0,-802.13
0,0.00,0,-803.96
0,0.00,0,-803.20
0,0.00,0,-803.81
0,0.00,0,-803.65
0,0.00,0,-803.65
0,0.00,0,-804.41
0,0.00,0,-803.20
0,0.00,0,-803.04
0,0.00,0,-801.52
0,0.00,0,-801.52
0,0.00,0,-801.83
0,0.00,0,-802.28
0,0.00,0,-803.35
0,0.00,0,-803.35
0,0.00,0,-803.96
0,0.00,0,-803.65
0,0.00,0,-803.35
0,0.00,0,-803.96
0,0.00,0,-804.26
0,0.00,0,-805.48
0,0.00,0,-803.50
0,0.00,0,-802.89
0,0.00,0,-801.07
0,0.00,0,-801.83
0,0.00,0,-800.61
0,0.00,0,-801.52
0,0.00,0,-801.98
0,0.00,0,-801.98
0,0.00,0,-802.59
0,0.00,0,-801.52
0,0.00,0,-803.20
0,0.00,0,-803.20
0,0.00,0,-804.72
0,0.00,0,-803.65
0,0.00,0,-803.96
0,0.00,0,-802.28
0,0.00,0,-803.20
0,0.00,0,-801.98
0,0.00,0,-802.74
0,0.00,0,-801.98
0,0.00,0,-801.67
0,0.00,0,-801.07
0,0.00,0,-801.37
0,0.00,0,-802.28
0,0.00,0,-802.74
0,0.00,0,-803.04
0,0.00,0,-802.89
0,0.00,0,-803.35
0,0.00,0,-802.28
0,0.00,0,-803.96
0,0.00,0,-802.89
0,0.00,0,-804.11
0,0.00,0,-802.44
0,0.00,0,-802.13
0,0.00,0,-801.37
0,0.00,0,-802.28
0,0.00,0,-803.04
0,0.00,0,-803.20
0,0.00,0,-803.35
0,0.00,0,-802.28
0,0.00,0,-802.89
0,0.00,0,-801.52
0,0.00,0,-803.96
0,0.00,0,-803.20
0,0.00,0,-804.72
0,0.00,0,-803.35
0,0.00,0,-802.59
0,0.00,0,-801.83
0,0.00,0,-801.83
0,0.00,0,-803.04
0,0.00,0,-803.04
0,0.00,0,-804.26
0,0.00,0,-803.20
0,0.00,0,-803.35
0,0.00,0,-803.20
0,0.00,0,-803.96
0,0.00,0,-804.72
0,0.00,0,-803.96
0,0.00,0,-804.41
0,0.00,0,-803.04
0,0.00,0,-801.98
0,0.00,0,-801.83
0,0.00,0,-801.37
0,0.00,0,-802.74
0,0.00,0,-801.52
0,0.00,0,-802.59
0,0.00,0,-801.67
0,0.00,0,-803.81
0,0.00,0,-802.89
0,0.00,0,-804.26
0,0.00,0,-803.50
0,0.00,0,-803.65
0,0.00,0,-802.89
0,0.00,0,-802.28
0,0.00,0,-803.35
0,0.00,0,-802.28
0,0.00,0,-803.81
0,0.00,0,-802.13
0,0.00,0,-803.65
0,0.00,0,-802.28
0,0.00,0,-803.96
0,0.00,0,-803.20
0,0.00,0,-804.57
0,0.00,0,-803.35
0,0.00,0,-802.89
0,0.00,0,-802.28
0,0.00,0,-801.98
0,0.00,0,-802.89
0,0.00,0,-801.67
0,0.00,0,-803.04
0,0.00,0,-801.98
0,0.00,0,-802.59
0,0.00,0,-801.98
0,0.00,0,-803.04
0,0.00,0,-803.81
0,0.00,0,-804.57
0,0.00,0,-803.96
0,0.00,0,-803.65
0,0.00,0,-802.74
0,0.00,0,-803.20
0,0.00,0,-802.59
0,0.00,0,-802.59
0,0.00,0,-802.13
0,0.00,0,-801.67
0,0.00,0,-800.91
0,0.00,0,-801.98
0,0.00,0,-802.13
0,0.00,0,-803.50
0,0.00,0,-803.81
0,0.00,0,-803.65
0,0.00,0,-803.81
0,0.00,0,-803.04
0,0.00,0,-803.96
0,0.00,0,-803.04
0,0.00,0,-803.81
0,0.00,0,-802.44
0,0.00,0,-802.59
0,0.00,0,-800.91
0,0.00,0,-801.98
0,0.00,0,-801.83
0,0.00,0,-803.04
0,0.00,0,-803.04
0,0.00,0,-802.89
0,0.00,0,-803.50
0,0.00,0,-802.59
0,0.00,0,-803.65
0,0.00,0,-802.74
0,0.00,0,-803.50
0,0.00,0,-802.28
0,0.00,0,-802.74
0,0.00,0,-801.83
0,0.00,0,-803.20
0,0.00,0,-802.59
0,0.00,0,-803.04
0,0.00,0,-801.98
0,0.00,0,-803.35
0,0.00,0,-802.59
0,0.00,0,-803.35
0,0.00,0,-803.20
0,0.00,0,-802.89
0,0.00,0,-802.59
0,0.00,0,-801.83
0,0.00,0,-802.59
0,0.00,0,-802.28
0,0.00,0,-804.26
0,0.00,0,-802.89
0,0.00,0,-803.35
0,0.00,0,-801.67
0,0.00,0,-802.44
0,0.00,0,-802.13
0,0.00,0,-802.74
0,0.00,0,-803.20
0,0.00,0,-802.89
0,0.00,0,-802.59
0,0.00,0,-801.67
0,0.00,0,-802.44
0,0.00,0,-802.44
0,0.00,0,-803.65
0,0.00,0,-802.74
0,0.00,0,-802.74
0,0.00,0,-801.83
0,0.00,0,-801.52
0,0.00,0,-801.52
0,0.00,0,-802.28
0,0.00,0,-802.74
0,0.00,0,-802.59
0,0.00,0,-802.44
0,0.00,0,-802.28
0,0.00,0,-802.44
0,0.00,0,-803.04
0,0.00,0,-803.50
0,0.00,0,-803.81
0,0.00,0,-803.35
0,0.00,0,-802.59
0,0.00,0,-802.28
0,0.00,0,-802.13
0,0.00,0,-802.89
0,0.00,0,-801.98
0,0.00,0,-802.89
0,0.00,0,-801.67
0,0.00,0,-802.44
0,0.00,0,-801.83
0,0.00,0,-802.44
0,0.00,0,-803.20
0,0.00,0,-803.50
0,0.00,0,-803.96
0,0.00,0,-802.74
0,0.00,0,-803.20
0,0.00,0,-802.44
0,0.00,0,-803.96
0,0.00,0,-802.89
0,0.00,0,-804.11
0,0.00,0,-802.59
0,0.00,0,-802.89
0,0.00,0,-801.98
0,0.00,0,-803.04
0,0.00,0,-802.89
0,0.00,0,-803.20
0,0.00,0,-802.74
0,0.00,0,-802.59
0,0.00,0,-802.28
0,0.00,0,-801.98
0,0.00,0,-802.13
0,0.00,0,-802.44
0,0.00,0,-803.04
0,0.00,0,-802.44
0,0.00,0,-801.98
0,0.00,0,-801.98
0,0.00,0,-802.89
0,0.00,0,-802.28
0,0.00,0,-803.50
0,0.00,0,-802.44
0,0.00,0,-803.96
0,0.00,0,-802.74
0,0.00,0,-803.04
0,0.00,0,-802.89
0,0.00,0,-803.20
0,0.00,0,-802.44
0,0.00,0,-801.67
0,0.00,0,-801.07
0,0.00,0,-801.83
0,0.00,0,-802.28
0,0.00,0,-802.89
0,0.00,0,-802.89
0,0.00,0,-802.74
0,0.00,0,-802.89
0,0.00,0,-802.13
0,0.00,0,-803.20
0,0.00,0,-803.04
0,0.00,0,-804.26
0,0.00,0,-802.89
0,0.00,0,-803.20
0,0.00,0,-801.98
0,0.00,0,-802.74
0,0.00,0,-801.98
0,0.00,0,-802.59
0,0.00,0,-802.74
0,0.00,0,-802.44
0,0.00,0,-801.67
0,0.00,0,-801.37
0,0.00,0,-802.13
0,0.00,0,-802.59
0,0.00,0,-803.20
0,0.00,0,-802.28
0,0.00,0,-803.20
0,0.00,0,-802.28
0,0.00,0,-803.35
0,0.00,0,-803.20
0,0.00,0,-804.26
0,0.00,0,-803.81
0,0.00,0,-803.65
0,0.00,0,-801.98
0,0.00,0,-802.89
0,0.00,0,-801.83
0,0.00,0,-802.44
0,0.00,0,-801.37
0,0.00,0,-801.67
0,0.00,0,-802.13
0,0.00,0,-801.37
0,0.00,0,-802.44
0,0.00,0,-801.67
0,0.00,0,-803.20
0,0.00,0,-802.44
0,0.00,0,-803.50
0,0.00,0,-803.50
0,0.00,0,-804.26
0,0.00,0,-803.65
0,0.00,0,-803.35
0,0.00,0,-802.89
0,0.00,0,-802.44
0,0.00,0,-801.67
0,0.00,0,-802.13
0,0.00,0,-802.44
0,0.00,0,-802.13
0,0.00,0,-802.44
0,0.00,0,-802.44
0,0.00,0,-803.50
0,0.00,0,-803.35
0,0.00,0,-804.72
0,0.00,0,-804.41
0,0.00,0,-804.57
0,0.00,0,-803.81
0,0.00,0,-803.04
0,0.00,0,-802.28
0,0.00,0,-802.44
0,0.00,0,-802.28
0,0.00,0,-802.44
0,0.00,0,-801.67
0,0.00,0,-801.37
0,0.00,0,-801.22
0,0.00,0,-801.98
0,0.00,0,-803.35
0,0.00,0,-804.41
0,0.00,0,-805.17
0,0.00,0,-803.65
0,0.00,0,-803.81
0,0.00,0,-802.13
0,0.00,0,-803.20
0,0.00,0,-801.67
0,0.00,0,-802.74
0,0.00,0,-801.22
0,0.00,0,-800.91
0,0.00,0,-800.76
0,0.00,0,-800.76
0,0.00,0,-803.04
0,0.00,0,-803.50
0,0.00,0,-804.72
0,0.00,0,-804.26
0,0.00,0,-804.41
0,0.00,0,-803.50
0,0.00,0,-804.11
0,0.00,0,-803.35
0,0.00,0,-803.20
0,0.00,0,-802.13
0,0.00,0,-801.67
0,0.00,0,-801.22
0,0.00,0,-802.44
0,0.00,0,-802.13
0,0.00,0,-802.89
0,0.00,0,-802.44
0,0.00,0,-803.81
0,0.00,0,-803.96
0,0.00,0,-804.72
0,0.00,0,-805.17
0,0.00,0,-804.26
0,0.00,0,-803.65
0,0.00,0,-802.13
0,0.00,0,-802.28
0,0.00,0,-801.67
0,0.00,0,-802.89
0,0.00,0,-801.83
0,0.00,0,-801.52
0,0.00,0,-801.22
0,0.00,0,-801.37
0,0.00,0,-802.59
0,0.00,0,-803.04
0,0.00,0,-804.87
0,0.00,0,-804.41
0,0.00,0,-804.72
0,0.00,0,-803.50
0,0.00,0,-803.20
0,0.00,0,-803.20
0,0.00,0,-803.04
0,0.00,0,-802.44
0,0.00,0,-801.52
0,0.00,0,-800.46
0,0.00,0,-800.30
0,0.00,0,-800.46
0,0.00,0,-801.98
0,0.00,0,-803.35
0,0.00,0,-804.11
0,0.00,0,-804.11
0,0.00,0,-803.96
0,0.00,0,-803.50
0,0.00,0,-803.65
0,0.00,0,-803.96
0,0.00,0,-803.65
0,0.00,0,-803.96
0,0.00,0,-801.83
0,0.00,0,-801.37
0,0.00,0,-799.85
0,0.00,0,-801.52
0,0.00,0,-801.67
0,0.00,0,-803.04
0,0.00,0,-802.44
0,0.00,0,-803.50
0,0.00,0,-802.89
0,0.00,0,-803.96
0,0.00,0,-803.81
0,0.00,0,-804.26
0,0.00,0,-804.26
0,0.00,0,-802.13
0,0.00,0,-802.13
0,0.00,0,-800.00
0,0.00,0,-801.67
0,0.00,0,-800.46
0,0.00,0,-802.44
0,0.00,0,-801.07
0,0.00,0,-802.89
0,0.00,0,-801.67
0,0.00,0,-803.20
0,0.00,0,-803.04
0,0.00,0,-804.26
0,0.00,0,-804.41
0,0.00,0,-803.96
0,0.00,0,-803.20
0,0.00,0,-802.59
0,0.00,0,-802.28
0,0.00,0,-802.13
0,0.00,0,-801.83
0,0.00,0,-801.37
0,0.00,0,-801.52
0,0.00,0,-801.07
0,0.00,0,-802.74
0,0.00,0,-803.04
0,0.00,0,-805.17
0,0.00,0,-804.11
0,0.00,0,-804.87
0,0.00,0,-802.89
0,0.00,0,-804.41
0,0.00,0,-803.35
0,0.00,0,-803.65
0,0.00,0,-802.59
0,0.00,0,-801.98
0,0.00,0,-801.22
0,0.00,0,-800.91
0,0.00,0,-801.98
0,0.00,0,-801.98
0,0.00,0,-802.74
0,0.00,0,-801.67
0,0.00,0,-802.74
0,0.00,0,-802.44
0,0.00,0,-804.11
0,0.00,0,-803.96
0,0.00,0,-805.17
0,0.00,0,-804.11
0,0.00,0,-803.81
0,0.00,0,-802.13
0,0.00,0,-802.28
0,0.00,0,-802.13
0,0.00,0,-802.74
0,0.00,0,-801.83
0,0.00,0,-801.83
0,0.00,0,-801.52
0,0.00,0,-802.13
0,0.00,0,-803.04
0,0.00,0,-803.81
0,0.00,0,-804.72
0,0.00,0,-803.81
0,0.00,0,-803.96
0,0.00,0,-802.44
0,0.00,0,-803.81
0,0.00,0,-802.44
0,0.00,0,-803.20
0,0.00,0,-801.07
0,0.00,0,-801.83
0,0.00,0,-800.91
0,0.00,0,-801.22
0,0.00,0,-801.98
0,0.00,0,-802.59
0,0.00,0,-804.11
0,0.00,0,-803.50
0,0.00,0,-804.11
0,0.00,0,-803.20
0,0.00,0,-804.11
0,0.00,0,-803.50
0,0.00,0,-803.04
0,0.00,0,-801.98
0,0.00,0,-801.37
0,0.00,0,-801.22
0,0.00,0,-801.52
0,0.00,0,-801.07
0,0.00,0,-801.67
0,0.00,0,-801.07
0,0.00,0,-801.98
0,0.00,0,-801.52
0,0.00,0,-802.89
0,0.00,0,-803.20
0,0.00,0,-803.50
0,0.00,0,-803.50
0,0.00,0,-802.74
0,0.00,0,-803.04
0,0.00,0,-801.52
0,0.00,0,-802.59
0,0.00,0,-801.83
0,0.00,0,-803.35
0,0.00,0,-802.13
0,0.00,0,-802.13
0,0.00,0,-801.98
0,0.00,0,-802.44
0,0.00,0,-803.35
0,0.00,0,-802.89
0,0.00,0,-803.65
0,0.00,0,-802.89
0,0.00,0,-802.74
0,0.00,0,-802.28
0,0.00,0,-802.89
0,0.00,0,-803.50
0,0.00,0,-803.50
0,0.00,0,-802.28
0,0.00,0,-801.98
0,0.00,0,-801.98
0,0.00,0,-803.04
0,0.00,0,-802.74
0,0.00,0,-803.81
0,0.00,0,-802.89
0,0.00,0,-803.81
0,0.00,0,-801.98
0,0.00,0,-803.04
0,0.00,0,-802.59
0,0.00,0,-803.50
0,0.00,0,-802.44
0,0.00,0,-802.28
0,0.00,0,-801.83
0,0.00,0,-801.98
0,0.00,0,-803.20
0,0.00,0,-802.44
0,0.00,0,-803.35
0,0.00,0,-801.52
0,0.00,0,-802.44
0,0.00,0,-801.52
0,0.00,0,-802.89
0,0.00,0,-802.74
0,0.00,0,-802.74
0,0.00,0,-802.13
0,0.00,0,-800.91
0,0.00,0,-801.07
0,0.00,0,-801.22
0,0.00,0,-802.44
0,0.00,0,-802.74
0,0.00,0,-803.20
0,0.00,0,-802.44
0,0.00,0,-802.13
0,0.00,0,-802.13
0,0.00,0,-803.35
0,0.00,0,-803.35
0,0.00,0,-803.50
0,0.00,0,-802.28
0,0.00,0,-801.67
0,0.00,0,-800.76
0,0.00,0,-801.67
0,0.00,0,-801.83
0,0.00,0,-803.04
0,0.00,0,-801.98
0,0.00,0,-801.98
0,0.00,0,-801.07
0,0.00,0,-801.98
0,0.00,0,-803.04
0,0.00,0,-803.35
0,0.00,0,-803.35
0,0.00,0,-802.28
0,0.00,0,-802.89
0,0.00,0,-802.13
0,0.00,0,-803.20
0,0.00,0,-802.28
0,0.00,0,-803.81
0,0.00,0,-801.67
0,0.00,0,-802.44
0,0.00,0,-800.76
0,0.00,0,-802.74
0,0.00,0,-802.59
0,0.00,0,-803.20
0,0.00,0,-802.89
0,0.00,0,-802.13
0,0.00,0,-803.20
0,0.00,0,-802.28
0,0.00,0,-804.41
0,0.00,0,-803.20
0,0.00,0,-804.41
0,0.00,0,-802.89
0,0.00,0,-802.89
0,0.00,0,-802.28
0,0.00,0,-802.74
0,0.00,0,-803.04
0,0.00,0,-802.59
0,0.00,0,-801.98
0,0.00,0,-801.67
0,0.00,0,-801.67
0,0.00,0,-802.28
0,0.00,0,-803.04
0,0.00,0,-803.35
0,0.00,0,-802.44
0,0.00,0,-802.13
0,0.00,0,-801.37
0,0.00,0,-802.59
0,0.00,0,-803.20
0,0.00,0,-803.81
0,0.00,0,-803.35
0,0.00,0,-802.13
0,0.00,0,-801.98
0,0.00,0,-800.30
0,0.00,0,-801.83
0,0.00,0,-801.07
0,0.00,0,-802.59
0,0.00,0,-800.91
0,0.00,0,-801.52
0,0.00,0,-800.91
0,0.00,0,-802.59
0,0.00,0,-803.04
0,0.00,0,-803.50
0,0.00,0,-803.65
0,0.00,0,-802.13
0,0.00,0,-802.13
0,0.00,0,-801.07
0,0.00,0,-803.50
0,0.00,0,-802.44
0,0.00,0,-803.65
0,0.00,0,-801.98
0,0.00,0,-801.98
0,0.00,0,-801.22
0,0.00,0,-801.37
0,0.00,0,-802.44
0,0.00,0,-802.44
0,0.00,0,-802.74
0,0.00,0,-801.37
0,0.00,0,-801.98
0,0.00,0,-801.98
0,0.00,0,-803.04
0,0.00,0,-803.20
0,0.00,0,-802.28
0,0.00,0,-801.98
0,0.00,0,-800.76
0,0.00,0,-800.91
0,0.00,0,-801.83
0,0.00,0,-802.59
0,0.00,0,-803.50
0,0.00,0,-802.28
0,0.00,0,-803.20
0,0.00,0,-802.59
0,0.00,0,-804.11
0,0.00,0,-803.20
0,0.00,0,-804.26
0,0.00,0,-802.28
0,0.00,0,-802.13
0,0.00,0,-801.07
0,0.00,0,-801.37
0,0.00,0,-802.13
0,0.00,0,-801.37
0,0.00,0,-802.74
0,0.00,0,-800.76
0,0.00,0,-802.44
0,0.00,0,-801.37
0,0.00,0,-804.11
0,0.00,0,-802.74
0,0.00,0,-803.96
0,0.00,0,-802.13
0,0.00,0,-802.28
0,0.00,0,-802.13
0,0.00,0,-802.44
0,0.00,0,-803.35
0,0.00,0,-801.98
0,0.00,0,-802.28
0,0.00,0,-800.76
0,0.00,0,-801.52
0,0.00,0,-801.67
0,0.00,0,-802.74
0,0.00,0,-803.20
0,0.00,0,-802.44
0,0.00,0,-802.13
0,0.00,0,-801.83
0,0.00,0,-801.67
0,0.00,0,-802.74
0,0.00,0,-802.13
0,0.00,0,-802.44
0,0.00,0,-800.61
0,0.00,0,-800.91
0,0.00,0,-799.85
0,0.00,0,-802.28
0,0.00,0,-801.83
0,0.00,0,-803.20
0,0.00,0,-802.28
0,0.00,0,-801.52
0,0.00,0,-802.13
0,0.00,0,-801.67
0,0.00,0,-804.11
0,0.00,0,-803.35
0,0.00,0,-804.72
0,0.00,0,-802.59
0,0.00,0,-802.89
0,0.00,0,-801.37
0,0.00,0,-802.89
0,0.00,0,-802.59
0,0.00,0,-802.59
0,0.00,0,-802.59
0,0.00,0,-800.61
0,0.00,0,-801.52
0,0.00,0,-801.22
0,0.00,0,-803.50
0,0.00,0,-802.28
0,0.00,0,-803.20
0,0.00,0,-802.13
0,0.00,0,-802.74
0,0.00,0,-802.59
0,0.00,0,-803.35
0,0.00,0,-803.65
0,0.00,0,-803.35
0,0.00,0,-801.98
0,0.00,0,-800.91
0,0.00,0,-800.91
0,0.00,0,-802.13
0,0.00,0,-802.28
0,0.00,0,-802.89
0,0.00,0,-801.98
0,0.00,0,-802.59
0,0.00,0,-802.13
0,0.00,0,-802.74
0,0.00,0,-803.65
0,0.00,0,-803.50
0,0.00,0,-803.20
0,0.00,0,-801.07
0,0.00,0,-801.98
0,0.00,0,-800.61
0,0.00,0,-802.74
0,0.00,0,-801.22
0,0.00,0,-803.35
0,0.00,0,-801.37
0,0.00,0,-802.13
0,0.00,0,-802.13
0,0.00,0,-803.65
0,0.00,0,-804.87
0,0.00,0,-803.81
0,0.00,0,-803.96
0,0.00,0,-802.13
0,0.00,0,-802.89
0,0.00,0,-801.67
0,0.00,0,-802.59
0,0.00,0,-801.98
0,0.00,0,-802.13
0,0.00,0,-801.07
0,0.00,0,-800.91
0,0.00,0,-801.52
0,0.00,0,-802.44
0,0.00,0,-803.65
0,0.00,0,-803.35
0,0.00,0,-802.74
0,0.00,0,-802.44
0,0.00,0,-801.37
0,0.00,0,-802.28
0,0.00,0,-802.28
0,0.00,0,-803.04
0,0.00,0,-801.98
0,0.00,0,-800.91
0,0.00,0,-800.46
0,0.00,0,-800.30
0,0.00,0,-801.37
0,0.00,0,-801.52
0,0.00,0,-802.28
0,0.00,0,-800.91
0,0.00,0,-801.83
0,0.00,0,-800.91
0,0.00,0,-803.35
0,0.00,0,-802.28
0,0.00,0,-802.89
0,0.00,0,-802.13
0,0.00,0,-801.98
0,0.00,0,-801.83
0,0.00,0,-802.28
0,0.00,0,-802.74
0,0.00,0,-802.59
0,0.00,0,-802.13
0,0.00,0,-800.61
0,0.00,0,-800.76
0,0.00,0,-800.61
0,0.00,0,-801.67
0,0.00,0,-801.98
0,0.00,0,-801.52
0,0.00,0,-801.37
0,0.00,0,-801.52
0,0.00,0,-802.13
0,0.00,0,-803.20
0,0.00,0,-803.20
0,0.00,0,-803.65
0,0.00,0,-803.20
0,0.00,0,-802.44
0,0.00,0,-802.74
0,0.00,0,-802.59
0,0.00,0,-803.20
0,0.00,0,-802.28
0,0.00,0,-801.67
0,0.00,0,-800.15
0,0.00,0,-800.46
0,0.00,0,-800.61
0,0.00,0,-802.59
0,0.00,0,-802.28
0,0.00,0,-803.50
0,0.00,0,-802.44
0,0.00,0,-803.20
0,0.00,0,-802.44
0,0.00,0,-803.81
0,0.00,0,-804.11
0,0.00,0,-804.11
0,0.00,0,-803.04
0,0.00,0,-801.37
0,0.00,0,-801.52
0,0.00,0,-801.07
0,0.00,0,-802.74
0,0.00,0,-801.98
0,0.00,0,-802.89
0,0.00,0,-801.22
0,0.00,0,-801.83
0,0.00,0,-801.52
0,0.00,0,-802.89
0,0.00,0,-803.81
0,0.00,0,-803.96
0,0.00,0,-803.35
0,0.00,0,-801.67
0,0.00,0,-800.91
0,0.00,0,-800.61
0,0.00,0,-801.07
0,0.00,0,-802.13
0,0.00,0,-801.07
0,0.00,0,-800.91
0,0.00,0,-800.00
0,0.00,0,-801.83
0,0.00,0,-802.28
0,0.00,0,-804.26
0,0.00,0,-804.41
0,0.00,0,-804.26
0,0.00,0,-803.81
0,0.00,0,-802.59
0,0.00,0,-803.20
0,0.00,0,-802.44
0,0.00,0,-803.04
0,0.00,0,-800.91
0,0.00,0,-800.61
0,0.00,0,-799.24
0,0.00,0,-800.76
0,0.00,0,-801.07
0,0.00,0,-801.98
0,0.00,0,-802.44
0,0.00,0,-802.74
0,0.00,0,-803.35
0,0.00,0,-803.81
0,0.00,0,-804.41
0,0.00,0,-804.41
0,0.00,0,-804.11
0,0.00,0,-802.13
0,0.00,0,-801.37
0,0.00,0,-800.61
0,0.00,0,-801.52
0,0.00,0,-801.83
0,0.00,0,-801.83
0,0.00,0,-801.37
0,0.00,0,-801.52
0,0.00,0,-802.28
0,0.00,0,-804.11
0,0.00,0,-805.02
0,0.00,0,-805.48
