0,0.00,0,-717.66
0,0.00,0,-765.75
0,0.00,0,-804.72
0,0.00,0,-788.43
0,0.00,0,-755.10
0,0.00,0,-716.29
0,0.00,0,-784.17
0,0.00,0,-796.19
0,0.00,0,-782.95
0,0.00,0,-738.36
0,0.00,0,-723.44
0,0.00,0,-795.74
0,0.00,0,-788.58
0,0.00,0,-775.34
0,0.00,0,-724.51
0,0.00,0,-741.55
0,0.00,0,-801.52
0,0.00,0,-787.82
0,0.00,0,-771.99
0,0.00,0,-718.11
0,0.00,0,-763.77
0,0.00,0,-804.57
0,0.00,0,-787.37
0,0.00,0,-757.84
0,0.00,0,-718.72
0,0.00,0,-783.41
0,0.00,0,-801.37
0,0.00,0,-786.45
0,0.00,0,-741.55
0,0.00,0,-725.72
0,0.00,0,-797.26
0,0.00,0,-793.15
0,0.00,0,-775.65
0,0.00,0,-723.90
0,0.00,0,-741.55
0,0.00,0,-802.89
0,0.00,0,-785.08
0,0.00,0,-766.36
0,0.00,0,-716.13
0,0.00,0,-762.10
0,0.00,0,-803.50
0,0.00,0,-783.71
0,0.00,0,-756.16
0,0.00,0,-717.35
0,0.00,0,-782.80
0,0.00,0,-799.85
0,0.00,0,-786.15
0,0.00,0,-744.90
0,0.00,0,-725.57
0,0.00,0,-797.56
0,0.00,0,-795.59
0,0.00,0,-779.91
0,0.00,0,-725.57
0,0.00,0,-741.40
0,0.00,0,-803.81
0,0.00,0,-787.67
0,0.00,0,-769.41
0,0.00,0,-713.39
0,0.00,0,-760.27
0,0.00,0,-802.89
0,0.00,0,-781.43
0,0.00,0,-754.34
0,0.00,0,-713.24
0,0.00,0,-781.43
0,0.00,0,-797.41
0,0.00,0,-781.89
0,0.00,0,-743.68
0,0.00,0,-724.81
0,0.00,0,-796.65
0,0.00,0,-793.15
0,0.00,0,-781.43
0,0.00,0,-729.83
0,0.00,0,-741.55
0,0.00,0,-804.26
0,0.00,0,-793.00
0,0.00,0,-774.73
0,0.00,0,-717.96
0,0.00,0,-761.64
0,0.00,0,-805.63
0,0.00,0,-788.43
0,0.00,0,-754.95
0,0.00,0,-716.44
0,0.00,0,-780.82
0,0.00,0,-797.11
0,0.00,0,-781.13
0,0.00,0,-740.03
0,0.00,0,-722.83
0,0.00,0,-794.82
0,0.00,0,-790.11
0,0.00,0,-774.89
0,0.00,0,-726.03
0,0.00,0,-740.03
0,0.00,0,-802.28
0,0.00,0,-787.98
0,0.00,0,-771.08
0,0.00,0,-717.66
0,0.00,0,-760.73
0,0.00,0,-805.02
0,0.00,0,-789.35
0,0.00,0,-761.34
0,0.00,0,-717.05
0,0.00,0,-782.65
0,0.00,0,-802.89
0,0.00,0,-788.13
0,0.00,0,-743.84
0,0.00,0,-724.66
0,0.00,0,-797.56
0,0.00,0,-793.61
0,0.00,0,-778.39
0,0.00,0,-724.51
0,0.00,0,-738.81
0,0.00,0,-803.04
0,0.00,0,-785.24
0,0.00,0,-768.80
0,0.00,0,-714.16
0,0.00,0,-761.80
0,0.00,0,-803.04
0,0.00,0,-784.63
0,0.00,0,-760.12
0,0.00,0,-715.07
0,0.00,0,-783.10
0,0.00,0,-798.78
0,0.00,0,-785.84
0,0.00,0,-744.60
0,0.00,0,-723.74
0,0.00,0,-796.04
0,0.00,0,-793.46
0,0.00,0,-780.82
0,0.00,0,-727.55
0,0.00,0,-740.49
0,0.00,0,-803.35
0,0.00,0,-790.11
0,0.00,0,-772.60
0,0.00,0,-717.66
0,0.00,0,-761.34
0,0.00,0,-804.87
0,0.00,0,-789.04
0,0.00,0,-758.14
0,0.00,0,-717.35
0,0.00,0,-781.58
0,0.00,0,-799.85
0,0.00,0,-784.63
0,0.00,0,-743.23
0,0.00,0,-722.53
0,0.00,0,-793.91
0,0.00,0,-792.54
0,0.00,0,-776.41
0,0.00,0,-726.48
0,0.00,0,-738.96
0,0.00,0,-800.91
0,0.00,0,-789.50
0,0.00,0,-770.93
0,0.00,0,-717.50
0,0.00,0,-759.82
0,0.00,0,-802.74
0,0.00,0,-787.21
0,0.00,0,-760.27
0,0.00,0,-714.76
0,0.00,0,-779.91
0,0.00,0,-799.54
0,0.00,0,-784.47
0,0.00,0,-742.77
0,0.00,0,-722.22
0,0.00,0,-795.43
0,0.00,0,-790.87
0,0.00,0,-778.23
0,0.00,0,-728.01
0,0.00,0,-736.99
0,0.00,0,-801.37
0,0.00,0,-785.84
0,0.00,0,-771.39
0,0.00,0,-718.72
0,0.00,0,-758.30
0,0.00,0,-804.11
0,0.00,0,-786.15
0,0.00,0,-761.34
0,0.00,0,-717.50
0,0.00,0,-778.39
0,0.00,0,-801.98
0,0.00,0,-785.69
0,0.00,0,-746.58
0,0.00,0,-721.31
0,0.00,0,-793.76
0,0.00,0,-794.82
0,0.00,0,-778.84
0,0.00,0,-727.40
0,0.00,0,-736.23
0,0.00,0,-803.20
0,0.00,0,-787.21
0,0.00,0,-768.04
0,0.00,0,-715.68
0,0.00,0,-757.84
0,0.00,0,-804.11
0,0.00,0,-782.04
0,0.00,0,-759.51
0,0.00,0,-715.07
0,0.00,0,-778.54
0,0.00,0,-800.30
0,0.00,0,-782.80
0,0.00,0,-747.49
0,0.00,0,-721.46
0,0.00,0,-793.76
0,0.00,0,-795.13
0,0.00,0,-782.19
0,0.00,0,-730.75
0,0.00,0,-735.01
0,0.00,0,-802.89
0,0.00,0,-789.65
0,0.00,0,-772.75
0,0.00,0,-717.66
0,0.00,0,-755.86
0,0.00,0,-806.39
0,0.00,0,-784.93
0,0.00,0,-759.06
0,0.00,0,-713.70
0,0.00,0,-778.23
0,0.00,0,-801.37
0,0.00,0,-780.97
0,0.00,0,-744.14
0,0.00,0,-721.00
0,0.00,0,-793.76
0,0.00,0,-792.69
0,0.00,0,-780.37
0,0.00,0,-730.29
0,0.00,0,-736.07
0,0.00,0,-802.89
0,0.00,0,-789.35
0,0.00,0,-773.21
0,0.00,0,-719.03
0,0.00,0,-757.38
0,0.00,0,-803.96
0,0.00,0,-789.04
0,0.00,0,-761.19
0,0.00,0,-715.83
0,0.00,0,-778.69
0,0.00,0,-799.70
0,0.00,0,-784.63
0,0.00,0,-745.21
0,0.00,0,-721.16
0,0.00,0,-793.61
0,0.00,0,-793.76
0,0.00,0,-778.54
0,0.00,0,-729.22
0,0.00,0,-736.23
0,0.00,0,-801.98
0,0.00,0,-789.19
0,0.00,0,-771.84
0,0.00,0,-719.94
0,0.00,0,-756.16
0,0.00,0,-802.13
0,0.00,0,-787.98
0,0.00,0,-760.43
0,0.00,0,-717.96
0,0.00,0,-777.17
0,0.00,0,-800.00
0,0.00,0,-786.76
0,0.00,0,-745.51
0,0.00,0,-723.29
0,0.00,0,-793.91
0,0.00,0,-796.50
0,0.00,0,-781.74
0,0.00,0,-729.22
0,0.00,0,-737.60
0,0.00,0,-802.28
0,0.00,0,-787.67
0,0.00,0,-771.99
0,0.00,0,-717.81
0,0.00,0,-754.03
0,0.00,0,-802.59
0,0.00,0,-785.24
0,0.00,0,-759.82
0,0.00,0,-714.31
0,0.00,0,-777.32
0,0.00,0,-799.70
0,0.00,0,-785.84
0,0.00,0,-747.79
0,0.00,0,-721.77
0,0.00,0,-795.28
0,0.00,0,-796.35
0,0.00,0,-783.41
0,0.00,0,-731.05
0,0.00,0,-736.07
0,0.00,0,-802.89
0,0.00,0,-787.82
0,0.00,0,-771.08
0,0.00,0,-717.81
0,0.00,0,-753.12
0,0.00,0,-802.28
0,0.00,0,-783.56
0,0.00,0,-759.21
0,0.00,0,-713.39
0,0.00,0,-775.34
0,0.00,0,-798.17
0,0.00,0,-783.26
0,0.00,0,-748.25
0,0.00,0,-720.09
0,0.00,0,-794.98
0,0.00,0,-797.56
0,0.00,0,-784.93
0,0.00,0,-734.25
0,0.00,0,-735.16
0,0.00,0,-804.26
0,0.00,0,-791.78
0,0.00,0,-773.82
0,0.00,0,-718.72
0,0.00,0,-754.19
0,0.00,0,-805.78
0,0.00,0,-785.39
0,0.00,0,-759.51
0,0.00,0,-712.94
0,0.00,0,-776.10
0,0.00,0,-797.56
0,0.00,0,-779.30
0,0.00,0,-746.12
0,0.00,0,-717.35
0,0.00,0,-791.63
0,0.00,0,-793.61
0,0.00,0,-780.97
0,0.00,0,-733.64
0,0.00,0,-735.77
0,0.00,0,-802.59
0,0.00,0,-789.65
0,0.00,0,-777.47
0,0.00,0,-720.24
0,0.00,0,-753.88
0,0.00,0,-805.94
0,0.00,0,-788.13
0,0.00,0,-762.86
0,0.00,0,-714.92
0,0.00,0,-777.32
0,0.00,0,-801.37
0,0.00,0,-784.02
0,0.00,0,-747.95
0,0.00,0,-718.57
0,0.00,0,-792.85
0,0.00,0,-795.43
0,0.00,0,-781.28
0,0.00,0,-732.42
0,0.00,0,-733.03
0,0.00,0,-802.59
0,0.00,0,-788.74
0,0.00,0,-773.06
0,0.00,0,-721.77
0,0.00,0,-753.42
0,0.00,0,-804.57
0,0.00,0,-790.11
0,0.00,0,-763.77
0,0.00,0,-717.20
0,0.00,0,-774.58
0,0.00,0,-800.00
0,0.00,0,-785.84
0,0.00,0,-747.49
0,0.00,0,-719.03
0,0.00,0,-791.02
0,0.00,0,-797.41
0,0.00,0,-780.97
0,0.00,0,-731.35
0,0.00,0,-733.79
0,0.00,0,-800.91
0,0.00,0,-789.65
0,0.00,0,-773.82
0,0.00,0,-720.85
0,0.00,0,-752.36
0,0.00,0,-804.57
0,0.00,0,-788.89
0,0.00,0,-763.93
0,0.00,0,-716.13
0,0.00,0,-773.97
0,0.00,0,-801.07
0,0.00,0,-784.78
0,0.00,0,-748.10
0,0.00,0,-719.18
0,0.00,0,-789.80
0,0.00,0,-796.35
0,0.00,0,-782.65
0,0.00,0,-733.33
0,0.00,0,-732.42
0,0.00,0,-801.22
0,0.00,0,-791.02
0,0.00,0,-774.58
0,0.00,0,-721.46
0,0.00,0,-751.75
0,0.00,0,-803.65
0,0.00,0,-787.37
0,0.00,0,-763.32
0,0.00,0,-715.53
0,0.00,0,-772.91
0,0.00,0,-797.87
0,0.00,0,-781.58
0,0.00,0,-748.55
0,0.00,0,-717.50
0,0.00,0,-788.89
0,0.00,0,-793.61
0,0.00,0,-780.37
0,0.00,0,-733.49
0,0.00,0,-730.29
0,0.00,0,-800.91
0,0.00,0,-788.74
0,0.00,0,-773.36
0,0.00,0,-721.92
0,0.00,0,-748.25
0,0.00,0,-803.65
0,0.00,0,-785.84
0,0.00,0,-764.08
0,0.00,0,-716.89
0,0.00,0,-769.10
0,0.00,0,-802.28
0,0.00,0,-782.95
0,0.00,0,-750.68
0,0.00,0,-719.63
0,0.00,0,-788.89
0,0.00,0,-796.19
0,0.00,0,-781.89
0,0.00,0,-737.75
0,0.00,0,-730.29
0,0.00,0,-800.15
0,0.00,0,-792.09
0,0.00,0,-775.65
0,0.00,0,-725.88
0,0.00,0,-748.10
0,0.00,0,-804.26
0,0.00,0,-792.85
0,0.00,0,-766.06
0,0.00,0,-719.03
0,0.00,0,-769.25
0,0.00,0,-801.22
0,0.00,0,-788.13
0,0.00,0,-749.77
0,0.00,0,-719.18
0,0.00,0,-787.21
0,0.00,0,-798.17
0,0.00,0,-782.04
0,0.00,0,-734.09
0,0.00,0,-732.27
0,0.00,0,-798.33
0,0.00,0,-792.69
0,0.00,0,-774.73
0,0.00,0,-721.92
0,0.00,0,-749.77
0,0.00,0,-800.76
0,0.00,0,-788.58
0,0.00,0,-765.14
0,0.00,0,-717.50
0,0.00,0,-768.80
0,0.00,0,-800.15
0,0.00,0,-787.67
0,0.00,0,-752.05
0,0.00,0,-719.48
0,0.00,0,-785.24
0,0.00,0,-796.50
0,0.00,0,-782.95
0,0.00,0,-734.70
0,0.00,0,-727.85
0,0.00,0,-798.33
0,0.00,0,-789.95
0,0.00,0,-773.06
0,0.00,0,-720.85
0,0.00,0,-744.60
0,0.00,0,-803.65
0,0.00,0,-784.78
0,0.00,0,-763.93
0,0.00,0,-714.76
0,0.00,0,-766.67
0,0.00,0,-803.20
0,0.00,0,-783.56
0,0.00,0,-755.25
0,0.00,0,-717.96
0,0.00,0,-786.45
0,0.00,0,-798.78
0,0.00,0,-784.78
0,0.00,0,-740.49
0,0.00,0,-727.70
0,0.00,0,-799.70
0,0.00,0,-792.09
0,0.00,0,-777.47
0,0.00,0,-722.53
0,0.00,0,-744.14
0,0.00,0,-803.50
0,0.00,0,-785.54
0,0.00,0,-765.60
0,0.00,0,-712.94
0,0.00,0,-765.45
0,0.00,0,-802.59
0,0.00,0,-783.56
0,0.00,0,-753.58
0,0.00,0,-716.44
0,0.00,0,-786.91
0,0.00,0,-799.09
0,0.00,0,-785.08
0,0.00,0,-741.10
0,0.00,0,-728.46
0,0.00,0,-799.24
0,0.00,0,-795.43
0,0.00,0,-781.43
0,0.00,0,-725.42
0,0.00,0,-745.05
0,0.00,0,-803.81
0,0.00,0,-789.95
0,0.00,0,-765.75
0,0.00,0,-715.37
0,0.00,0,-765.60
0,0.00,0,-800.91
0,0.00,0,-786.15
0,0.00,0,-751.90
0,0.00,0,-716.74
0,0.00,0,-784.78
0,0.00,0,-795.74
0,0.00,0,-783.10
0,0.00,0,-737.90
0,0.00,0,-726.03
0,0.00,0,-797.41
0,0.00,0,-791.63
0,0.00,0,-779.60
0,0.00,0,-725.72
0,0.00,0,-743.99
0,0.00,0,-802.59
0,0.00,0,-788.28
0,0.00,0,-771.39
0,0.00,0,-716.89
0,0.00,0,-764.69
0,0.00,0,-802.74
0,0.00,0,-787.67
0,0.00,0,-755.86
0,0.00,0,-717.96
0,0.00,0,-783.26
0,0.00,0,-798.17
0,0.00,0,-785.08
0,0.00,0,-738.66
0,0.00,0,-726.18
0,0.00,0,-796.04
0,0.00,0,-792.54
0,0.00,0,-778.23
0,0.00,0,-725.42
0,0.00,0,-742.01
0,0.00,0,-802.74
0,0.00,0,-789.80
0,0.00,0,-769.86
0,0.00,0,-718.57
0,0.00,0,-764.23
0,0.00,0,-803.20
0,0.00,0,-790.11
0,0.00,0,-759.06
0,0.00,0,-718.57
0,0.00,0,-782.34
0,0.00,0,-799.70
0,0.00,0,-787.21
0,0.00,0,-740.79
0,0.00,0,-726.94
0,0.00,0,-795.59
0,0.00,0,-795.89
0,0.00,0,-780.37
0,0.00,0,-725.88
0,0.00,0,-741.70
0,0.00,0,-801.52
0,0.00,0,-789.19
0,0.00,0,-768.19
0,0.00,0,-715.37
0,0.00,0,-761.03
0,0.00,0,-802.28
0,0.00,0,-785.54
0,0.00,0,-754.49
0,0.00,0,-716.74
0,0.00,0,-782.34
0,0.00,0,-796.50
0,0.00,0,-786.00
0,0.00,0,-743.38
0,0.00,0,-724.35
0,0.00,0,-797.56
0,0.00,0,-793.91
0,0.00,0,-781.74
0,0.00,0,-727.70
0,0.00,0,-740.49
0,0.00,0,-802.89
0,0.00,0,-788.58
0,0.00,0,-770.93
0,0.00,0,-716.13
0,0.00,0,-759.51
0,0.00,0,-802.89
0,0.00,0,-784.63
0,0.00,0,-756.93
0,0.00,0,-714.00
0,0.00,0,-780.67
0,0.00,0,-799.54
0,0.00,0,-783.71
0,0.00,0,-743.07
0,0.00,0,-723.29
0,0.00,0,-796.35
0,0.00,0,-793.46
0,0.00,0,-781.28
0,0.00,0,-728.61
0,0.00,0,-738.81
0,0.00,0,-804.41
0,0.00,0,-788.58
0,0.00,0,-771.99
0,0.00,0,-716.44
0,0.00,0,-761.03
0,0.00,0,-803.81
0,0.00,0,-786.15
0,0.00,0,-761.03
0,0.00,0,-713.55
0,0.00,0,-779.00
0,0.00,0,-798.63
0,0.00,0,-782.80
0,0.00,0,-743.07
0,0.00,0,-721.00
0,0.00,0,-795.13
0,0.00,0,-793.61
0,0.00,0,-781.28
0,0.00,0,-730.44
0,0.00,0,-737.60
0,0.00,0,-804.87
0,0.00,0,-790.56
0,0.00,0,-774.58
0,0.00,0,-720.40
0,0.00,0,-758.45
0,0.00,0,-805.63
0,0.00,0,-790.41
0,0.00,0,-761.64
0,0.00,0,-715.98
0,0.00,0,-778.08
0,0.00,0,-800.00
0,0.00,0,-784.02
0,0.00,0,-742.77
0,0.00,0,-720.40
0,0.00,0,-792.24
0,0.00,0,-793.15
0,0.00,0,-778.54
0,0.00,0,-729.22
0,0.00,0,-735.31
0,0.00,0,-802.89
0,0.00,0,-789.65
0,0.00,0,-772.60
0,0.00,0,-720.09
0,0.00,0,-757.69
0,0.00,0,-804.87
0,0.00,0,-790.56
0,0.00,0,-763.17
0,0.00,0,-717.81
0,0.00,0,-777.93
0,0.00,0,-801.83
0,0.00,0,-787.82
0,0.00,0,-745.21
0,0.00,0,-724.05
0,0.00,0,-792.54
0,0.00,0,-795.59
0,0.00,0,-780.21
0,0.00,0,-726.33
0,0.00,0,-739.27
0,0.00,0,-799.39
0,0.00,0,-787.52
0,0.00,0,-771.08
0,0.00,0,-718.72
0,0.00,0,-755.71
0,0.00,0,-800.46
0,0.00,0,-786.61
0,0.00,0,-759.82
0,0.00,0,-715.83
0,0.00,0,-775.95
0,0.00,0,-800.46
0,0.00,0,-787.21
0,0.00,0,-746.58
0,0.00,0,-722.53
0,0.00,0,-793.46
0,0.00,0,-796.50
0,0.00,0,-782.50
0,0.00,0,-732.27
0,0.00,0,-735.62
0,0.00,0,-802.28
0,0.00,0,-791.78
0,0.00,0,-773.52
0,0.00,0,-718.11
0,0.00,0,-754.03
0,0.00,0,-802.44
0,0.00,0,-785.24
0,0.00,0,-759.21
0,0.00,0,-712.02
0,0.00,0,-775.34
0,0.00,0,-799.54
0,0.00,0,-782.95
0,0.00,0,-745.66
0,0.00,0,-718.72
0,0.00,0,-794.82
0,0.00,0,-793.00
0,0.00,0,-781.13
0,0.00,0,-730.75
0,0.00,0,-733.03
0,0.00,0,-803.50
0,0.00,0,-788.13
0,0.00,0,-774.58
0,0.00,0,-718.42
0,0.00,0,-754.34
0,0.00,0,-805.02
0,0.00,0,-785.84
0,0.00,0,-763.32
0,0.00,0,-715.98
0,0.00,0,-775.34
0,0.00,0,-801.37
0,0.00,0,-784.93
0,0.00,0,-750.23
0,0.00,0,-720.24
0,0.00,0,-791.93
0,0.00,0,-797.56
0,0.00,0,-782.50
0,0.00,0,-735.16
0,0.00,0,-734.40
0,0.00,0,-801.37
0,0.00,0,-794.37
0,0.00,0,-776.26
0,0.00,0,-722.07
0,0.00,0,-753.73
0,0.00,0,-804.11
0,0.00,0,-788.28
0,0.00,0,-761.34
0,0.00,0,-713.09
0,0.00,0,-775.19
0,0.00,0,-800.00
0,0.00,0,-783.10
0,0.00,0,-743.38
0,0.00,0,-718.57
0,0.00,0,-793.00
0,0.00,0,-792.09
0,0.00,0,-779.30
0,0.00,0,-732.12
0,0.00,0,-732.88
0,0.00,0,-801.37
0,0.00,0,-789.04
0,0.00,0,-775.95
0,0.00,0,-721.77
0,0.00,0,-753.12
0,0.00,0,-803.50
0,0.00,0,-789.19
0,0.00,0,-764.69
0,0.00,0,-715.83
0,0.00,0,-773.52
0,0.00,0,-802.13
0,0.00,0,-786.00
0,0.00,0,-747.03
0,0.00,0,-718.42
0,0.00,0,-790.11
0,0.00,0,-794.22
0,0.00,0,-778.69
0,0.00,0,-732.42
0,0.00,0,-730.29
0,0.00,0,-801.37
0,0.00,0,-788.43
0,0.00,0,-774.73
0,0.00,0,-721.92
0,0.00,0,-751.14
0,0.00,0,-805.17
0,0.00,0,-788.13
0,0.00,0,-766.67
0,0.00,0,-717.66
0,0.00,0,-772.60
0,0.00,0,-803.50
0,0.00,0,-789.19
0,0.00,0,-751.29
0,0.00,0,-719.79
0,0.00,0,-790.26
0,0.00,0,-795.28
0,0.00,0,-781.74
0,0.00,0,-730.75
0,0.00,0,-730.29
0,0.00,0,-801.07
0,0.00,0,-789.65
0,0.00,0,-775.19
0,0.00,0,-718.57
0,0.00,0,-752.51
0,0.00,0,-804.72
0,0.00,0,-786.61
0,0.00,0,-765.60
0,0.00,0,-715.83
0,0.00,0,-773.21
0,0.00,0,-801.83
0,0.00,0,-786.15
0,0.00,0,-750.53
0,0.00,0,-718.87
0,0.00,0,-789.80
0,0.00,0,-795.59
0,0.00,0,-780.97
0,0.00,0,-732.57
0,0.00,0,-731.51
0,0.00,0,-800.30
0,0.00,0,-788.74
0,0.00,0,-773.97
0,0.00,0,-721.77
0,0.00,0,-749.01
0,0.00,0,-803.65
0,0.00,0,-786.15
0,0.00,0,-764.54
0,0.00,0,-716.74
0,0.00,0,-770.62
0,0.00,0,-801.98
0,0.00,0,-785.39
0,0.00,0,-751.14
0,0.00,0,-720.09
0,0.00,0,-787.52
0,0.00,0,-797.56
0,0.00,0,-783.41
0,0.00,0,-735.62
0,0.00,0,-731.20
0,0.00,0,-799.39
0,0.00,0,-793.15
0,0.00,0,-775.65
0,0.00,0,-720.55
0,0.00,0,-749.01
0,0.00,0,-804.41
0,0.00,0,-787.37
0,0.00,0,-762.71
0,0.00,0,-715.07
0,0.00,0,-770.02
0,0.00,0,-800.30
0,0.00,0,-783.41
0,0.00,0,-750.68
0,0.00,0,-717.96
0,0.00,0,-788.43
0,0.00,0,-796.65
0,0.00,0,-782.50
0,0.00,0,-736.83
0,0.00,0,-733.18
0,0.00,0,-800.00
0,0.00,0,-794.82
0,0.00,0,-778.08
0,0.00,0,-723.14
0,0.00,0,-750.23
0,0.00,0,-802.44
0,0.00,0,-789.95
0,0.00,0,-763.77
0,0.00,0,-713.85
0,0.00,0,-770.17
0,0.00,0,-800.30
0,0.00,0,-783.71
0,0.00,0,-746.58
0,0.00,0,-718.87
0,0.00,0,-787.67
0,0.00,0,-794.37
0,0.00,0,-781.58
0,0.00,0,-735.16
0,0.00,0,-730.90
0,0.00,0,-799.70
0,0.00,0,-792.24
0,0.00,0,-777.17
0,0.00,0,-723.74
0,0.00,0,-749.01
0,0.00,0,-803.81
0,0.00,0,-787.98
0,0.00,0,-766.21
0,0.00,0,-715.22
0,0.00,0,-767.43
0,0.00,0,-803.35
0,0.00,0,-785.08
0,0.00,0,-750.23
0,0.00,0,-718.26
0,0.00,0,-788.43
0,0.00,0,-798.63
0,0.00,0,-783.26
0,0.00,0,-738.36
0,0.00,0,-730.14
0,0.00,0,-799.85
0,0.00,0,-792.09
0,0.00,0,-777.47
0,0.00,0,-723.44
0,0.00,0,-745.81
0,0.00,0,-803.20
0,0.00,0,-788.43
0,0.00,0,-765.14
0,0.00,0,-714.92
0,0.00,0,-767.73
0,0.00,0,-801.83
0,0.00,0,-785.84
0,0.00,0,-752.05
0,0.00,0,-716.74
0,0.00,0,-787.52
0,0.00,0,-798.02
0,0.00,0,-783.56
0,0.00,0,-736.99
0,0.00,0,-730.75
0,0.00,0,-800.61
0,0.00,0,-791.63
0,0.00,0,-779.91
0,0.00,0,-724.51
0,0.00,0,-746.88
0,0.00,0,-802.89
0,0.00,0,-788.58
0,0.00,0,-767.12
0,0.00,0,-714.92
0,0.00,0,-768.34
0,0.00,0,-801.98
0,0.00,0,-786.30
0,0.00,0,-752.36
0,0.00,0,-716.44
0,0.00,0,-786.61
0,0.00,0,-796.50
0,0.00,0,-782.34
0,0.00,0,-736.38
0,0.00,0,-726.33
0,0.00,0,-799.85
0,0.00,0,-789.80
0,0.00,0,-777.47
0,0.00,0,-724.51
0,0.00,0,-744.44
0,0.00,0,-805.02
0,0.00,0,-787.52
0,0.00,0,-768.95
0,0.00,0,-716.13
0,0.00,0,-767.28
0,0.00,0,-803.65
0,0.00,0,-786.15
0,0.00,0,-754.79
0,0.00,0,-715.98
0,0.00,0,-786.76
0,0.00,0,-797.56
0,0.00,0,-781.58
0,0.00,0,-737.75
0,0.00,0,-727.40
0,0.00,0,-798.78
0,0.00,0,-789.65
0,0.00,0,-777.17
0,0.00,0,-723.90
0,0.00,0,-743.99
0,0.00,0,-804.11
0,0.00,0,-787.37
0,0.00,0,-767.88
0,0.00,0,-717.05
0,0.00,0,-765.91
0,0.00,0,-803.20
0,0.00,0,-786.91
0,0.00,0,-755.25
0,0.00,0,-716.29
0,0.00,0,-786.30
0,0.00,0,-800.00
0,0.00,0,-783.10
0,0.00,0,-738.05
0,0.00,0,-727.55
0,0.00,0,-799.85
0,0.00,0,-790.11
0,0.00,0,-776.86
0,0.00,0,-724.20
0,0.00,0,-741.25
0,0.00,0,-803.96
0,0.00,0,-785.84
0,0.00,0,-766.21
0,0.00,0,-715.53
0,0.00,0,-765.30
0,0.00,0,-804.11
0,0.00,0,-787.52
0,0.00,0,-755.40
0,0.00,0,-716.74
0,0.00,0,-786.76
0,0.00,0,-799.70
0,0.00,0,-785.39
0,0.00,0,-739.73
0,0.00,0,-727.55
0,0.00,0,-800.00
0,0.00,0,-792.09
0,0.00,0,-779.15
0,0.00,0,-724.81
0,0.00,0,-742.62
0,0.00,0,-803.65
0,0.00,0,-787.67
0,0.00,0,-766.36
0,0.00,0,-714.76
0,0.00,0,-766.21
0,0.00,0,-800.76
0,0.00,0,-784.93
0,0.00,0,-754.64
0,0.00,0,-715.53
0,0.00,0,-784.78
0,0.00,0,-797.26
0,0.00,0,-782.95
0,0.00,0,-739.88
0,0.00,0,-726.94
0,0.00,0,-797.41
0,0.00,0,-792.39
0,0.00,0,-779.00
0,0.00,0,-725.27
0,0.00,0,-742.01
0,0.00,0,-804.11
0,0.00,0,-788.43
0,0.00,0,-769.71
0,0.00,0,-717.96
0,0.00,0,-764.38
0,0.00,0,-804.41
0,0.00,0,-787.82
0,0.00,0,-758.14
0,0.00,0,-719.18
0,0.00,0,-784.47
0,0.00,0,-799.85
0,0.00,0,-785.24
0,0.00,0,-740.79
0,0.00,0,-726.48
0,0.00,0,-797.56
0,0.00,0,-793.30
0,0.00,0,-778.08
0,0.00,0,-726.64
0,0.00,0,-742.16
0,0.00,0,-802.74
0,0.00,0,-789.95
0,0.00,0,-767.28
0,0.00,0,-717.35
0,0.00,0,-762.71
