0,0.00,0,-805.48
0,0.00,0,-806.54
0,0.00,0,-806.24
0,0.00,0,-803.65
0,0.00,0,-800.15
0,0.00,0,-803.81
0,0.00,0,-802.89
0,0.00,0,-803.04
0,0.00,0,-798.78
0,0.00,0,-795.89
0,0.00,0,-797.26
0,0.00,0,-801.22
0,0.00,0,-804.26
0,0.00,0,-803.35
0,0.00,0,-801.37
0,0.00,0,-801.52
0,0.00,0,-807.91
0,0.00,0,-808.37
0,0.00,0,-808.22
0,0.00,0,-802.28
0,0.00,0,-799.09
0,0.00,0,-802.13
0,0.00,0,-802.44
0,0.00,0,-801.52
0,0.00,0,-797.26
0,0.00,0,-795.43
0,0.00,0,-797.41
0,0.00,0,-802.74
0,0.00,0,-804.41
0,0.00,0,-804.11
0,0.00,0,-801.22
0,0.00,0,-801.67
0,0.00,0,-806.85
0,0.00,0,-806.85
0,0.00,0,-805.33
0,0.00,0,-799.39
0,0.00,0,-797.11
0,0.00,0,-799.70
0,0.00,0,-801.22
0,0.00,0,-801.37
0,0.00,0,-798.17
0,0.00,0,-795.13
0,0.00,0,-798.48
0,0.00,0,-803.04
0,0.00,0,-805.78
0,0.00,0,-804.57
0,0.00,0,-800.00
0,0.00,0,-801.52
0,0.00,0,-805.02
0,0.00,0,-805.63
0,0.00,0,-803.65
0,0.00,0,-798.63
0,0.00,0,-796.65
0,0.00,0,-799.39
0,0.00,0,-802.13
0,0.00,0,-801.98
0,0.00,0,-800.15
0,0.00,0,-797.56
0,0.00,0,-801.67
0,0.00,0,-805.33
0,0.00,0,-806.54
0,0.00,0,-805.02
0,0.00,0,-799.85
0,0.00,0,-800.91
0,0.00,0,-802.89
0,0.00,0,-803.50
0,0.00,0,-801.37
0,0.00,0,-796.96
0,0.00,0,-795.28
0,0.00,0,-799.85
0,0.00,0,-802.89
0,0.00,0,-803.04
0,0.00,0,-801.07
0,0.00,0,-799.24
0,0.00,0,-803.65
0,0.00,0,-805.78
0,0.00,0,-805.94
0,0.00,0,-802.28
0,0.00,0,-798.63
0,0.00,0,-799.70
0,0.00,0,-801.98
0,0.00,0,-802.74
0,0.00,0,-800.61
0,0.00,0,-797.72
0,0.00,0,-797.26
0,0.00,0,-802.44
0,0.00,0,-805.02
0,0.00,0,-805.94
0,0.00,0,-802.59
0,0.00,0,-800.15
0,0.00,0,-804.41
0,0.00,0,-805.78
0,0.00,0,-805.02
0,0.00,0,-800.91
0,0.00,0,-796.04
0,0.00,0,-798.33
0,0.00,0,-800.61
0,0.00,0,-802.28
0,0.00,0,-800.00
0,0.00,0,-797.11
0,0.00,0,-798.02
0,0.00,0,-802.74
0,0.00,0,-805.02
0,0.00,0,-805.02
0,0.00,0,-802.13
0,0.00,0,-799.54
0,0.00,0,-802.44
0,0.00,0,-803.96
0,0.00,0,-804.11
0,0.00,0,-801.22
0,0.00,0,-795.89
0,0.00,0,-797.72
0,0.00,0,-801.22
0,0.00,0,-803.04
0,0.00,0,-801.83
0,0.00,0,-798.17
0,0.00,0,-800.30
0,0.00,0,-804.57
0,0.00,0,-806.54
0,0.00,0,-805.94
0,0.00,0,-801.98
0,0.00,0,-799.85
0,0.00,0,-802.44
0,0.00,0,-803.20
0,0.00,0,-802.74
0,0.00,0,-798.78
0,0.00,0,-795.43
0,0.00,0,-797.72
0,0.00,0,-800.91
0,0.00,0,-802.44
0,0.00,0,-801.07
0,0.00,0,-798.63
0,0.00,0,-800.91
0,0.00,0,-804.87
0,0.00,0,-806.39
0,0.00,0,-805.78
0,0.00,0,-802.13
0,0.00,0,-799.39
0,0.00,0,-801.67
0,0.00,0,-801.98
0,0.00,0,-801.98
0,0.00,0,-798.02
0,0.00,0,-796.04
0,0.00,0,-799.85
0,0.00,0,-803.04
0,0.00,0,-805.17
0,0.00,0,-803.50
0,0.00,0,-801.22
0,0.00,0,-802.13
0,0.00,0,-806.54
0,0.00,0,-806.54
0,0.00,0,-804.87
0,0.00,0,-800.00
0,0.00,0,-797.87
0,0.00,0,-801.37
0,0.00,0,-801.83
0,0.00,0,-801.52
0,0.00,0,-797.56
0,0.00,0,-795.43
0,0.00,0,-799.24
0,0.00,0,-802.89
0,0.00,0,-804.87
0,0.00,0,-803.65
0,0.00,0,-800.15
0,0.00,0,-801.52
0,0.00,0,-804.87
0,0.00,0,-805.33
0,0.00,0,-803.35
0,0.00,0,-797.41
0,0.00,0,-796.04
0,0.00,0,-800.30
0,0.00,0,-802.28
0,0.00,0,-802.59
0,0.00,0,-799.54
0,0.00,0,-798.48
0,0.00,0,-801.98
0,0.00,0,-805.63
0,0.00,0,-805.94
0,0.00,0,-804.26
0,0.00,0,-800.61
0,0.00,0,-801.83
0,0.00,0,-804.87
0,0.00,0,-804.41
0,0.00,0,-802.59
0,0.00,0,-797.11
0,0.00,0,-796.96
0,0.00,0,-801.07
0,0.00,0,-802.74
0,0.00,0,-803.50
0,0.00,0,-801.07
0,0.00,0,-800.46
0,0.00,0,-803.65
0,0.00,0,-806.39
0,0.00,0,-806.70
0,0.00,0,-803.65
0,0.00,0,-799.24
0,0.00,0,-800.15
0,0.00,0,-802.59
0,0.00,0,-802.59
0,0.00,0,-800.30
0,0.00,0,-795.74
0,0.00,0,-796.35
0,0.00,0,-801.52
0,0.00,0,-804.41
0,0.00,0,-804.87
0,0.00,0,-801.37
0,0.00,0,-801.07
0,0.00,0,-804.41
0,0.00,0,-806.09
0,0.00,0,-805.02
0,0.00,0,-800.61
0,0.00,0,-797.11
0,0.00,0,-799.24
0,0.00,0,-801.67
0,0.00,0,-803.04
0,0.00,0,-801.22
0,0.00,0,-797.26
0,0.00,0,-798.48
0,0.00,0,-803.65
0,0.00,0,-805.33
0,0.00,0,-806.09
0,0.00,0,-802.13
0,0.00,0,-800.91
0,0.00,0,-803.81
0,0.00,0,-805.33
0,0.00,0,-804.41
0,0.00,0,-800.61
0,0.00,0,-797.26
0,0.00,0,-798.93
0,0.00,0,-802.13
0,0.00,0,-802.74
0,0.00,0,-802.13
0,0.00,0,-799.39
0,0.00,0,-801.98
0,0.00,0,-806.39
0,0.00,0,-808.07
0,0.00,0,-807.31
0,0.00,0,-802.59
0,0.00,0,-801.98
0,0.00,0,-803.96
0,0.00,0,-804.72
0,0.00,0,-803.04
0,0.00,0,-799.85
0,0.00,0,-796.96
0,0.00,0,-799.85
0,0.00,0,-803.04
0,0.00,0,-803.65
0,0.00,0,-803.65
0,0.00,0,-798.93
0,0.00,0,-801.52
0,0.00,0,-804.41
0,0.00,0,-805.94
0,0.00,0,-804.11
0,0.00,0,-798.63
0,0.00,0,-798.02
0,0.00,0,-800.30
0,0.00,0,-802.59
0,0.00,0,-801.07
0,0.00,0,-798.17
0,0.00,0,-796.96
0,0.00,0,-800.91
0,0.00,0,-804.57
0,0.00,0,-805.78
0,0.00,0,-804.26
0,0.00,0,-800.15
0,0.00,0,-803.35
0,0.00,0,-805.94
0,0.00,0,-807.00
0,0.00,0,-804.11
0,0.00,0,-799.39
0,0.00,0,-798.48
0,0.00,0,-801.52
0,0.00,0,-802.59
0,0.00,0,-802.44
0,0.00,0,-799.85
0,0.00,0,-798.63
0,0.00,0,-802.89
0,0.00,0,-805.78
0,0.00,0,-806.54
0,0.00,0,-804.26
0,0.00,0,-800.61
0,0.00,0,-802.59
0,0.00,0,-805.02
0,0.00,0,-804.87
0,0.00,0,-802.13
0,0.00,0,-796.80
0,0.00,0,-797.41
0,0.00,0,-801.37
0,0.00,0,-802.89
0,0.00,0,-802.44
0,0.00,0,-799.70
0,0.00,0,-799.70
0,0.00,0,-803.50
0,0.00,0,-806.85
0,0.00,0,-805.94
0,0.00,0,-803.04
0,0.00,0,-799.09
0,0.00,0,-801.07
0,0.00,0,-804.57
0,0.00,0,-803.65
0,0.00,0,-801.67
0,0.00,0,-796.19
0,0.00,0,-799.09
0,0.00,0,-802.89
0,0.00,0,-805.48
0,0.00,0,-805.17
0,0.00,0,-800.91
0,0.00,0,-800.61
0,0.00,0,-802.89
0,0.00,0,-806.54
0,0.00,0,-804.57
0,0.00,0,-801.98
0,0.00,0,-798.02
0,0.00,0,-800.15
0,0.00,0,-803.65
0,0.00,0,-803.20
0,0.00,0,-802.44
0,0.00,0,-797.41
0,0.00,0,-800.61
0,0.00,0,-803.65
0,0.00,0,-806.39
0,0.00,0,-805.33
0,0.00,0,-801.83
0,0.00,0,-801.83
0,0.00,0,-804.11
0,0.00,0,-806.70
0,0.00,0,-804.41
0,0.00,0,-801.07
0,0.00,0,-796.80
0,0.00,0,-800.00
0,0.00,0,-802.74
0,0.00,0,-802.59
0,0.00,0,-801.98
0,0.00,0,-797.41
0,0.00,0,-800.76
0,0.00,0,-803.35
0,0.00,0,-806.70
0,0.00,0,-805.02
0,0.00,0,-801.37
0,0.00,0,-800.61
0,0.00,0,-802.89
0,0.00,0,-804.87
0,0.00,0,-802.59
0,0.00,0,-799.54
0,0.00,0,-795.59
0,0.00,0,-799.54
0,0.00,0,-802.74
0,0.00,0,-803.04
0,0.00,0,-801.83
0,0.00,0,-797.56
0,0.00,0,-801.07
0,0.00,0,-804.11
0,0.00,0,-806.85
0,0.00,0,-803.81
0,0.00,0,-799.85
0,0.00,0,-799.54
0,0.00,0,-802.28
0,0.00,0,-804.11
0,0.00,0,-802.28
0,0.00,0,-799.54
0,0.00,0,-795.89
0,0.00,0,-800.30
0,0.00,0,-802.28
0,0.00,0,-803.81
0,0.00,0,-801.22
0,0.00,0,-797.56
0,0.00,0,-800.91
0,0.00,0,-803.81
0,0.00,0,-805.63
0,0.00,0,-802.44
0,0.00,0,-799.85
0,0.00,0,-798.78
0,0.00,0,-802.74
0,0.00,0,-803.50
0,0.00,0,-802.59
0,0.00,0,-799.54
0,0.00,0,-796.96
0,0.00,0,-801.98
0,0.00,0,-804.57
0,0.00,0,-806.54
0,0.00,0,-803.35
0,0.00,0,-801.07
0,0.00,0,-803.50
0,0.00,0,-805.78
0,0.00,0,-806.70
0,0.00,0,-802.74
0,0.00,0,-799.39
0,0.00,0,-798.93
0,0.00,0,-802.28
0,0.00,0,-803.20
0,0.00,0,-802.89
0,0.00,0,-800.46
0,0.00,0,-797.87
0,0.00,0,-803.35
0,0.00,0,-805.02
0,0.00,0,-806.54
0,0.00,0,-802.59
0,0.00,0,-799.54
0,0.00,0,-802.28
0,0.00,0,-803.96
0,0.00,0,-804.57
0,0.00,0,-800.91
0,0.00,0,-798.17
0,0.00,0,-798.33
0,0.00,0,-803.35
0,0.00,0,-805.17
0,0.00,0,-805.02
0,0.00,0,-801.98
0,0.00,0,-800.91
0,0.00,0,-805.17
0,0.00,0,-805.78
0,0.00,0,-806.24
0,0.00,0,-800.91
0,0.00,0,-797.56
0,0.00,0,-799.39
0,0.00,0,-801.52
0,0.00,0,-802.28
0,0.00,0,-800.30
0,0.00,0,-798.33
0,0.00,0,-800.30
0,0.00,0,-805.33
0,0.00,0,-806.54
0,0.00,0,-806.09
0,0.00,0,-801.52
0,0.00,0,-800.15
0,0.00,0,-803.96
0,0.00,0,-804.57
0,0.00,0,-803.04
0,0.00,0,-797.87
0,0.00,0,-795.13
0,0.00,0,-798.02
0,0.00,0,-800.91
0,0.00,0,-801.67
0,0.00,0,-800.15
0,0.00,0,-798.17
0,0.00,0,-799.85
0,0.00,0,-804.57
0,0.00,0,-805.78
0,0.00,0,-805.02
0,0.00,0,-799.39
0,0.00,0,-798.17
0,0.00,0,-800.76
0,0.00,0,-801.22
0,0.00,0,-800.61
0,0.00,0,-796.35
0,0.00,0,-795.13
0,0.00,0,-798.78
0,0.00,0,-803.50
0,0.00,0,-803.96
0,0.00,0,-803.04
0,0.00,0,-800.15
0,0.00,0,-802.59
0,0.00,0,-806.39
0,0.00,0,-806.70
0,0.00,0,-804.57
0,0.00,0,-799.24
0,0.00,0,-799.09
0,0.00,0,-801.07
0,0.00,0,-802.74
0,0.00,0,-801.83
0,0.00,0,-798.33
0,0.00,0,-797.11
0,0.00,0,-800.61
0,0.00,0,-803.96
0,0.00,0,-805.48
0,0.00,0,-803.96
0,0.00,0,-801.22
0,0.00,0,-803.50
0,0.00,0,-805.94
0,0.00,0,-805.78
0,0.00,0,-803.20
0,0.00,0,-797.56
0,0.00,0,-797.56
0,0.00,0,-800.00
0,0.00,0,-801.98
0,0.00,0,-801.07
0,0.00,0,-798.17
0,0.00,0,-798.17
0,0.00,0,-803.20
0,0.00,0,-806.24
0,0.00,0,-806.70
0,0.00,0,-804.41
0,0.00,0,-801.22
0,0.00,0,-803.20
0,0.00,0,-805.17
0,0.00,0,-804.72
0,0.00,0,-802.13
0,0.00,0,-797.41
0,0.00,0,-797.11
0,0.00,0,-800.30
0,0.00,0,-801.83
0,0.00,0,-802.44
0,0.00,0,-799.54
0,0.00,0,-800.15
0,0.00,0,-804.72
0,0.00,0,-807.61
0,0.00,0,-808.52
0,0.00,0,-804.72
0,0.00,0,-801.83
0,0.00,0,-803.50
0,0.00,0,-805.48
0,0.00,0,-804.11
0,0.00,0,-801.22
0,0.00,0,-797.41
0,0.00,0,-798.33
0,0.00,0,-801.98
0,0.00,0,-803.81
0,0.00,0,-803.96
0,0.00,0,-801.07
0,0.00,0,-801.52
0,0.00,0,-805.33
0,0.00,0,-807.15
0,0.00,0,-807.00
0,0.00,0,-802.89
0,0.00,0,-798.33
0,0.00,0,-799.39
0,0.00,0,-801.07
0,0.00,0,-800.61
0,0.00,0,-798.02
0,0.00,0,-793.91
0,0.00,0,-796.04
0,0.00,0,-801.07
0,0.00,0,-804.11
0,0.00,0,-805.02
0,0.00,0,-801.98
0,0.00,0,-803.04
0,0.00,0,-806.70
0,0.00,0,-807.76
0,0.00,0,-806.39
0,0.00,0,-801.22
0,0.00,0,-797.87
0,0.00,0,-799.70
0,0.00,0,-801.22
0,0.00,0,-801.07
0,0.00,0,-798.02
0,0.00,0,-795.89
0,0.00,0,-799.24
0,0.00,0,-804.57
0,0.00,0,-807.15
0,0.00,0,-807.00
0,0.00,0,-803.81
0,0.00,0,-804.11
0,0.00,0,-807.31
0,0.00,0,-807.61
0,0.00,0,-806.70
0,0.00,0,-801.52
0,0.00,0,-797.41
0,0.00,0,-799.70
0,0.00,0,-802.13
0,0.00,0,-803.04
0,0.00,0,-800.15
0,0.00,0,-797.41
0,0.00,0,-801.22
0,0.00,0,-806.70
0,0.00,0,-808.83
0,0.00,0,-806.70
0,0.00,0,-802.28
0,0.00,0,-802.74
0,0.00,0,-805.94
0,0.00,0,-804.72
0,0.00,0,-801.98
0,0.00,0,-797.56
0,0.00,0,-794.67
0,0.00,0,-798.02
0,0.00,0,-800.00
0,0.00,0,-801.37
0,0.00,0,-799.70
0,0.00,0,-797.56
0,0.00,0,-801.52
0,0.00,0,-806.09
0,0.00,0,-807.76
0,0.00,0,-806.54
0,0.00,0,-800.91
0,0.00,0,-800.76
0,0.00,0,-802.74
0,0.00,0,-803.35
0,0.00,0,-801.07
0,0.00,0,-795.43
0,0.00,0,-793.61
0,0.00,0,-798.48
0,0.00,0,-801.52
0,0.00,0,-803.20
0,0.00,0,-801.83
0,0.00,0,-800.46
0,0.00,0,-804.11
0,0.00,0,-808.07
0,0.00,0,-808.52
0,0.00,0,-805.48
0,0.00,0,-800.61
0,0.00,0,-799.70
0,0.00,0,-802.59
0,0.00,0,-801.52
0,0.00,0,-800.76
0,0.00,0,-796.80
0,0.00,0,-796.50
0,0.00,0,-801.67
0,0.00,0,-804.41
0,0.00,0,-806.24
0,0.00,0,-803.04
0,0.00,0,-800.15
0,0.00,0,-803.04
0,0.00,0,-806.09
0,0.00,0,-805.48
0,0.00,0,-802.44
0,0.00,0,-798.02
0,0.00,0,-798.33
0,0.00,0,-801.83
0,0.00,0,-802.13
0,0.00,0,-801.07
0,0.00,0,-797.87
0,0.00,0,-798.17
0,0.00,0,-803.65
0,0.00,0,-806.09
0,0.00,0,-806.39
0,0.00,0,-803.35
0,0.00,0,-800.76
0,0.00,0,-803.35
0,0.00,0,-805.17
0,0.00,0,-803.96
0,0.00,0,-801.22
0,0.00,0,-797.26
0,0.00,0,-797.87
0,0.00,0,-800.91
0,0.00,0,-801.98
0,0.00,0,-802.59
0,0.00,0,-799.39
0,0.00,0,-799.85
0,0.00,0,-803.96
0,0.00,0,-805.78
0,0.00,0,-805.78
0,0.00,0,-801.67
0,0.00,0,-799.24
0,0.00,0,-801.52
0,0.00,0,-803.50
0,0.00,0,-802.28
0,0.00,0,-799.09
0,0.00,0,-795.13
0,0.00,0,-796.50
0,0.00,0,-801.52
0,0.00,0,-802.74
0,0.00,0,-803.04
0,0.00,0,-800.61
0,0.00,0,-802.28
0,0.00,0,-806.54
0,0.00,0,-807.76
0,0.00,0,-806.70
0,0.00,0,-802.13
0,0.00,0,-798.93
0,0.00,0,-799.70
0,0.00,0,-800.76
0,0.00,0,-800.91
0,0.00,0,-798.48
0,0.00,0,-796.04
0,0.00,0,-799.39
0,0.00,0,-803.96
0,0.00,0,-806.09
0,0.00,0,-805.63
0,0.00,0,-802.74
0,0.00,0,-803.65
0,0.00,0,-807.00
0,0.00,0,-807.46
0,0.00,0,-805.33
0,0.00,0,-800.46
0,0.00,0,-797.72
0,0.00,0,-799.70
0,0.00,0,-801.67
0,0.00,0,-800.15
0,0.00,0,-798.33
0,0.00,0,-796.19
0,0.00,0,-800.30
0,0.00,0,-804.26
0,0.00,0,-806.09
0,0.00,0,-805.94
0,0.00,0,-801.52
0,0.00,0,-802.89
0,0.00,0,-805.02
0,0.00,0,-806.09
0,0.00,0,-804.41
0,0.00,0,-799.09
0,0.00,0,-796.80
0,0.00,0,-798.17
0,0.00,0,-801.37
0,0.00,0,-800.91
0,0.00,0,-800.15
0,0.00,0,-797.26
0,0.00,0,-801.37
0,0.00,0,-804.87
0,0.00,0,-806.39
0,0.00,0,-805.33
0,0.00,0,-800.15
0,0.00,0,-801.67
0,0.00,0,-803.81
0,0.00,0,-805.33
0,0.00,0,-802.13
0,0.00,0,-797.56
0,0.00,0,-795.74
0,0.00,0,-799.39
0,0.00,0,-801.67
0,0.00,0,-800.76
0,0.00,0,-799.70
0,0.00,0,-796.96
0,0.00,0,-802.59
0,0.00,0,-804.26
0,0.00,0,-805.94
0,0.00,0,-804.11
0,0.00,0,-798.78
0,0.00,0,-800.76
0,0.00,0,-801.67
0,0.00,0,-803.96
0,0.00,0,-801.07
0,0.00,0,-797.56
0,0.00,0,-796.19
0,0.00,0,-800.46
0,0.00,0,-803.65
0,0.00,0,-803.20
0,0.00,0,-801.98
0,0.00,0,-798.17
0,0.00,0,-803.81
0,0.00,0,-805.78
0,0.00,0,-806.54
0,0.00,0,-802.89
0,0.00,0,-797.72
0,0.00,0,-800.15
0,0.00,0,-801.83
0,0.00,0,-804.26
0,0.00,0,-801.37
0,0.00,0,-798.78
0,0.00,0,-799.09
0,0.00,0,-803.50
0,0.00,0,-806.09
0,0.00,0,-805.63
0,0.00,0,-803.50
0,0.00,0,-800.30
0,0.00,0,-803.35
0,0.00,0,-804.57
0,0.00,0,-805.17
0,0.00,0,-800.91
0,0.00,0,-796.65
0,0.00,0,-797.56
0,0.00,0,-800.30
0,0.00,0,-802.74
0,0.00,0,-801.37
0,0.00,0,-799.24
0,0.00,0,-798.63
0,0.00,0,-804.41
0,0.00,0,-805.78
0,0.00,0,-806.54
0,0.00,0,-802.28
0,0.00,0,-800.61
0,0.00,0,-803.65
0,0.00,0,-803.96
0,0.00,0,-803.50
0,0.00,0,-799.09
0,0.00,0,-796.50
0,0.00,0,-797.11
0,0.00,0,-800.00
0,0.00,0,-801.37
0,0.00,0,-801.37
0,0.00,0,-799.54
0,0.00,0,-800.00
0,0.00,0,-805.02
0,0.00,0,-807.00
0,0.00,0,-806.70
0,0.00,0,-802.13
0,0.00,0,-800.91
0,0.00,0,-803.35
0,0.00,0,-804.57
0,0.00,0,-803.35
0,0.00,0,-798.93
0,0.00,0,-796.65
0,0.00,0,-799.09
0,0.00,0,-803.35
0,0.00,0,-805.17
0,0.00,0,-804.26
0,0.00,0,-801.52
0,0.00,0,-803.20
0,0.00,0,-806.70
0,0.00,0,-808.22
0,0.00,0,-807.00
0,0.00,0,-801.52
0,0.00,0,-800.15
0,0.00,0,-802.59
0,0.00,0,-803.65
0,0.00,0,-803.35
0,0.00,0,-800.00
0,0.00,0,-798.02
0,0.00,0,-801.98
0,0.00,0,-805.63
0,0.00,0,-807.00
0,0.00,0,-805.78
0,0.00,0,-801.83
0,0.00,0,-802.74
0,0.00,0,-804.57
0,0.00,0,-805.78
0,0.00,0,-803.50
0,0.00,0,-798.48
0,0.00,0,-795.74
0,0.00,0,-798.48
0,0.00,0,-801.07
0,0.00,0,-800.30
0,0.00,0,-799.24
0,0.00,0,-797.11
0,0.00,0,-802.28
0,0.00,0,-806.24
0,0.00,0,-806.85
0,0.00,0,-805.02
0,0.00,0,-800.61
0,0.00,0,-802.44
0,0.00,0,-803.65
0,0.00,0,-803.96
0,0.00,0,-801.22
0,0.00,0,-797.87
0,0.00,0,-796.35
0,0.00,0,-800.46
0,0.00,0,-802.59
0,0.00,0,-803.50
0,0.00,0,-801.37
0,0.00,0,-799.39
0,0.00,0,-804.57
0,0.00,0,-807.00
0,0.00,0,-807.46
0,0.00,0,-803.50
0,0.00,0,-798.33
0,0.00,0,-798.48
0,0.00,0,-801.98
0,0.00,0,-802.44
0,0.00,0,-800.91
0,0.00,0,-796.65
0,0.00,0,-796.50
0,0.00,0,-802.28
0,0.00,0,-803.35
0,0.00,0,-804.72
0,0.00,0,-801.98
0,0.00,0,-800.91
0,0.00,0,-804.26
0,0.00,0,-805.94
0,0.00,0,-805.78
0,0.00,0,-802.44
0,0.00,0,-798.93
0,0.00,0,-799.09
0,0.00,0,-802.59
0,0.00,0,-802.89
0,0.00,0,-802.89
0,0.00,0,-798.78
0,0.00,0,-799.39
0,0.00,0,-804.11
0,0.00,0,-806.39
0,0.00,0,-807.00
0,0.00,0,-803.04
0,0.00,0,-801.22
0,0.00,0,-802.89
0,0.00,0,-805.02
0,0.00,0,-804.57
0,0.00,0,-800.91
0,0.00,0,-796.35
0,0.00,0,-798.02
0,0.00,0,-801.83
0,0.00,0,-802.28
0,0.00,0,-801.67
0,0.00,0,-798.02
0,0.00,0,-801.67
0,0.00,0,-806.39
0,0.00,0,-808.68
0,0.00,0,-807.61
0,0.00,0,-803.65
0,0.00,0,-802.44
0,0.00,0,-804.57
0,0.00,0,-806.24
0,0.00,0,-804.26
0,0.00,0,-801.52
0,0.00,0,-796.80
0,0.00,0,-798.93
0,0.00,0,-801.98
0,0.00,0,-804.57
0,0.00,0,-803.50
0,0.00,0,-800.15
0,0.00,0,-801.98
0,0.00,0,-806.24
0,0.00,0,-808.68
0,0.00,0,-806.39
0,0.00,0,-801.98
0,0.00,0,-798.63
0,0.00,0,-801.98
0,0.00,0,-802.59
0,0.00,0,-801.98
0,0.00,0,-798.48
0,0.00,0,-796.04
0,0.00,0,-799.70
0,0.00,0,-802.59
0,0.00,0,-804.72
0,0.00,0,-803.20
0,0.00,0,-800.76
0,0.00,0,-802.44
0,0.00,0,-805.63
0,0.00,0,-806.09
0,0.00,0,-803.81
0,0.00,0,-799.24
0,0.00,0,-797.26
0,0.00,0,-801.52
0,0.00,0,-802.74
0,0.00,0,-802.44
0,0.00,0,-799.09
0,0.00,0,-796.96
0,0.00,0,-800.91
0,0.00,0,-804.11
0,0.00,0,-805.94
0,0.00,0,-802.74
0,0.00,0,-798.93
0,0.00,0,-800.15
0,0.00,0,-804.72
0,0.00,0,-804.57
0,0.00,0,-802.44
0,0.00,0,-797.72
0,0.00,0,-797.11
0,0.00,0,-802.28
0,0.00,0,-803.20
0,0.00,0,-804.26
0,0.00,0,-800.61
0,0.00,0,-800.15
0,0.00,0,-803.04
0,0.00,0,-805.94
0,0.00,0,-806.24
0,0.00,0,-803.20
0,0.00,0,-799.85
0,0.00,0,-800.30
0,0.00,0,-803.81
0,0.00,0,-804.11
0,0.00,0,-802.59
0,0.00,0,-798.33
0,0.00,0,-798.33
0,0.00,0,-802.89
0,0.00,0,-804.26
0,0.00,0,-804.72
0,0.00,0,-799.54
0,0.00,0,-798.33
0,0.00,0,-801.37
0,0.00,0,-803.81
0,0.00,0,-804.11
0,0.00,0,-801.22
0,0.00,0,-798.02
0,0.00,0,-799.70
0,0.00,0,-803.50
0,0.00,0,-803.50
0,0.00,0,-802.74
0,0.00,0,-799.24
0,0.00,0,-800.15
0,0.00,0,-804.41
0,0.00,0,-804.87
0,0.00,0,-804.72
0,0.00,0,-800.46
0,0.00,0,-798.33
0,0.00,0,-801.22
0,0.00,0,-803.35
0,0.00,0,-803.81
0,0.00,0,-800.76
0,0.00,0,-797.56
0,0.00,0,-799.85
0,0.00,0,-803.35
0,0.00,0,-804.11
0,0.00,0,-802.74
0,0.00,0,-798.93
0,0.00,0,-800.00
0,0.00,0,-804.11
0,0.00,0,-805.33
0,0.00,0,-803.96
0,0.00,0,-799.24
0,0.00,0,-797.41
0,0.00,0,-801.22
0,0.00,0,-802.89
0,0.00,0,-802.74
0,0.00,0,-799.09
0,0.00,0,-796.50
0,0.00,0,-799.39
0,0.00,0,-803.20
0,0.00,0,-805.02
0,0.00,0,-803.35
0,0.00,0,-799.70
0,0.00,0,-800.61
0,0.00,0,-804.72
0,0.00,0,-806.24
0,0.00,0,-804.57
0,0.00,0,-800.00
0,0.00,0,-798.17
0,0.00,0,-802.13
0,0.00,0,-803.96
0,0.00,0,-803.96
0,0.00,0,-800.76
0,0.00,0,-797.87
0,0.00,0,-801.67
0,0.00,0,-805.33
0,0.00,0,-807.15
0,0.00,0,-804.87
0,0.00,0,-801.37
0,0.00,0,-801.98
0,0.00,0,-805.17
0,0.00,0,-806.24
0,0.00,0,-804.87
0,0.00,0,-800.30
0,0.00,0,-798.78
0,0.00,0,-802.44
0,0.00,0,-803.81
0,0.00,0,-803.81
0,0.00,0,-800.76
0,0.00,0,-798.63
0,0.00,0,-801.83
0,0.00,0,-804.72
0,0.00,0,-805.33
0,0.00,0,-803.35
0,0.00,0,-800.00
0,0.00,0,-801.07
0,0.00,0,-803.96
0,0.00,0,-805.02
0,0.00,0,-803.20
0,0.00,0,-798.02
0,0.00,0,-797.11
0,0.00,0,-801.07
0,0.00,0,-803.04
0,0.00,0,-801.98
0,0.00,0,-800.30
0,0.00,0,-798.93
0,0.00,0,-803.20
0,0.00,0,-805.94
0,0.00,0,-806.54
0,0.00,0,-804.41
0,0.00,0,-800.61
0,0.00,0,-802.59
0,0.00,0,-803.96
0,0.00,0,-804.72
0,0.00,0,-802.44
0,0.00,0,-798.17
0,0.00,0,-797.87
0,0.00,0,-801.22
0,0.00,0,-803.96
0,0.00,0,-803.81
0,0.00,0,-801.37
0,0.00,0,-798.93
0,0.00,0,-803.04
0,0.00,0,-805.63
0,0.00,0,-806.09
0,0.00,0,-803.35
0,0.00,0,-798.93
0,0.00,0,-802.13
0,0.00,0,-804.41
0,0.00,0,-805.78
0,0.00,0,-802.74
0,0.00,0,-798.93
0,0.00,0,-799.09
0,0.00,0,-802.74
0,0.00,0,-804.72
0,0.00,0,-803.65
0,0.00,0,-800.91
0,0.00,0,-797.87
0,0.00,0,-802.44
0,0.00,0,-803.35
0,0.00,0,-804.41
0,0.00,0,-801.83
0,0.00,0,-798.63
0,0.00,0,-801.07
0,0.00,0,-803.50
0,0.00,0,-804.87
0,0.00,0,-803.50
0,0.00,0,-800.00
0,0.00,0,-800.00
0,0.00,0,-803.96
0,0.00,0,-805.02
0,0.00,0,-803.81
0,0.00,0,-798.93
0,0.00,0,-797.41
0,0.00,0,-801.22
0,0.00,0,-803.04
0,0.00,0,-803.35
0,0.00,0,-800.00
0,0.00,0,-797.87
0,0.00,0,-801.22
0,0.00,0,-803.35
0,0.00,0,-805.02
0,0.00,0,-802.28
0,0.00,0,-799.09
0,0.00,0,-798.93
0,0.00,0,-802.89
0,0.00,0,-803.96
0,0.00,0,-802.74
0,0.00,0,-798.93
0,0.00,0,-797.26
0,0.00,0,-802.28
0,0.00,0,-803.81
0,0.00,0,-804.72
0,0.00,0,-800.76
0,0.00,0,-798.17
0,0.00,0,-801.52
0,0.00,0,-804.11
0,0.00,0,-805.33
0,0.00,0,-801.52
0,0.00,0,-798.17
0,0.00,0,-798.17
0,0.00,0,-801.52
0,0.00,0,-803.04
0,0.00,0,-801.67
0,0.00,0,-797.87
0,0.00,0,-797.26
0,0.00,0,-802.44
0,0.00,0,-803.65
0,0.00,0,-804.41
0,0.00,0,-800.61
0,0.00,0,-798.63
0,0.00,0,-801.67
0,0.00,0,-803.04
0,0.00,0,-804.11
0,0.00,0,-800.76
0,0.00,0,-798.17
0,0.00,0,-798.17
0,0.00,0,-801.98
0,0.00,0,-802.89
0,0.00,0,-801.98
0,0.00,0,-798.48
0,0.00,0,-798.17
0,0.00,0,-803.65
0,0.00,0,-804.57
0,0.00,0,-805.33
0,0.00,0,-800.46
0,0.00,0,-798.48
0,0.00,0,-801.83
0,0.00,0,-803.35
0,0.00,0,-804.87
0,0.00,0,-800.76
0,0.00,0,-797.87
0,0.00,0,-798.93
0,0.00,0,-802.89
0,0.00,0,-804.87
0,0.00,0,-803.20
0,0.00,0,-799.85
0,0.00,0,-799.09
0,0.00,0,-804.41
0,0.00,0,-805.33
0,0.00,0,-805.33
0,0.00,0,-800.91
0,0.00,0,-798.63
0,0.00,0,-802.28
0,0.00,0,-803.96
0,0.00,0,-805.02
0,0.00,0,-802.13
0,0.00,0,-799.39
0,0.00,0,-800.61
0,0.00,0,-804.41
0,0.00,0,-806.24
0,0.00,0,-804.57
0,0.00,0,-800.46
0,0.00,0,-800.15
0,0.00,0,-803.65
0,0.00,0,-804.26
0,0.00,0,-803.81
0,0.00,0,-799.39
0,0.00,0,-797.72
0,0.00,0,-801.37
0,0.00,0,-803.04
0,0.00,0,-803.35
0,0.00,0,-801.37
0,0.00,0,-798.78
0,0.00,0,-801.83
0,0.00,0,-804.87
0,0.00,0,-805.48
0,0.00,0,-803.65
0,0.00,0,-799.54
0,0.00,0,-799.54
0,0.00,0,-802.59
0,0.00,0,-803.04
0,0.00,0,-802.28
0,0.00,0,-797.56
0,0.00,0,-796.80
0,0.00,0,-800.91
0,0.00,0,-803.81
0,0.00,0,-804.41
0,0.00,0,-801.22
0,0.00,0,-798.78
0,0.00,0,-801.83
0,0.00,0,-805.33
0,0.00,0,-805.63
0,0.00,0,-803.04
0,0.00,0,-798.33
0,0.00,0,-799.39
0,0.00,0,-803.04
0,0.00,0,-803.81
0,0.00,0,-802.89
0,0.00,0,-799.39
0,0.00,0,-798.48
0,0.00,0,-802.28
0,0.00,0,-804.57
0,0.00,0,-805.02
0,0.00,0,-800.91
0,0.00,0,-799.09
0,0.00,0,-801.67
0,0.00,0,-804.41
0,0.00,0,-805.33
0,0.00,0,-802.13
0,0.00,0,-798.63
0,0.00,0,-799.39
0,0.00,0,-802.89
0,0.00,0,-804.26
0,0.00,0,-803.20
0,0.00,0,-799.24
0,0.00,0,-798.63
0,0.00,0,-803.04
0,0.00,0,-805.02
0,0.00,0,-804.26
0,0.00,0,-800.61
0,0.00,0,-798.48
0,0.00,0,-802.13
0,0.00,0,-804.41
0,0.00,0,-804.11
0,0.00,0,-801.98
0,0.00,0,-798.78
0,0.00,0,-801.07
0,0.00,0,-803.65
0,0.00,0,-804.87
0,0.00,0,-803.04
0,0.00,0,-798.48
0,0.00,0,-798.02
0,0.00,0,-801.67
0,0.00,0,-803.81
0,0.00,0,-803.20
0,0.00,0,-800.00
0,0.00,0,-798.02
0,0.00,0,-803.20
0,0.00,0,-805.94
0,0.00,0,-806.70
0,0.00,0,-804.11
0,0.00,0,-800.00
0,0.00,0,-802.74
0,0.00,0,-804.11
0,0.00,0,-805.33
0,0.00,0,-802.44
0,0.00,0,-798.63
0,0.00,0,-799.09
0,0.00,0,-801.83
0,0.00,0,-804.57
0,0.00,0,-803.81
0,0.00,0,-800.61
0,0.00,0,-799.54
0,0.00,0,-803.96
0,0.00,0,-806.54
0,0.00,0,-806.54
0,0.00,0,-803.81
0,0.00,0,-799.70
0,0.00,0,-801.98
0,0.00,0,-803.04
0,0.00,0,-803.20
0,0.00,0,-801.07
0,0.00,0,-796.19
0,0.00,0,-798.17
0,0.00,0,-801.37
0,0.00,0,-805.02
0,0.00,0,-803.96
0,0.00,0,-801.67
0,0.00,0,-799.70
0,0.00,0,-804.11
0,0.00,0,-806.85
0,0.00,0,-805.33
0,0.00,0,-802.44
0,0.00,0,-797.11
0,0.00,0,-800.76
0,0.00,0,-801.83
0,0.00,0,-803.20
0,0.00,0,-800.46
0,0.00,0,-796.96
0,0.00,0,-799.24
0,0.00,0,-803.20
0,0.00,0,-806.24
0,0.00,0,-805.63
0,0.00,0,-803.04
0,0.00,0,-801.22
0,0.00,0,-805.17
0,0.00,0,-805.94
0,0.00,0,-804.26
0,0.00,0,-800.30
0,0.00,0,-794.98
0,0.00,0,-798.78
0,0.00,0,-800.30
0,0.00,0,-802.74
0,0.00,0,-800.00
0,0.00,0,-798.17
0,0.00,0,-800.15
0,0.00,0,-803.65
0,0.00,0,-806.39
0,0.00,0,-804.11
0,0.00,0,-801.52
0,0.00,0,-798.63
0,0.00,0,-803.35
0,0.00,0,-803.04
0,0.00,0,-802.89
0,0.00,0,-798.63
0,0.00,0,-795.28
0,0.00,0,-801.07
0,0.00,0,-802.28
0,0.00,0,-805.48
0,0.00,0,-802.44
0,0.00,0,-801.22
0,0.00,0,-802.89
0,0.00,0,-807.00
0,0.00,0,-807.61
0,0.00,0,-804.57
0,0.00,0,-801.07
0,0.00,0,-798.33
0,0.00,0,-802.74
0,0.00,0,-802.59
0,0.00,0,-803.04
0,0.00,0,-798.33
0,0.00,0,-797.41
0,0.00,0,-801.07
0,0.00,0,-804.26
0,0.00,0,-806.09
0,0.00,0,-803.50
0,0.00,0,-802.13
0,0.00,0,-802.89
0,0.00,0,-806.85
0,0.00,0,-805.17
0,0.00,0,-804.57
0,0.00,0,-798.78
0,0.00,0,-798.33
0,0.00,0,-802.74
0,0.00,0,-802.44
0,0.00,0,-804.57
0,0.00,0,-799.09
0,0.00,0,-799.39
0,0.00,0,-801.37
0,0.00,0,-806.54
0,0.00,0,-807.15
0,0.00,0,-804.26
0,0.00,0,-800.30
0,0.00,0,-800.15
0,0.00,0,-804.72
0,0.00,0,-803.20
0,0.00,0,-802.59
0,0.00,0,-795.13
0,0.00,0,-796.96
0,0.00,0,-800.00
0,0.00,0,-802.28
0,0.00,0,-803.04
0,0.00,0,-799.24
0,0.00,0,-800.76
0,0.00,0,-803.50
0,0.00,0,-807.61
0,0.00,0,-804.57
0,0.00,0,-803.04
0,0.00,0,-797.41
0,0.00,0,-799.39
0,0.00,0,-801.98
0,0.00,0,-800.76
0,0.00,0,-801.22
0,0.00,0,-795.28
0,0.00,0,-799.09
0,0.00,0,-800.76
0,0.00,0,-805.17
0,0.00,0,-804.87
0,0.00,0,-802.28
0,0.00,0,-802.89
0,0.00,0,-804.11
0,0.00,0,-808.22
0,0.00,0,-804.72
0,0.00,0,-802.44
0,0.00,0,-796.19
0,0.00,0,-800.15
0,0.00,0,-801.98
0,0.00,0,-802.74
0,0.00,0,-801.52
0,0.00,0,-796.80
0,0.00,0,-801.52
0,0.00,0,-804.26
0,0.00,0,-808.07
0,0.00,0,-805.94
0,0.00,0,-803.35
0,0.00,0,-800.76
0,0.00,0,-803.35
0,0.00,0,-804.57
0,0.00,0,-802.13
0,0.00,0,-800.00
0,0.00,0,-795.28
0,0.00,0,-799.54
0,0.00,0,-800.46
0,0.00,0,-803.04
0,0.00,0,-802.59
0,0.00,0,-800.61
0,0.00,0,-804.11
0,0.00,0,-805.94
0,0.00,0,-809.28
0,0.00,0,-805.63
0,0.00,0,-801.22
0,0.00,0,-797.56
0,0.00,0,-800.00
0,0.00,0,-800.91
0,0.00,0,-799.85
0,0.00,0,-796.96
0,0.00,0,-793.15
0,0.00,0,-799.39
0,0.00,0,-801.83
0,0.00,0,-805.63
0,0.00,0,-804.26
0,0.00,0,-802.59
0,0.00,0,-804.41
0,0.00,0,-807.00
0,0.00,0,-806.70
0,0.00,0,-803.81
0,0.00,0,-799.39
0,0.00,0,-796.50
0,0.00,0,-799.39
0,0.00,0,-799.39
0,0.00,0,-799.70
0,0.00,0,-796.35
0,0.00,0,-796.19
0,0.00,0,-801.98
0,0.00,0,-805.48
0,0.00,0,-808.37
0,0.00,0,-805.33
0,0.00,0,-802.74
0,0.00,0,-803.81
0,0.00,0,-806.39
0,0.00,0,-805.33
0,0.00,0,-802.74
0,0.00,0,-797.87
0,0.00,0,-796.80
0,0.00,0,-800.30
0,0.00,0,-801.37
0,0.00,0,-802.44
0,0.00,0,-799.54
0,0.00,0,-798.93
0,0.00,0,-804.11
0,0.00,0,-807.61
0,0.00,0,-808.83
0,0.00,0,-805.02
0,0.00,0,-802.28
0,0.00,0,-802.28
0,0.00,0,-804.11
0,0.00,0,-802.59
0,0.00,0,-799.85
0,0.00,0,-795.28
0,0.00,0,-795.74
0,0.00,0,-799.70
0,0.00,0,-801.83
0,0.00,0,-803.20
0,0.00,0,-799.70
0,0.00,0,-799.24
0,0.00,0,-803.20
0,0.00,0,-807.46
0,0.00,0,-807.31
0,0.00,0,-803.50
0,0.00,0,-798.48
0,0.00,0,-799.54
0,0.00,0,-802.13
0,0.00,0,-801.52
0,0.00,0,-799.54
0,0.00,0,-795.59
0,0.00,0,-797.26
0,0.00,0,-801.22
0,0.00,0,-804.26
0,0.00,0,-805.33
0,0.00,0,-802.74
0,0.00,0,-802.44
0,0.00,0,-805.17
0,0.00,0,-807.15
0,0.00,0,-805.63
0,0.00,0,-802.13
0,0.00,0,-797.56
0,0.00,0,-799.54
0,0.00,0,-802.13
0,0.00,0,-801.83
0,0.00,0,-800.61
0,0.00,0,-796.04
0,0.00,0,-798.17
0,0.00,0,-802.44
0,0.00,0,-806.70
0,0.00,0,-806.24
0,0.00,0,-802.44
0,0.00,0,-800.76
0,0.00,0,-803.65
0,0.00,0,-806.39
0,0.00,0,-804.41
0,0.00,0,-800.91
0,0.00,0,-795.59
0,0.00,0,-799.54
0,0.00,0,-801.07
0,0.00,0,-802.74
0,0.00,0,-801.37
0,0.00,0,-799.54
0,0.00,0,-802.59
0,0.00,0,-804.41
0,0.00,0,-807.61
0,0.00,0,-805.33
0,0.00,0,-802.89
0,0.00,0,-800.00
0,0.00,0,-802.74
0,0.00,0,-803.35
0,0.00,0,-800.91
0,0.00,0,-798.93
0,0.00,0,-793.30
0,0.00,0,-798.17
0,0.00,0,-799.85
0,0.00,0,-803.65
0,0.00,0,-801.83
0,0.00,0,-799.85
0,0.00,0,-803.35
0,0.00,0,-806.70
0,0.00,0,-810.50
0,0.00,0,-806.70
0,0.00,0,-802.89
0,0.00,0,-799.85
0,0.00,0,-803.04
0,0.00,0,-802.28
0,0.00,0,-799.39
0,0.00,0,-796.50
0,0.00,0,-793.30
0,0.00,0,-800.46
0,0.00,0,-802.44
0,0.00,0,-805.78
0,0.00,0,-803.81
0,0.00,0,-802.74
0,0.00,0,-806.09
0,0.00,0,-809.13
0,0.00,0,-809.89
0,0.00,0,-805.48
0,0.00,0,-801.22
0,0.00,0,-797.87
0,0.00,0,-801.83
0,0.00,0,-801.52
0,0.00,0,-800.61
0,0.00,0,-797.11
0,0.00,0,-794.82
0,0.00,0,-801.52
0,0.00,0,-804.57
0,0.00,0,-808.98
0,0.00,0,-805.48
0,0.00,0,-803.50
0,0.00,0,-805.33
0,0.00,0,-807.91
0,0.00,0,-807.46
0,0.00,0,-802.89
0,0.00,0,-798.48
0,0.00,0,-796.50
0,0.00,0,-800.15
0,0.00,0,-798.93
0,0.00,0,-799.70
0,0.00,0,-796.19
0,0.00,0,-796.35
0,0.00,0,-802.44
0,0.00,0,-805.33
0,0.00,0,-809.13
0,0.00,0,-805.33
0,0.00,0,-803.50
0,0.00,0,-802.89
0,0.00,0,-806.24
0,0.00,0,-805.33
0,0.00,0,-801.83
0,0.00,0,-796.50
0,0.00,0,-795.59
0,0.00,0,-800.46
0,0.00,0,-801.07
0,0.00,0,-802.59
0,0.00,0,-798.78
0,0.00,0,-801.07
0,0.00,0,-804.87
0,0.00,0,-807.61
0,0.00,0,-806.70
0,0.00,0,-802.28
0,0.00,0,-798.93
0,0.00,0,-799.70
0,0.00,0,-802.13
0,0.00,0,-800.00
0,0.00,0,-798.78
0,0.00,0,-794.22
0,0.00,0,-796.04
0,0.00,0,-801.07
0,0.00,0,-803.65
0,0.00,0,-805.02
0,0.00,0,-800.30
0,0.00,0,-802.13
0,0.00,0,-804.72
0,0.00,0,-807.15
0,0.00,0,-805.17
0,0.00,0,-800.61
0,0.00,0,-796.19
0,0.00,0,-796.80
0,0.00,0,-800.61
0,0.00,0,-799.39
0,0.00,0,-798.93
0,0.00,0,-793.76
0,0.00,0,-799.24
0,0.00,0,-803.65
0,0.00,0,-806.54
0,0.00,0,-806.70
0,0.00,0,-801.67
0,0.00,0,-802.13
0,0.00,0,-803.04
0,0.00,0,-805.78
0,0.00,0,-801.07
0,0.00,0,-798.02
0,0.00,0,-793.76
0,0.00,0,-796.04
0,0.00,0,-799.39
0,0.00,0,-798.93
0,0.00,0,-798.93
0,0.00,0,-795.28
0,0.00,0,-800.46
0,0.00,0,-804.41
0,0.00,0,-807.91
0,0.00,0,-806.85
0,0.00,0,-801.98
0,0.00,0,-801.52
0,0.00,0,-802.59
0,0.00,0,-803.65
0,0.00,0,-800.91
0,0.00,0,-797.56
0,0.00,0,-793.00
0,0.00,0,-796.80
0,0.00,0,-800.30
0,0.00,0,-801.98
0,0.00,0,-801.98
0,0.00,0,-799.70
0,0.00,0,-803.81
0,0.00,0,-807.00
0,0.00,0,-808.52
0,0.00,0,-805.94
0,0.00,0,-801.83
0,0.00,0,-800.46
0,0.00,0,-801.83
0,0.00,0,-801.67
0,0.00,0,-799.54
0,0.00,0,-796.04
0,0.00,0,-793.91
0,0.00,0,-798.02
0,0.00,0,-801.37
0,0.00,0,-805.33
0,0.00,0,-804.57
0,0.00,0,-802.28
0,0.00,0,-805.02
0,0.00,0,-808.37
0,0.00,0,-809.13
0,0.00,0,-805.94
0,0.00,0,-800.46
0,0.00,0,-797.87
0,0.00,0,-801.52
0,0.00,0,-800.76
0,0.00,0,-800.30
0,0.00,0,-795.43
0,0.00,0,-795.28
0,0.00,0,-800.61
0,0.00,0,-803.81
0,0.00,0,-807.15
0,0.00,0,-803.81
0,0.00,0,-802.89
0,0.00,0,-803.50
0,0.00,0,-807.46
0,0.00,0,-806.39
0,0.00,0,-801.67
0,0.00,0,-797.56
0,0.00,0,-795.89
0,0.00,0,-801.22
0,0.00,0,-799.85
0,0.00,0,-801.67
0,0.00,0,-797.41
0,0.00,0,-797.87
0,0.00,0,-802.74
0,0.00,0,-804.72
0,0.00,0,-807.76
0,0.00,0,-803.20
0,0.00,0,-801.52
0,0.00,0,-801.07
0,0.00,0,-804.26
0,0.00,0,-802.44
0,0.00,0,-799.39
0,0.00,0,-795.13
0,0.00,0,-794.82
0,0.00,0,-801.22
0,0.00,0,-801.37
0,0.00,0,-802.89
0,0.00,0,-798.93
0,0.00,0,-800.61
0,0.00,0,-804.11
0,0.00,0,-806.09
0,0.00,0,-807.31
0,0.00,0,-802.59
0,0.00,0,-801.98
0,0.00,0,-800.76
0,0.00,0,-803.96
0,0.00,0,-802.74
0,0.00,0,-801.07
0,0.00,0,-796.65
0,0.00,0,-797.56
0,0.00,0,-802.74
0,0.00,0,-802.74
0,0.00,0,-805.17
0,0.00,0,-800.00
0,0.00,0,-801.98
0,0.00,0,-804.41
0,0.00,0,-806.39
0,0.00,0,-806.24
0,0.00,0,-800.61
0,0.00,0,-798.33
0,0.00,0,-797.11
0,0.00,0,-802.28
0,0.00,0,-800.46
0,0.00,0,-799.24
0,0.00,0,-795.74
0,0.00,0,-798.17
0,0.00,0,-803.96
0,0.00,0,-803.96
0,0.00,0,-805.78
0,0.00,0,-800.76
0,0.00,0,-802.89
0,0.00,0,-804.57
0,0.00,0,-805.63
0,0.00,0,-804.72
0,0.00,0,-799.39
0,0.00,0,-797.41
0,0.00,0,-798.17
0,0.00,0,-801.83
0,0.00,0,-801.98
0,0.00,0,-801.52
0,0.00,0,-798.33
0,0.00,0,-801.37
0,0.00,0,-805.94
0,0.00,0,-806.85
0,0.00,0,-806.09
0,0.00,0,-801.67
0,0.00,0,-802.74
0,0.00,0,-805.48
0,0.00,0,-806.09
0,0.00,0,-804.57
0,0.00,0,-800.00
0,0.00,0,-796.65
0,0.00,0,-799.70
0,0.00,0,-800.76
0,0.00,0,-803.04
0,0.00,0,-801.07
0,0.00,0,-798.93
0,0.00,0,-801.83
0,0.00,0,-805.48
0,0.00,0,-807.91
0,0.00,0,-805.33
0,0.00,0,-803.20
0,0.00,0,-801.22
0,0.00,0,-804.11
0,0.00,0,-802.13
0,0.00,0,-801.52
0,0.00,0,-797.56
0,0.00,0,-794.06
0,0.00,0,-800.46
0,0.00,0,-800.76
0,0.00,0,-804.87
0,0.00,0,-801.07
0,0.00,0,-800.76
0,0.00,0,-803.96
0,0.00,0,-806.70
0,0.00,0,-808.83
0,0.00,0,-803.35
0,0.00,0,-801.07
0,0.00,0,-798.48
0,0.00,0,-804.57
0,0.00,0,-801.22
0,0.00,0,-801.07
0,0.00,0,-796.80
0,0.00,0,-796.19
0,0.00,0,-803.20
0,0.00,0,-802.89
0,0.00,0,-807.76
0,0.00,0,-802.44
0,0.00,0,-803.65
0,0.00,0,-803.65
0,0.00,0,-807.00
0,0.00,0,-807.15
0,0.00,0,-802.13
0,0.00,0,-799.39
0,0.00,0,-795.43
0,0.00,0,-803.20
0,0.00,0,-801.07
0,0.00,0,-802.89
0,0.00,0,-797.26
0,0.00,0,-797.11
0,0.00,0,-804.11
0,0.00,0,-803.81
0,0.00,0,-808.22
0,0.00,0,-800.91
0,0.00,0,-802.28
0,0.00,0,-801.67
0,0.00,0,-805.94
0,0.00,0,-805.17
0,0.00,0,-801.22
0,0.00,0,-798.17
0,0.00,0,-795.89
0,0.00,0,-802.59
0,0.00,0,-799.70
0,0.00,0,-803.04
0,0.00,0,-797.56
0,0.00,0,-799.24
0,0.00,0,-803.20
0,0.00,0,-804.72
0,0.00,0,-807.00
0,0.00,0,-801.22
0,0.00,0,-801.67
0,0.00,0,-801.98
0,0.00,0,-806.39
0,0.00,0,-805.17
0,0.00,0,-803.04
0,0.00,0,-798.78
0,0.00,0,-800.00
0,0.00,0,-804.87
0,0.00,0,-804.26
0,0.00,0,-804.87
0,0.00,0,-798.78
0,0.00,0,-801.98
0,0.00,0,-804.87
0,0.00,0,-808.22
0,0.00,0,-807.15
0,0.00,0,-802.28
0,0.00,0,-801.52
0,0.00,0,-802.59
0,0.00,0,-805.02
0,0.00,0,-802.28
0,0.00,0,-801.52
0,0.00,0,-797.11
0,0.00,0,-800.30
0,0.00,0,-803.04
0,0.00,0,-804.87
0,0.00,0,-804.87
0,0.00,0,-800.15
0,0.00,0,-801.98
0,0.00,0,-804.57
0,0.00,0,-807.61
0,0.00,0,-805.48
0,0.00,0,-801.98
0,0.00,0,-799.09
0,0.00,0,-802.13
0,0.00,0,-803.50
0,0.00,0,-802.28
0,0.00,0,-799.39
0,0.00,0,-795.89
0,0.00,0,-800.00
0,0.00,0,-802.59
0,0.00,0,-804.41
0,0.00,0,-802.74
0,0.00,0,-800.91
0,0.00,0,-801.83
0,0.00,0,-805.63
0,0.00,0,-806.54
0,0.00,0,-804.72
0,0.00,0,-800.61
0,0.00,0,-796.65
0,0.00,0,-800.61
0,0.00,0,-800.46
0,0.00,0,-801.37
0,0.00,0,-798.02
0,0.00,0,-794.98
0,0.00,0,-799.54
0,0.00,0,-803.04
0,0.00,0,-806.70
0,0.00,0,-804.11
0,0.00,0,-802.28
0,0.00,0,-801.98
0,0.00,0,-805.78
0,0.00,0,-805.63
0,0.00,0,-802.59
0,0.00,0,-799.39
0,0.00,0,-795.43
0,0.00,0,-800.15
0,0.00,0,-800.46
0,0.00,0,-801.83
0,0.00,0,-798.63
0,0.00,0,-797.26
0,0.00,0,-801.83
0,0.00,0,-805.02
0,0.00,0,-807.31
0,0.00,0,-804.11
0,0.00,0,-801.67
0,0.00,0,-801.83
0,0.00,0,-804.87
0,0.00,0,-803.81
0,0.00,0,-801.67
0,0.00,0,-796.65
0,0.00,0,-794.67
0,0.00,0,-798.02
0,0.00,0,-800.00
0,0.00,0,-802.44
0,0.00,0,-799.09
0,0.00,0,-799.39
0,0.00,0,-803.04
0,0.00,0,-807.61
0,0.00,0,-808.37
0,0.00,0,-805.33
0,0.00,0,-801.37
0,0.00,0,-801.52
0,0.00,0,-804.26
0,0.00,0,-802.59
0,0.00,0,-801.52
0,0.00,0,-796.04
0,0.00,0,-795.74
0,0.00,0,-799.85
0,0.00,0,-802.13
0,0.00,0,-804.41
0,0.00,0,-801.07
0,0.00,0,-801.07
0,0.00,0,-803.96
0,0.00,0,-807.61
0,0.00,0,-807.31
0,0.00,0,-803.35
0,0.00,0,-798.78
0,0.00,0,-799.70
0,0.00,0,-802.59
0,0.00,0,-801.98
0,0.00,0,-800.46
0,0.00,0,-796.04
0,0.00,0,-797.56
0,0.00,0,-801.67
0,0.00,0,-804.41
0,0.00,0,-804.72
0,0.00,0,-801.83
0,0.00,0,-800.46
0,0.00,0,-803.04
0,0.00,0,-804.87
0,0.00,0,-804.57
0,0.00,0,-801.22
0,0.00,0,-796.65
0,0.00,0,-796.96
0,0.00,0,-799.85
0,0.00,0,-800.91
0,0.00,0,-799.85
0,0.00,0,-796.19
0,0.00,0,-798.17
0,0.00,0,-802.74
0,0.00,0,-805.63
0,0.00,0,-806.39
0,0.00,0,-802.44
0,0.00,0,-801.07
0,0.00,0,-803.65
0,0.00,0,-805.48
0,0.00,0,-804.41
0,0.00,0,-800.15
0,0.00,0,-795.89
0,0.00,0,-797.56
0,0.00,0,-800.61
0,0.00,0,-802.44
0,0.00,0,-802.28
0,0.00,0,-800.00
0,0.00,0,-802.44
0,0.00,0,-807.00
0,0.00,0,-807.91
0,0.00,0,-806.85
0,0.00,0,-801.83
0,0.00,0,-799.24
0,0.00,0,-801.98
0,0.00,0,-802.44
0,0.00,0,-803.20
0,0.00,0,-798.33
0,0.00,0,-795.74
0,0.00,0,-798.17
0,0.00,0,-802.44
0,0.00,0,-804.87
0,0.00,0,-803.50
0,0.00,0,-801.67
0,0.00,0,-802.28
0,0.00,0,-807.15
0,0.00,0,-807.15
0,0.00,0,-805.33
0,0.00,0,-799.85
0,0.00,0,-796.96
0,0.00,0,-800.15
0,0.00,0,-800.61
0,0.00,0,-800.61
0,0.00,0,-797.26
0,0.00,0,-796.65
0,0.00,0,-800.46
0,0.00,0,-804.41
0,0.00,0,-807.31
0,0.00,0,-805.78
0,0.00,0,-802.89
0,0.00,0,-801.83
0,0.00,0,-805.17
0,0.00,0,-803.81
0,0.00,0,-802.59
0,0.00,0,-796.96
0,0.00,0,-795.74
0,0.00,0,-799.54
0,0.00,0,-800.46
0,0.00,0,-802.13
0,0.00,0,-799.09
0,0.00,0,-799.39
0,0.00,0,-803.65
0,0.00,0,-807.31
0,0.00,0,-807.31
0,0.00,0,-804.72
0,0.00,0,-800.76
0,0.00,0,-799.70
0,0.00,0,-802.13
0,0.00,0,-800.15
0,0.00,0,-798.93
0,0.00,0,-793.30
0,0.00,0,-794.52
0,0.00,0,-799.39
0,0.00,0,-802.44
0,0.00,0,-804.57
0,0.00,0,-802.13
0,0.00,0,-802.28
0,0.00,0,-805.02
0,0.00,0,-807.76
