0,0.00,0,-376.10
0,0.00,0,-363.47
0,0.00,0,-358.45
0,0.00,0,-351.60
0,0.00,0,-342.92
0,0.00,0,-340.33
0,0.00,0,-350.08
0,0.00,0,-363.17
0,0.00,0,-370.17
0,0.00,0,-374.58
0,0.00,0,-382.34
0,0.00,0,-397.11
0,0.00,0,-404.87
0,0.00,0,-398.78
0,0.00,0,-383.56
0,0.00,0,-368.95
0,0.00,0,-365.14
0,0.00,0,-363.47
0,0.00,0,-355.71
0,0.00,0,-345.21
0,0.00,0,-344.14
0,0.00,0,-356.47
0,0.00,0,-371.84
0,0.00,0,-380.21
0,0.00,0,-384.78
0,0.00,0,-393.91
0,0.00,0,-401.07
0,0.00,0,-391.78
0,0.00,0,-371.84
0,0.00,0,-356.32
0,0.00,0,-359.21
0,0.00,0,-367.12
0,0.00,0,-366.06
0,0.00,0,-358.75
0,0.00,0,-358.45
0,0.00,0,-367.88
0,0.00,0,-374.28
0,0.00,0,-369.10
0,0.00,0,-364.54
0,0.00,0,-372.60
0,0.00,0,-392.24
0,0.00,0,-397.72
0,0.00,0,-391.32
0,0.00,0,-382.34
0,0.00,0,-377.93
0,0.00,0,-371.08
0,0.00,0,-354.49
0,0.00,0,-337.90
0,0.00,0,-331.81
0,0.00,0,-348.25
0,0.00,0,-368.49
0,0.00,0,-382.50
0,0.00,0,-388.13
0,0.00,0,-394.37
0,0.00,0,-401.67
0,0.00,0,-397.87
0,0.00,0,-380.21
0,0.00,0,-363.01
0,0.00,0,-358.75
0,0.00,0,-367.28
0,0.00,0,-367.28
0,0.00,0,-359.67
0,0.00,0,-356.32
0,0.00,0,-364.23
0,0.00,0,-371.08
0,0.00,0,-367.12
0,0.00,0,-360.27
0,0.00,0,-359.21
0,0.00,0,-375.04
0,0.00,0,-391.63
0,0.00,0,-397.72
0,0.00,0,-394.22
0,0.00,0,-389.04
0,0.00,0,-384.63
0,0.00,0,-374.73
0,0.00,0,-354.95
0,0.00,0,-335.92
0,0.00,0,-334.09
0,0.00,0,-352.66
0,0.00,0,-368.19
0,0.00,0,-376.10
0,0.00,0,-380.67
0,0.00,0,-393.76
0,0.00,0,-403.35
0,0.00,0,-395.43
0,0.00,0,-377.47
0,0.00,0,-367.28
0,0.00,0,-375.65
0,0.00,0,-380.82
0,0.00,0,-371.39
0,0.00,0,-357.99
0,0.00,0,-357.23
0,0.00,0,-363.93
0,0.00,0,-361.04
0,0.00,0,-350.38
0,0.00,0,-348.25
0,0.00,0,-366.06
0,0.00,0,-390.26
0,0.00,0,-399.85
0,0.00,0,-400.91
0,0.00,0,-398.33
0,0.00,0,-396.04
0,0.00,0,-386.00
0,0.00,0,-363.93
0,0.00,0,-341.55
0,0.00,0,-327.70
0,0.00,0,-333.94
0,0.00,0,-349.47
0,0.00,0,-365.14
0,0.00,0,-377.63
0,0.00,0,-391.17
0,0.00,0,-404.87
0,0.00,0,-408.07
0,0.00,0,-396.80
0,0.00,0,-378.39
0,0.00,0,-371.69
0,0.00,0,-374.89
0,0.00,0,-372.30
0,0.00,0,-359.51
0,0.00,0,-349.32
0,0.00,0,-353.88
0,0.00,0,-361.95
0,0.00,0,-357.23
0,0.00,0,-349.16
0,0.00,0,-354.34
0,0.00,0,-380.06
0,0.00,0,-401.07
0,0.00,0,-405.63
0,0.00,0,-402.89
0,0.00,0,-400.46
0,0.00,0,-394.67
0,0.00,0,-374.28
0,0.00,0,-347.95
0,0.00,0,-327.70
0,0.00,0,-321.77
0,0.00,0,-326.94
0,0.00,0,-337.60
0,0.00,0,-354.03
0,0.00,0,-376.26
0,0.00,0,-399.54
0,0.00,0,-411.72
0,0.00,0,-415.07
0,0.00,0,-413.39
0,0.00,0,-405.33
0,0.00,0,-393.91
0,0.00,0,-375.49
0,0.00,0,-355.56
0,0.00,0,-335.62
0,0.00,0,-324.96
0,0.00,0,-327.09
0,0.00,0,-337.75
0,0.00,0,-348.86
0,0.00,0,-360.43
0,0.00,0,-379.91
0,0.00,0,-399.54
0,0.00,0,-412.18
0,0.00,0,-412.02
0,0.00,0,-405.63
0,0.00,0,-398.78
0,0.00,0,-386.91
0,0.00,0,-366.97
0,0.00,0,-346.88
0,0.00,0,-335.46
0,0.00,0,-333.79
0,0.00,0,-334.55
0,0.00,0,-337.60
0,0.00,0,-347.34
0,0.00,0,-366.36
0,0.00,0,-390.72
0,0.00,0,-405.63
0,0.00,0,-409.59
0,0.00,0,-404.26
0,0.00,0,-398.33
0,0.00,0,-393.30
0,0.00,0,-380.21
0,0.00,0,-359.21
0,0.00,0,-338.97
0,0.00,0,-332.88
0,0.00,0,-339.88
0,0.00,0,-347.79
0,0.00,0,-352.66
0,0.00,0,-366.21
0,0.00,0,-386.76
0,0.00,0,-397.72
0,0.00,0,-392.09
0,0.00,0,-381.43
0,0.00,0,-376.41
0,0.00,0,-380.67
0,0.00,0,-381.28
0,0.00,0,-375.34
0,0.00,0,-370.17
0,0.00,0,-370.32
0,0.00,0,-367.58
0,0.00,0,-357.53
0,0.00,0,-347.34
0,0.00,0,-343.68
0,0.00,0,-350.99
0,0.00,0,-357.99
0,0.00,0,-365.91
0,0.00,0,-376.10
0,0.00,0,-390.56
0,0.00,0,-405.78
0,0.00,0,-408.68
0,0.00,0,-400.76
0,0.00,0,-386.91
0,0.00,0,-375.65
0,0.00,0,-368.19
0,0.00,0,-358.75
0,0.00,0,-346.88
0,0.00,0,-338.20
0,0.00,0,-342.16
0,0.00,0,-355.10
0,0.00,0,-367.28
0,0.00,0,-375.04
0,0.00,0,-384.63
0,0.00,0,-399.24
0,0.00,0,-402.44
0,0.00,0,-389.80
0,0.00,0,-375.95
0,0.00,0,-371.99
0,0.00,0,-378.23
0,0.00,0,-374.89
0,0.00,0,-361.64
0,0.00,0,-351.14
0,0.00,0,-352.66
0,0.00,0,-357.69
0,0.00,0,-353.27
0,0.00,0,-348.71
0,0.00,0,-357.38
0,0.00,0,-382.50
0,0.00,0,-400.30
0,0.00,0,-401.67
0,0.00,0,-394.22
0,0.00,0,-389.80
0,0.00,0,-390.26
0,0.00,0,-385.54
0,0.00,0,-370.78
0,0.00,0,-357.23
0,0.00,0,-350.99
0,0.00,0,-348.10
0,0.00,0,-343.84
0,0.00,0,-339.88
0,0.00,0,-343.53
0,0.00,0,-362.71
0,0.00,0,-386.76
0,0.00,0,-401.98
0,0.00,0,-404.72
0,0.00,0,-402.13
0,0.00,0,-403.20
0,0.00,0,-404.11
0,0.00,0,-391.48
0,0.00,0,-370.93
0,0.00,0,-354.95
0,0.00,0,-347.03
0,0.00,0,-337.90
0,0.00,0,-327.25
0,0.00,0,-323.90
0,0.00,0,-335.62
0,0.00,0,-363.32
0,0.00,0,-389.95
0,0.00,0,-408.52
0,0.00,0,-419.18
0,0.00,0,-426.03
0,0.00,0,-422.22
0,0.00,0,-399.54
0,0.00,0,-367.43
0,0.00,0,-343.23
0,0.00,0,-339.42
0,0.00,0,-340.03
0,0.00,0,-337.29
0,0.00,0,-336.99
0,0.00,0,-350.23
0,0.00,0,-374.12
0,0.00,0,-387.37
0,0.00,0,-387.67
0,0.00,0,-387.82
0,0.00,0,-402.28
0,0.00,0,-417.05
0,0.00,0,-411.42
0,0.00,0,-391.02
0,0.00,0,-370.47
0,0.00,0,-357.99
0,0.00,0,-345.81
0,0.00,0,-327.85
0,0.00,0,-319.94
0,0.00,0,-329.38
0,0.00,0,-356.93
0,0.00,0,-379.15
0,0.00,0,-394.22
0,0.00,0,-404.26
0,0.00,0,-411.42
0,0.00,0,-410.05
0,0.00,0,-394.82
0,0.00,0,-371.99
0,0.00,0,-354.19
0,0.00,0,-350.38
0,0.00,0,-352.05
0,0.00,0,-350.68
0,0.00,0,-346.12
0,0.00,0,-349.32
0,0.00,0,-363.77
0,0.00,0,-377.93
0,0.00,0,-384.17
0,0.00,0,-386.15
0,0.00,0,-389.50
0,0.00,0,-395.89
0,0.00,0,-394.52
0,0.00,0,-384.47
0,0.00,0,-370.78
0,0.00,0,-358.60
0,0.00,0,-351.60
0,0.00,0,-348.71
0,0.00,0,-348.40
0,0.00,0,-349.62
0,0.00,0,-359.06
0,0.00,0,-371.84
0,0.00,0,-378.84
0,0.00,0,-380.21
0,0.00,0,-380.97
0,0.00,0,-389.19
0,0.00,0,-397.87
0,0.00,0,-394.37
0,0.00,0,-380.97
0,0.00,0,-368.95
0,0.00,0,-362.86
0,0.00,0,-353.88
0,0.00,0,-341.10
0,0.00,0,-334.09
0,0.00,0,-342.77
0,0.00,0,-366.06
0,0.00,0,-383.11
0,0.00,0,-391.63
0,0.00,0,-395.89
0,0.00,0,-403.20
0,0.00,0,-402.44
0,0.00,0,-386.45
0,0.00,0,-363.93
0,0.00,0,-351.75
0,0.00,0,-356.93
0,0.00,0,-361.49
0,0.00,0,-358.75
0,0.00,0,-354.03
0,0.00,0,-360.27
0,0.00,0,-374.12
0,0.00,0,-381.74
0,0.00,0,-380.97
0,0.00,0,-380.21
0,0.00,0,-385.39
0,0.00,0,-391.02
0,0.00,0,-386.91
0,0.00,0,-377.47
0,0.00,0,-368.49
0,0.00,0,-361.80
0,0.00,0,-356.77
0,0.00,0,-354.64
0,0.00,0,-353.42
0,0.00,0,-355.25
0,0.00,0,-363.62
0,0.00,0,-374.89
0,0.00,0,-382.80
0,0.00,0,-384.02
0,0.00,0,-383.71
0,0.00,0,-386.45
0,0.00,0,-388.43
0,0.00,0,-383.11
0,0.00,0,-371.23
0,0.00,0,-362.71
0,0.00,0,-358.60
0,0.00,0,-352.36
0,0.00,0,-343.07
0,0.00,0,-340.33
0,0.00,0,-353.12
0,0.00,0,-375.80
0,0.00,0,-388.58
0,0.00,0,-391.93
0,0.00,0,-394.52
0,0.00,0,-399.54
0,0.00,0,-393.15
0,0.00,0,-371.84
0,0.00,0,-350.23
0,0.00,0,-344.90
0,0.00,0,-356.32
0,0.00,0,-361.64
0,0.00,0,-359.67
0,0.00,0,-359.51
0,0.00,0,-370.78
0,0.00,0,-383.11
0,0.00,0,-380.37
0,0.00,0,-370.47
0,0.00,0,-370.78
0,0.00,0,-387.06
0,0.00,0,-395.43
0,0.00,0,-386.91
0,0.00,0,-372.30
0,0.00,0,-365.91
0,0.00,0,-364.54
0,0.00,0,-357.69
0,0.00,0,-348.25
0,0.00,0,-345.21
0,0.00,0,-355.56
0,0.00,0,-371.69
0,0.00,0,-380.52
0,0.00,0,-384.78
0,0.00,0,-384.93
0,0.00,0,-384.63
0,0.00,0,-383.71
0,0.00,0,-381.13
0,0.00,0,-375.04
0,0.00,0,-367.28
0,0.00,0,-363.93
0,0.00,0,-360.58
0,0.00,0,-357.38
0,0.00,0,-354.64
0,0.00,0,-357.99
0,0.00,0,-368.34
0,0.00,0,-377.78
0,0.00,0,-381.58
0,0.00,0,-382.19
0,0.00,0,-385.84
0,0.00,0,-387.98
0,0.00,0,-381.74
0,0.00,0,-371.84
0,0.00,0,-363.17
0,0.00,0,-362.10
0,0.00,0,-365.60
0,0.00,0,-365.30
0,0.00,0,-362.86
0,0.00,0,-363.62
0,0.00,0,-369.25
0,0.00,0,-374.12
0,0.00,0,-376.56
0,0.00,0,-375.65
0,0.00,0,-376.86
0,0.00,0,-382.19
0,0.00,0,-384.47
0,0.00,0,-379.76
0,0.00,0,-370.93
0,0.00,0,-365.75
0,0.00,0,-364.69
0,0.00,0,-366.21
0,0.00,0,-364.08
0,0.00,0,-362.25
0,0.00,0,-366.97
0,0.00,0,-373.36
0,0.00,0,-371.84
0,0.00,0,-367.28
0,0.00,0,-368.19
0,0.00,0,-381.13
0,0.00,0,-391.63
0,0.00,0,-389.50
0,0.00,0,-380.21
0,0.00,0,-374.28
0,0.00,0,-373.06
0,0.00,0,-368.95
0,0.00,0,-360.58
0,0.00,0,-355.40
0,0.00,0,-360.27
0,0.00,0,-367.12
0,0.00,0,-367.43
0,0.00,0,-366.06
0,0.00,0,-369.86
0,0.00,0,-383.71
0,0.00,0,-392.85
0,0.00,0,-391.48
0,0.00,0,-382.95
0,0.00,0,-374.73
0,0.00,0,-372.60
0,0.00,0,-373.97
0,0.00,0,-368.65
0,0.00,0,-359.51
0,0.00,0,-355.71
0,0.00,0,-359.82
0,0.00,0,-361.49
0,0.00,0,-360.12
0,0.00,0,-360.43
0,0.00,0,-371.99
0,0.00,0,-387.82
0,0.00,0,-392.69
0,0.00,0,-388.74
0,0.00,0,-384.17
0,0.00,0,-383.41
0,0.00,0,-375.34
0,0.00,0,-361.19
0,0.00,0,-349.16
0,0.00,0,-347.95
0,0.00,0,-359.06
0,0.00,0,-367.73
0,0.00,0,-370.78
0,0.00,0,-371.99
0,0.00,0,-378.69
0,0.00,0,-385.24
0,0.00,0,-383.71
0,0.00,0,-377.93
0,0.00,0,-372.75
0,0.00,0,-374.89
0,0.00,0,-379.30
0,0.00,0,-375.95
0,0.00,0,-367.58
0,0.00,0,-360.58
0,0.00,0,-360.43
