0,0.00,0,-386.76
0,0.00,0,-393.61
0,0.00,0,-401.83
0,0.00,0,-397.11
0,0.00,0,-386.61
0,0.00,0,-380.21
0,0.00,0,-388.13
0,0.00,0,-395.74
0,0.00,0,-391.48
0,0.00,0,-381.74
0,0.00,0,-377.63
0,0.00,0,-382.95
0,0.00,0,-392.39
0,0.00,0,-394.22
0,0.00,0,-392.39
0,0.00,0,-392.54
0,0.00,0,-395.43
0,0.00,0,-396.65
0,0.00,0,-395.59
0,0.00,0,-392.85
0,0.00,0,-390.56
0,0.00,0,-392.69
0,0.00,0,-396.35
0,0.00,0,-396.80
0,0.00,0,-392.54
0,0.00,0,-386.76
0,0.00,0,-385.84
0,0.00,0,-394.98
0,0.00,0,-398.93
0,0.00,0,-391.93
0,0.00,0,-383.71
0,0.00,0,-382.65
0,0.00,0,-390.41
0,0.00,0,-395.59
0,0.00,0,-392.39
0,0.00,0,-388.58
0,0.00,0,-388.13
0,0.00,0,-389.80
0,0.00,0,-385.39
0,0.00,0,-380.52
0,0.00,0,-379.15
0,0.00,0,-385.54
0,0.00,0,-396.96
0,0.00,0,-401.67
0,0.00,0,-398.93
0,0.00,0,-394.06
0,0.00,0,-395.13
0,0.00,0,-400.76
0,0.00,0,-405.63
0,0.00,0,-398.78
0,0.00,0,-386.76
0,0.00,0,-380.21
0,0.00,0,-387.06
0,0.00,0,-396.04
0,0.00,0,-393.30
0,0.00,0,-386.76
0,0.00,0,-383.56
0,0.00,0,-391.02
0,0.00,0,-402.28
0,0.00,0,-404.11
0,0.00,0,-399.54
0,0.00,0,-395.28
0,0.00,0,-393.30
0,0.00,0,-389.80
0,0.00,0,-383.11
0,0.00,0,-376.86
0,0.00,0,-375.65
0,0.00,0,-380.97
0,0.00,0,-388.43
0,0.00,0,-392.09
0,0.00,0,-390.87
0,0.00,0,-390.72
0,0.00,0,-394.37
0,0.00,0,-404.57
0,0.00,0,-408.37
0,0.00,0,-399.85
0,0.00,0,-387.52
0,0.00,0,-385.39
0,0.00,0,-395.13
0,0.00,0,-396.65
0,0.00,0,-387.06
0,0.00,0,-377.63
0,0.00,0,-379.91
0,0.00,0,-393.91
0,0.00,0,-404.87
0,0.00,0,-403.20
0,0.00,0,-400.00
0,0.00,0,-398.78
0,0.00,0,-398.33
0,0.00,0,-389.19
0,0.00,0,-376.86
0,0.00,0,-371.99
0,0.00,0,-377.32
0,0.00,0,-388.28
0,0.00,0,-392.69
0,0.00,0,-390.87
0,0.00,0,-387.98
0,0.00,0,-389.95
0,0.00,0,-396.35
0,0.00,0,-402.74
0,0.00,0,-401.67
0,0.00,0,-392.69
0,0.00,0,-384.93
0,0.00,0,-388.13
0,0.00,0,-395.59
0,0.00,0,-391.93
0,0.00,0,-383.11
0,0.00,0,-377.17
0,0.00,0,-384.17
0,0.00,0,-397.72
0,0.00,0,-401.52
0,0.00,0,-397.72
0,0.00,0,-393.76
0,0.00,0,-394.98
0,0.00,0,-394.98
0,0.00,0,-389.35
0,0.00,0,-382.50
0,0.00,0,-380.37
0,0.00,0,-384.32
0,0.00,0,-389.50
0,0.00,0,-390.41
0,0.00,0,-387.67
0,0.00,0,-385.39
0,0.00,0,-386.30
0,0.00,0,-394.37
0,0.00,0,-399.54
0,0.00,0,-392.85
0,0.00,0,-382.19
0,0.00,0,-380.52
0,0.00,0,-392.09
0,0.00,0,-397.26
0,0.00,0,-390.87
0,0.00,0,-382.19
0,0.00,0,-382.65
0,0.00,0,-394.52
0,0.00,0,-405.02
0,0.00,0,-403.04
0,0.00,0,-398.02
0,0.00,0,-395.43
0,0.00,0,-395.59
0,0.00,0,-390.11
0,0.00,0,-383.11
0,0.00,0,-379.15
0,0.00,0,-382.50
0,0.00,0,-390.56
0,0.00,0,-395.89
0,0.00,0,-394.98
0,0.00,0,-392.54
0,0.00,0,-391.48
0,0.00,0,-394.82
0,0.00,0,-402.89
0,0.00,0,-399.85
0,0.00,0,-387.98
0,0.00,0,-377.17
0,0.00,0,-379.91
0,0.00,0,-389.04
0,0.00,0,-388.13
0,0.00,0,-380.52
0,0.00,0,-375.95
0,0.00,0,-382.65
0,0.00,0,-397.56
0,0.00,0,-404.72
0,0.00,0,-401.52
0,0.00,0,-397.72
0,0.00,0,-397.41
0,0.00,0,-396.04
0,0.00,0,-387.82
0,0.00,0,-380.06
0,0.00,0,-376.86
0,0.00,0,-380.97
0,0.00,0,-386.91
0,0.00,0,-389.19
0,0.00,0,-388.13
0,0.00,0,-388.13
0,0.00,0,-389.65
0,0.00,0,-398.02
0,0.00,0,-404.72
0,0.00,0,-398.93
0,0.00,0,-386.61
0,0.00,0,-380.97
0,0.00,0,-388.28
0,0.00,0,-391.63
0,0.00,0,-382.65
0,0.00,0,-371.39
0,0.00,0,-370.62
0,0.00,0,-382.95
0,0.00,0,-395.59
0,0.00,0,-397.11
0,0.00,0,-395.89
0,0.00,0,-396.50
0,0.00,0,-398.93
0,0.00,0,-395.13
0,0.00,0,-386.91
0,0.00,0,-382.34
0,0.00,0,-385.08
0,0.00,0,-394.06
0,0.00,0,-399.24
0,0.00,0,-396.96
0,0.00,0,-391.78
0,0.00,0,-391.17
0,0.00,0,-394.67
0,0.00,0,-402.44
0,0.00,0,-401.52
0,0.00,0,-391.78
0,0.00,0,-382.80
0,0.00,0,-385.84
0,0.00,0,-395.28
0,0.00,0,-394.37
0,0.00,0,-384.93
0,0.00,0,-377.47
0,0.00,0,-382.95
0,0.00,0,-396.50
0,0.00,0,-400.91
0,0.00,0,-395.28
0,0.00,0,-389.19
0,0.00,0,-388.13
0,0.00,0,-389.19
0,0.00,0,-387.98
0,0.00,0,-384.02
0,0.00,0,-381.89
0,0.00,0,-383.41
0,0.00,0,-389.50
0,0.00,0,-394.98
0,0.00,0,-395.59
0,0.00,0,-393.91
0,0.00,0,-391.93
0,0.00,0,-397.87
0,0.00,0,-404.87
0,0.00,0,-400.76
0,0.00,0,-388.89
0,0.00,0,-381.28
0,0.00,0,-383.87
0,0.00,0,-391.93
0,0.00,0,-391.17
0,0.00,0,-386.15
0,0.00,0,-384.93
0,0.00,0,-389.65
0,0.00,0,-391.93
0,0.00,0,-389.95
0,0.00,0,-386.00
0,0.00,0,-387.52
0,0.00,0,-394.22
0,0.00,0,-399.24
0,0.00,0,-396.65
0,0.00,0,-388.89
0,0.00,0,-381.43
0,0.00,0,-382.50
0,0.00,0,-389.50
0,0.00,0,-392.39
0,0.00,0,-385.84
0,0.00,0,-380.06
0,0.00,0,-383.41
0,0.00,0,-396.96
0,0.00,0,-403.04
0,0.00,0,-399.54
0,0.00,0,-395.43
0,0.00,0,-395.59
0,0.00,0,-396.04
0,0.00,0,-391.78
0,0.00,0,-386.15
0,0.00,0,-382.19
0,0.00,0,-382.65
0,0.00,0,-386.91
0,0.00,0,-390.87
0,0.00,0,-390.56
0,0.00,0,-387.06
0,0.00,0,-386.30
0,0.00,0,-394.52
0,0.00,0,-404.11
0,0.00,0,-400.91
0,0.00,0,-389.65
0,0.00,0,-383.26
0,0.00,0,-387.06
0,0.00,0,-393.30
0,0.00,0,-388.58
0,0.00,0,-382.65
0,0.00,0,-382.34
0,0.00,0,-387.52
0,0.00,0,-386.91
0,0.00,0,-379.60
0,0.00,0,-377.93
0,0.00,0,-386.76
0,0.00,0,-403.20
0,0.00,0,-412.18
0,0.00,0,-408.22
0,0.00,0,-399.70
0,0.00,0,-395.13
0,0.00,0,-398.02
0,0.00,0,-396.65
0,0.00,0,-387.82
0,0.00,0,-374.73
0,0.00,0,-368.80
0,0.00,0,-375.65
0,0.00,0,-388.28
0,0.00,0,-390.72
0,0.00,0,-387.52
0,0.00,0,-387.52
0,0.00,0,-399.39
0,0.00,0,-413.09
0,0.00,0,-412.02
0,0.00,0,-399.39
0,0.00,0,-387.52
0,0.00,0,-387.21
0,0.00,0,-392.69
0,0.00,0,-388.13
0,0.00,0,-376.26
0,0.00,0,-368.19
0,0.00,0,-372.60
0,0.00,0,-389.04
0,0.00,0,-399.85
0,0.00,0,-400.61
0,0.00,0,-399.09
0,0.00,0,-400.46
0,0.00,0,-404.57
0,0.00,0,-407.15
0,0.00,0,-400.76
0,0.00,0,-391.93
0,0.00,0,-384.17
0,0.00,0,-382.65
0,0.00,0,-385.24
0,0.00,0,-383.87
0,0.00,0,-379.15
0,0.00,0,-377.93
0,0.00,0,-388.43
0,0.00,0,-403.50
0,0.00,0,-407.15
0,0.00,0,-398.78
0,0.00,0,-393.00
0,0.00,0,-399.70
0,0.00,0,-408.68
0,0.00,0,-402.44
0,0.00,0,-387.21
0,0.00,0,-376.56
0,0.00,0,-375.49
0,0.00,0,-375.49
0,0.00,0,-372.60
0,0.00,0,-370.47
0,0.00,0,-377.17
0,0.00,0,-389.19
0,0.00,0,-402.44
0,0.00,0,-408.98
0,0.00,0,-408.07
0,0.00,0,-402.74
0,0.00,0,-401.07
0,0.00,0,-403.96
0,0.00,0,-402.59
0,0.00,0,-389.19
0,0.00,0,-375.80
0,0.00,0,-371.39
0,0.00,0,-378.23
0,0.00,0,-383.87
0,0.00,0,-385.39
0,0.00,0,-388.28
0,0.00,0,-395.59
0,0.00,0,-403.20
0,0.00,0,-402.74
0,0.00,0,-398.48
0,0.00,0,-394.52
0,0.00,0,-396.35
0,0.00,0,-400.46
0,0.00,0,-396.50
0,0.00,0,-385.84
0,0.00,0,-374.28
0,0.00,0,-371.54
0,0.00,0,-377.02
0,0.00,0,-385.24
0,0.00,0,-385.54
0,0.00,0,-383.11
0,0.00,0,-384.63
0,0.00,0,-396.96
0,0.00,0,-409.89
0,0.00,0,-409.13
0,0.00,0,-401.98
0,0.00,0,-394.37
0,0.00,0,-393.30
0,0.00,0,-394.98
0,0.00,0,-391.02
0,0.00,0,-383.87
0,0.00,0,-380.06
0,0.00,0,-381.28
0,0.00,0,-386.00
0,0.00,0,-389.95
0,0.00,0,-391.17
0,0.00,0,-392.24
0,0.00,0,-397.56
0,0.00,0,-406.24
0,0.00,0,-407.76
0,0.00,0,-398.17
0,0.00,0,-386.15
0,0.00,0,-381.74
0,0.00,0,-387.82
0,0.00,0,-387.67
0,0.00,0,-377.47
0,0.00,0,-368.65
0,0.00,0,-372.15
0,0.00,0,-387.06
0,0.00,0,-397.56
0,0.00,0,-397.56
0,0.00,0,-398.17
0,0.00,0,-401.22
0,0.00,0,-403.04
0,0.00,0,-395.43
0,0.00,0,-386.91
0,0.00,0,-382.34
0,0.00,0,-386.00
0,0.00,0,-392.69
0,0.00,0,-394.22
0,0.00,0,-389.95
0,0.00,0,-385.54
0,0.00,0,-387.21
0,0.00,0,-393.61
0,0.00,0,-401.37
0,0.00,0,-398.48
0,0.00,0,-390.26
0,0.00,0,-384.78
0,0.00,0,-391.17
0,0.00,0,-396.35
0,0.00,0,-391.02
0,0.00,0,-379.91
0,0.00,0,-374.89
0,0.00,0,-384.63
0,0.00,0,-395.89
0,0.00,0,-394.98
0,0.00,0,-388.43
0,0.00,0,-386.30
0,0.00,0,-390.72
0,0.00,0,-395.43
0,0.00,0,-394.22
0,0.00,0,-390.11
0,0.00,0,-388.43
0,0.00,0,-389.95
0,0.00,0,-395.13
0,0.00,0,-396.19
0,0.00,0,-394.22
0,0.00,0,-388.89
0,0.00,0,-388.74
0,0.00,0,-396.04
0,0.00,0,-399.85
0,0.00,0,-392.85
0,0.00,0,-383.41
0,0.00,0,-380.37
0,0.00,0,-387.37
0,0.00,0,-393.00
0,0.00,0,-389.80
0,0.00,0,-385.69
0,0.00,0,-386.45
0,0.00,0,-390.56
0,0.00,0,-389.65
0,0.00,0,-385.54
0,0.00,0,-383.26
0,0.00,0,-387.21
0,0.00,0,-395.89
0,0.00,0,-398.78
0,0.00,0,-394.22
0,0.00,0,-387.67
0,0.00,0,-385.69
0,0.00,0,-389.80
0,0.00,0,-396.65
0,0.00,0,-393.76
0,0.00,0,-384.63
0,0.00,0,-379.15
0,0.00,0,-386.00
0,0.00,0,-397.87
0,0.00,0,-397.56
0,0.00,0,-391.17
0,0.00,0,-386.45
0,0.00,0,-389.80
0,0.00,0,-396.65
0,0.00,0,-396.19
0,0.00,0,-389.50
0,0.00,0,-385.24
0,0.00,0,-383.56
0,0.00,0,-383.87
0,0.00,0,-382.65
0,0.00,0,-380.52
0,0.00,0,-380.06
0,0.00,0,-385.39
0,0.00,0,-394.37
0,0.00,0,-399.85
0,0.00,0,-396.80
0,0.00,0,-391.78
0,0.00,0,-392.24
0,0.00,0,-402.13
0,0.00,0,-403.96
0,0.00,0,-393.30
0,0.00,0,-380.52
0,0.00,0,-379.30
0,0.00,0,-391.32
0,0.00,0,-397.41
0,0.00,0,-392.24
0,0.00,0,-387.67
0,0.00,0,-390.26
0,0.00,0,-395.28
0,0.00,0,-393.46
0,0.00,0,-387.82
0,0.00,0,-386.15
0,0.00,0,-392.39
0,0.00,0,-399.85
0,0.00,0,-398.78
0,0.00,0,-392.24
