0,0.00,0,-421.77
0,0.00,0,-421.77
0,0.00,0,-422.22
0,0.00,0,-422.53
0,0.00,0,-422.83
0,0.00,0,-423.29
0,0.00,0,-423.74
0,0.00,0,-424.20
0,0.00,0,-424.35
0,0.00,0,-424.35
0,0.00,0,-423.90
0,0.00,0,-423.59
0,0.00,0,-423.14
0,0.00,0,-422.22
0,0.00,0,-421.77
0,0.00,0,-421.61
0,0.00,0,-421.61
0,0.00,0,-422.07
0,0.00,0,-422.68
0,0.00,0,-423.29
0,0.00,0,-424.05
0,0.00,0,-424.35
0,0.00,0,-424.51
0,0.00,0,-424.51
0,0.00,0,-424.35
0,0.00,0,-423.74
0,0.00,0,-423.14
0,0.00,0,-422.53
0,0.00,0,-421.92
0,0.00,0,-421.92
0,0.00,0,-421.92
0,0.00,0,-421.92
0,0.00,0,-422.53
0,0.00,0,-423.44
0,0.00,0,-424.20
0,0.00,0,-424.35
0,0.00,0,-424.51
0,0.00,0,-424.51
0,0.00,0,-424.20
0,0.00,0,-423.44
0,0.00,0,-422.98
0,0.00,0,-422.22
0,0.00,0,-421.92
0,0.00,0,-422.07
0,0.00,0,-422.37
0,0.00,0,-422.68
0,0.00,0,-422.98
0,0.00,0,-423.44
0,0.00,0,-423.90
0,0.00,0,-424.05
0,0.00,0,-424.35
0,0.00,0,-424.35
0,0.00,0,-423.90
0,0.00,0,-423.29
0,0.00,0,-423.29
0,0.00,0,-422.98
0,0.00,0,-422.37
0,0.00,0,-421.92
0,0.00,0,-422.07
0,0.00,0,-422.22
0,0.00,0,-422.83
0,0.00,0,-423.44
0,0.00,0,-424.05
0,0.00,0,-424.20
0,0.00,0,-424.20
0,0.00,0,-423.90
0,0.00,0,-423.74
0,0.00,0,-423.44
0,0.00,0,-423.14
0,0.00,0,-422.68
0,0.00,0,-422.37
0,0.00,0,-421.92
0,0.00,0,-422.07
0,0.00,0,-422.53
0,0.00,0,-422.98
0,0.00,0,-423.44
0,0.00,0,-423.74
0,0.00,0,-423.90
0,0.00,0,-424.20
0,0.00,0,-424.20
0,0.00,0,-423.90
0,0.00,0,-423.29
0,0.00,0,-422.83
0,0.00,0,-422.53
0,0.00,0,-422.22
0,0.00,0,-422.37
0,0.00,0,-422.37
0,0.00,0,-422.37
0,0.00,0,-422.83
0,0.00,0,-423.14
0,0.00,0,-423.74
0,0.00,0,-424.05
0,0.00,0,-424.20
0,0.00,0,-424.05
0,0.00,0,-423.90
0,0.00,0,-423.44
0,0.00,0,-423.14
0,0.00,0,-422.68
0,0.00,0,-422.37
0,0.00,0,-422.53
0,0.00,0,-422.37
0,0.00,0,-422.37
0,0.00,0,-422.68
0,0.00,0,-423.29
0,0.00,0,-424.05
0,0.00,0,-424.51
0,0.00,0,-424.66
0,0.00,0,-424.35
0,0.00,0,-423.59
0,0.00,0,-423.14
0,0.00,0,-422.98
0,0.00,0,-422.68
0,0.00,0,-422.53
0,0.00,0,-422.68
0,0.00,0,-422.53
0,0.00,0,-422.37
0,0.00,0,-422.68
0,0.00,0,-423.14
0,0.00,0,-423.59
0,0.00,0,-424.05
0,0.00,0,-424.51
0,0.00,0,-424.35
0,0.00,0,-423.59
0,0.00,0,-423.29
0,0.00,0,-422.98
0,0.00,0,-422.37
0,0.00,0,-422.22
0,0.00,0,-422.37
0,0.00,0,-422.53
0,0.00,0,-422.68
0,0.00,0,-422.83
0,0.00,0,-422.98
0,0.00,0,-423.44
0,0.00,0,-423.74
0,0.00,0,-424.20
0,0.00,0,-424.20
0,0.00,0,-423.74
0,0.00,0,-423.29
0,0.00,0,-422.98
0,0.00,0,-422.68
0,0.00,0,-422.37
0,0.00,0,-422.22
0,0.00,0,-422.37
0,0.00,0,-422.83
0,0.00,0,-423.14
0,0.00,0,-423.14
0,0.00,0,-423.59
0,0.00,0,-423.90
0,0.00,0,-424.05
0,0.00,0,-424.51
0,0.00,0,-424.20
0,0.00,0,-423.74
0,0.00,0,-423.29
0,0.00,0,-422.68
0,0.00,0,-422.22
0,0.00,0,-421.92
0,0.00,0,-422.07
0,0.00,0,-422.37
0,0.00,0,-422.83
0,0.00,0,-423.29
0,0.00,0,-423.74
0,0.00,0,-424.20
0,0.00,0,-424.35
0,0.00,0,-424.05
0,0.00,0,-423.74
0,0.00,0,-423.74
0,0.00,0,-423.59
0,0.00,0,-422.98
0,0.00,0,-422.53
0,0.00,0,-421.92
0,0.00,0,-422.07
0,0.00,0,-422.53
0,0.00,0,-422.83
0,0.00,0,-423.29
0,0.00,0,-423.59
0,0.00,0,-424.05
0,0.00,0,-424.35
0,0.00,0,-424.35
0,0.00,0,-423.90
0,0.00,0,-423.59
0,0.00,0,-422.98
0,0.00,0,-422.53
0,0.00,0,-422.22
0,0.00,0,-422.37
0,0.00,0,-422.37
0,0.00,0,-422.37
0,0.00,0,-422.68
0,0.00,0,-422.98
0,0.00,0,-423.59
0,0.00,0,-423.90
0,0.00,0,-424.20
0,0.00,0,-424.05
0,0.00,0,-424.20
0,0.00,0,-423.90
0,0.00,0,-423.44
0,0.00,0,-422.83
0,0.00,0,-422.53
0,0.00,0,-422.37
0,0.00,0,-422.22
0,0.00,0,-422.37
0,0.00,0,-422.68
0,0.00,0,-422.98
0,0.00,0,-423.44
0,0.00,0,-423.90
0,0.00,0,-424.20
0,0.00,0,-424.20
0,0.00,0,-424.20
0,0.00,0,-423.90
0,0.00,0,-423.44
0,0.00,0,-423.14
0,0.00,0,-422.68
0,0.00,0,-422.22
0,0.00,0,-422.37
0,0.00,0,-422.68
0,0.00,0,-422.83
0,0.00,0,-423.29
0,0.00,0,-423.59
0,0.00,0,-423.90
0,0.00,0,-424.05
0,0.00,0,-423.90
0,0.00,0,-423.90
0,0.00,0,-423.59
0,0.00,0,-423.29
0,0.00,0,-422.83
0,0.00,0,-422.68
0,0.00,0,-422.37
0,0.00,0,-422.37
0,0.00,0,-422.53
0,0.00,0,-422.68
0,0.00,0,-422.98
0,0.00,0,-423.59
0,0.00,0,-424.05
0,0.00,0,-424.20
0,0.00,0,-424.20
0,0.00,0,-424.05
0,0.00,0,-423.74
0,0.00,0,-423.44
0,0.00,0,-422.83
0,0.00,0,-422.53
0,0.00,0,-422.53
0,0.00,0,-422.37
0,0.00,0,-422.37
0,0.00,0,-422.53
0,0.00,0,-423.14
0,0.00,0,-423.59
0,0.00,0,-423.90
0,0.00,0,-424.20
0,0.00,0,-424.05
0,0.00,0,-423.90
0,0.00,0,-423.74
0,0.00,0,-423.29
0,0.00,0,-422.98
0,0.00,0,-422.68
0,0.00,0,-422.37
0,0.00,0,-422.22
0,0.00,0,-422.22
0,0.00,0,-422.68
0,0.00,0,-422.98
0,0.00,0,-423.44
0,0.00,0,-423.90
0,0.00,0,-424.05
0,0.00,0,-424.05
0,0.00,0,-423.74
0,0.00,0,-423.74
0,0.00,0,-423.59
0,0.00,0,-423.29
0,0.00,0,-422.83
0,0.00,0,-422.37
0,0.00,0,-422.37
0,0.00,0,-422.37
0,0.00,0,-422.53
0,0.00,0,-422.68
0,0.00,0,-423.29
0,0.00,0,-423.90
0,0.00,0,-424.20
0,0.00,0,-424.35
0,0.00,0,-424.20
0,0.00,0,-424.05
0,0.00,0,-423.59
0,0.00,0,-423.14
0,0.00,0,-422.68
0,0.00,0,-422.53
0,0.00,0,-422.22
0,0.00,0,-422.37
0,0.00,0,-422.53
0,0.00,0,-422.68
0,0.00,0,-423.14
0,0.00,0,-423.74
0,0.00,0,-424.20
0,0.00,0,-424.35
0,0.00,0,-424.05
0,0.00,0,-423.74
0,0.00,0,-423.29
0,0.00,0,-422.98
0,0.00,0,-422.53
0,0.00,0,-422.22
0,0.00,0,-422.07
0,0.00,0,-422.37
0,0.00,0,-422.53
0,0.00,0,-422.98
0,0.00,0,-423.14
0,0.00,0,-423.74
0,0.00,0,-424.20
0,0.00,0,-424.35
0,0.00,0,-424.20
0,0.00,0,-424.05
0,0.00,0,-423.59
0,0.00,0,-423.14
0,0.00,0,-422.68
0,0.00,0,-422.22
0,0.00,0,-422.22
0,0.00,0,-422.22
0,0.00,0,-422.53
0,0.00,0,-422.98
0,0.00,0,-423.29
0,0.00,0,-423.59
0,0.00,0,-424.05
0,0.00,0,-424.35
0,0.00,0,-424.20
0,0.00,0,-423.90
0,0.00,0,-423.44
0,0.00,0,-422.98
0,0.00,0,-422.83
0,0.00,0,-422.37
0,0.00,0,-422.22
0,0.00,0,-422.22
0,0.00,0,-422.37
0,0.00,0,-422.68
0,0.00,0,-422.98
0,0.00,0,-423.59
0,0.00,0,-424.05
0,0.00,0,-424.20
0,0.00,0,-424.05
0,0.00,0,-423.90
0,0.00,0,-423.59
0,0.00,0,-422.98
0,0.00,0,-422.68
0,0.00,0,-422.53
0,0.00,0,-422.07
0,0.00,0,-422.07
0,0.00,0,-422.37
0,0.00,0,-422.53
0,0.00,0,-422.98
0,0.00,0,-423.59
0,0.00,0,-423.90
0,0.00,0,-424.51
0,0.00,0,-424.51
0,0.00,0,-424.35
0,0.00,0,-423.90
0,0.00,0,-423.29
0,0.00,0,-422.83
0,0.00,0,-422.37
0,0.00,0,-422.07
0,0.00,0,-422.07
0,0.00,0,-422.22
0,0.00,0,-422.53
0,0.00,0,-422.98
0,0.00,0,-423.59
0,0.00,0,-424.05
0,0.00,0,-424.20
0,0.00,0,-424.20
0,0.00,0,-424.05
0,0.00,0,-423.59
0,0.00,0,-423.29
0,0.00,0,-422.98
0,0.00,0,-422.83
0,0.00,0,-422.37
0,0.00,0,-422.22
0,0.00,0,-422.37
0,0.00,0,-422.83
0,0.00,0,-423.14
0,0.00,0,-423.59
0,0.00,0,-423.90
0,0.00,0,-424.05
0,0.00,0,-424.20
0,0.00,0,-424.20
0,0.00,0,-424.05
0,0.00,0,-423.44
0,0.00,0,-422.83
0,0.00,0,-422.68
0,0.00,0,-422.37
0,0.00,0,-422.22
0,0.00,0,-422.07
0,0.00,0,-422.53
0,0.00,0,-423.14
0,0.00,0,-423.44
0,0.00,0,-423.74
0,0.00,0,-424.05
0,0.00,0,-424.20
0,0.00,0,-424.05
0,0.00,0,-423.59
0,0.00,0,-423.29
0,0.00,0,-422.98
0,0.00,0,-422.53
0,0.00,0,-422.22
0,0.00,0,-422.07
0,0.00,0,-422.22
0,0.00,0,-422.83
0,0.00,0,-423.29
0,0.00,0,-423.59
0,0.00,0,-423.90
0,0.00,0,-424.20
0,0.00,0,-424.20
0,0.00,0,-423.74
0,0.00,0,-423.44
0,0.00,0,-423.14
0,0.00,0,-422.83
0,0.00,0,-422.83
0,0.00,0,-422.68
0,0.00,0,-422.53
0,0.00,0,-422.37
0,0.00,0,-422.37
0,0.00,0,-422.53
0,0.00,0,-422.83
0,0.00,0,-423.59
0,0.00,0,-424.20
0,0.00,0,-424.51
0,0.00,0,-424.66
0,0.00,0,-424.05
0,0.00,0,-423.74
0,0.00,0,-423.29
0,0.00,0,-422.53
0,0.00,0,-422.22
0,0.00,0,-422.07
0,0.00,0,-422.07
0,0.00,0,-422.37
0,0.00,0,-422.83
0,0.00,0,-423.29
0,0.00,0,-423.74
0,0.00,0,-424.35
0,0.00,0,-424.35
0,0.00,0,-424.20
0,0.00,0,-424.20
0,0.00,0,-423.90
0,0.00,0,-423.29
0,0.00,0,-422.53
0,0.00,0,-422.07
0,0.00,0,-422.07
0,0.00,0,-422.37
0,0.00,0,-422.53
0,0.00,0,-422.83
0,0.00,0,-423.29
0,0.00,0,-423.59
0,0.00,0,-423.90
0,0.00,0,-424.20
0,0.00,0,-424.20
0,0.00,0,-424.20
0,0.00,0,-423.74
0,0.00,0,-423.14
0,0.00,0,-422.53
0,0.00,0,-422.37
0,0.00,0,-422.37
0,0.00,0,-422.53
0,0.00,0,-422.53
0,0.00,0,-422.68
0,0.00,0,-423.14
0,0.00,0,-423.74
0,0.00,0,-423.90
0,0.00,0,-423.90
0,0.00,0,-424.05
0,0.00,0,-423.90
0,0.00,0,-423.59
0,0.00,0,-422.98
0,0.00,0,-422.68
0,0.00,0,-422.22
0,0.00,0,-422.22
0,0.00,0,-422.22
0,0.00,0,-422.53
0,0.00,0,-423.14
0,0.00,0,-423.59
0,0.00,0,-423.90
0,0.00,0,-423.90
0,0.00,0,-424.05
0,0.00,0,-424.05
0,0.00,0,-423.90
0,0.00,0,-423.59
0,0.00,0,-423.14
0,0.00,0,-422.68
0,0.00,0,-422.53
0,0.00,0,-422.22
0,0.00,0,-422.07
0,0.00,0,-422.37
0,0.00,0,-423.14
0,0.00,0,-423.59
0,0.00,0,-423.90
0,0.00,0,-424.05
0,0.00,0,-424.05
0,0.00,0,-424.20
0,0.00,0,-423.74
0,0.00,0,-423.29
0,0.00,0,-423.14
0,0.00,0,-422.98
0,0.00,0,-422.68
0,0.00,0,-422.37
0,0.00,0,-422.37
0,0.00,0,-422.68
0,0.00,0,-422.98
0,0.00,0,-423.44
0,0.00,0,-423.74
0,0.00,0,-424.05
