0,0.00,0,-345.66
0,0.00,0,-348.25
0,0.00,0,-347.79
0,0.00,0,-343.84
0,0.00,0,-345.81
0,0.00,0,-348.25
0,0.00,0,-352.21
0,0.00,0,-355.10
0,0.00,0,-353.58
0,0.00,0,-350.99
0,0.00,0,-347.64
0,0.00,0,-346.12
0,0.00,0,-346.12
0,0.00,0,-346.73
0,0.00,0,-345.36
0,0.00,0,-345.97
0,0.00,0,-346.42
0,0.00,0,-341.25
0,0.00,0,-337.14
0,0.00,0,-336.68
0,0.00,0,-342.01
0,0.00,0,-348.40
0,0.00,0,-349.16
0,0.00,0,-349.77
0,0.00,0,-351.29
0,0.00,0,-352.51
0,0.00,0,-353.12
0,0.00,0,-352.97
0,0.00,0,-353.12
0,0.00,0,-353.27
0,0.00,0,-351.14
0,0.00,0,-345.05
0,0.00,0,-343.38
0,0.00,0,-341.25
0,0.00,0,-341.40
0,0.00,0,-344.75
0,0.00,0,-344.44
0,0.00,0,-343.53
0,0.00,0,-342.92
0,0.00,0,-344.14
0,0.00,0,-344.90
0,0.00,0,-347.64
0,0.00,0,-349.16
0,0.00,0,-351.29
0,0.00,0,-352.66
0,0.00,0,-350.99
0,0.00,0,-348.86
0,0.00,0,-346.27
0,0.00,0,-346.27
0,0.00,0,-347.79
0,0.00,0,-346.42
0,0.00,0,-344.60
0,0.00,0,-341.25
0,0.00,0,-341.10
0,0.00,0,-344.44
0,0.00,0,-344.29
0,0.00,0,-341.55
0,0.00,0,-340.33
0,0.00,0,-343.53
0,0.00,0,-347.03
0,0.00,0,-348.71
0,0.00,0,-350.53
0,0.00,0,-354.79
0,0.00,0,-355.56
0,0.00,0,-347.79
0,0.00,0,-341.70
0,0.00,0,-342.47
0,0.00,0,-349.01
0,0.00,0,-349.62
0,0.00,0,-347.03
0,0.00,0,-348.55
0,0.00,0,-350.53
0,0.00,0,-347.64
0,0.00,0,-341.70
0,0.00,0,-341.25
0,0.00,0,-344.60
0,0.00,0,-346.12
0,0.00,0,-348.40
0,0.00,0,-350.68
0,0.00,0,-355.71
0,0.00,0,-355.10
0,0.00,0,-349.47
0,0.00,0,-343.99
0,0.00,0,-340.94
0,0.00,0,-343.38
0,0.00,0,-343.84
0,0.00,0,-350.08
0,0.00,0,-351.29
0,0.00,0,-348.71
0,0.00,0,-343.68
0,0.00,0,-343.53
0,0.00,0,-348.71
0,0.00,0,-347.64
0,0.00,0,-345.36
0,0.00,0,-345.21
0,0.00,0,-350.38
0,0.00,0,-351.14
0,0.00,0,-350.68
0,0.00,0,-350.08
0,0.00,0,-348.71
0,0.00,0,-348.86
0,0.00,0,-343.23
0,0.00,0,-343.68
0,0.00,0,-345.66
0,0.00,0,-346.27
0,0.00,0,-348.10
0,0.00,0,-347.64
0,0.00,0,-349.77
0,0.00,0,-347.49
0,0.00,0,-344.44
0,0.00,0,-342.16
0,0.00,0,-343.68
0,0.00,0,-347.18
0,0.00,0,-347.64
0,0.00,0,-349.92
0,0.00,0,-347.95
0,0.00,0,-345.81
0,0.00,0,-343.53
0,0.00,0,-342.47
0,0.00,0,-345.51
0,0.00,0,-345.81
0,0.00,0,-346.12
0,0.00,0,-345.81
0,0.00,0,-347.95
0,0.00,0,-351.14
0,0.00,0,-350.08
0,0.00,0,-346.42
0,0.00,0,-343.23
0,0.00,0,-344.60
0,0.00,0,-347.64
0,0.00,0,-349.47
0,0.00,0,-349.47
0,0.00,0,-349.92
0,0.00,0,-350.53
0,0.00,0,-345.36
0,0.00,0,-342.77
0,0.00,0,-342.01
0,0.00,0,-343.23
0,0.00,0,-347.49
0,0.00,0,-348.40
0,0.00,0,-352.82
0,0.00,0,-356.62
0,0.00,0,-355.71
0,0.00,0,-347.79
0,0.00,0,-340.49
0,0.00,0,-338.20
0,0.00,0,-341.40
0,0.00,0,-348.55
0,0.00,0,-348.10
0,0.00,0,-347.64
0,0.00,0,-347.34
0,0.00,0,-347.79
0,0.00,0,-346.12
0,0.00,0,-343.23
0,0.00,0,-343.38
0,0.00,0,-345.66
0,0.00,0,-347.95
0,0.00,0,-350.08
0,0.00,0,-352.82
0,0.00,0,-356.16
0,0.00,0,-351.75
0,0.00,0,-343.53
0,0.00,0,-337.75
0,0.00,0,-340.94
0,0.00,0,-343.23
0,0.00,0,-345.97
0,0.00,0,-349.47
0,0.00,0,-349.01
0,0.00,0,-345.81
0,0.00,0,-342.16
0,0.00,0,-345.05
0,0.00,0,-348.71
0,0.00,0,-346.12
0,0.00,0,-343.99
0,0.00,0,-348.40
0,0.00,0,-352.97
0,0.00,0,-353.27
0,0.00,0,-350.53
0,0.00,0,-349.32
0,0.00,0,-350.68
0,0.00,0,-346.88
0,0.00,0,-340.79
0,0.00,0,-340.94
0,0.00,0,-344.14
0,0.00,0,-347.79
0,0.00,0,-348.86
0,0.00,0,-350.08
0,0.00,0,-351.90
0,0.00,0,-351.60
0,0.00,0,-347.34
0,0.00,0,-341.40
0,0.00,0,-343.23
0,0.00,0,-346.88
0,0.00,0,-352.66
0,0.00,0,-358.75
0,0.00,0,-357.53
0,0.00,0,-356.01
0,0.00,0,-352.97
0,0.00,0,-350.23
0,0.00,0,-343.84
0,0.00,0,-338.66
0,0.00,0,-335.31
0,0.00,0,-336.68
0,0.00,0,-348.55
0,0.00,0,-351.75
0,0.00,0,-351.60
0,0.00,0,-347.64
0,0.00,0,-347.03
0,0.00,0,-346.27
0,0.00,0,-341.40
0,0.00,0,-339.88
0,0.00,0,-342.92
0,0.00,0,-356.62
0,0.00,0,-358.75
0,0.00,0,-354.03
0,0.00,0,-351.75
0,0.00,0,-350.08
0,0.00,0,-346.12
0,0.00,0,-339.57
0,0.00,0,-341.55
0,0.00,0,-348.86
0,0.00,0,-351.90
0,0.00,0,-346.88
0,0.00,0,-341.55
0,0.00,0,-342.77
0,0.00,0,-339.12
0,0.00,0,-336.83
0,0.00,0,-336.99
0,0.00,0,-343.68
0,0.00,0,-349.77
0,0.00,0,-349.01
0,0.00,0,-350.84
0,0.00,0,-354.64
0,0.00,0,-354.03
0,0.00,0,-345.97
0,0.00,0,-343.07
0,0.00,0,-348.86
0,0.00,0,-348.86
0,0.00,0,-346.58
0,0.00,0,-345.36
0,0.00,0,-351.60
0,0.00,0,-354.19
0,0.00,0,-349.01
0,0.00,0,-344.75
0,0.00,0,-344.75
0,0.00,0,-344.90
0,0.00,0,-336.83
0,0.00,0,-335.16
0,0.00,0,-341.40
0,0.00,0,-347.18
0,0.00,0,-352.97
0,0.00,0,-352.21
0,0.00,0,-355.40
0,0.00,0,-356.01
0,0.00,0,-353.58
0,0.00,0,-347.49
0,0.00,0,-342.31
0,0.00,0,-342.77
0,0.00,0,-344.29
0,0.00,0,-354.64
0,0.00,0,-354.19
0,0.00,0,-351.75
0,0.00,0,-347.95
0,0.00,0,-344.29
0,0.00,0,-341.86
0,0.00,0,-334.09
0,0.00,0,-332.88
0,0.00,0,-338.05
0,0.00,0,-351.75
0,0.00,0,-354.19
0,0.00,0,-350.23
0,0.00,0,-351.45
0,0.00,0,-350.84
0,0.00,0,-347.34
0,0.00,0,-340.03
0,0.00,0,-343.68
0,0.00,0,-350.84
0,0.00,0,-354.79
0,0.00,0,-358.90
0,0.00,0,-356.32
0,0.00,0,-357.53
0,0.00,0,-350.38
0,0.00,0,-341.55
0,0.00,0,-335.77
0,0.00,0,-334.25
0,0.00,0,-333.18
0,0.00,0,-334.70
0,0.00,0,-349.47
0,0.00,0,-354.19
0,0.00,0,-350.08
0,0.00,0,-342.31
0,0.00,0,-342.31
0,0.00,0,-349.01
0,0.00,0,-351.29
0,0.00,0,-355.40
0,0.00,0,-362.86
0,0.00,0,-372.45
0,0.00,0,-367.12
0,0.00,0,-352.66
0,0.00,0,-342.92
0,0.00,0,-334.25
0,0.00,0,-334.09
0,0.00,0,-333.33
0,0.00,0,-339.42
0,0.00,0,-347.49
0,0.00,0,-350.38
0,0.00,0,-349.01
0,0.00,0,-342.77
0,0.00,0,-338.81
0,0.00,0,-334.25
0,0.00,0,-339.27
0,0.00,0,-353.27
0,0.00,0,-360.12
0,0.00,0,-366.06
0,0.00,0,-369.56
0,0.00,0,-371.39
0,0.00,0,-359.97
0,0.00,0,-346.88
0,0.00,0,-338.05
0,0.00,0,-331.96
0,0.00,0,-329.68
0,0.00,0,-331.20
0,0.00,0,-339.27
0,0.00,0,-344.60
0,0.00,0,-345.51
0,0.00,0,-339.57
0,0.00,0,-335.16
0,0.00,0,-337.14
0,0.00,0,-336.99
0,0.00,0,-346.88
0,0.00,0,-356.93
0,0.00,0,-365.60
0,0.00,0,-365.91
0,0.00,0,-362.25
0,0.00,0,-358.90
0,0.00,0,-351.75
0,0.00,0,-346.58
0,0.00,0,-342.92
0,0.00,0,-348.55
0,0.00,0,-348.55
0,0.00,0,-338.97
0,0.00,0,-333.03
0,0.00,0,-335.62
0,0.00,0,-340.64
0,0.00,0,-336.53
0,0.00,0,-334.55
0,0.00,0,-341.10
0,0.00,0,-349.01
0,0.00,0,-352.05
0,0.00,0,-352.66
0,0.00,0,-360.58
0,0.00,0,-363.47
0,0.00,0,-360.58
0,0.00,0,-356.77
0,0.00,0,-355.40
0,0.00,0,-356.01
0,0.00,0,-349.92
0,0.00,0,-344.90
0,0.00,0,-340.64
0,0.00,0,-340.94
0,0.00,0,-337.90
0,0.00,0,-334.70
0,0.00,0,-338.97
0,0.00,0,-337.14
0,0.00,0,-334.25
0,0.00,0,-332.42
0,0.00,0,-340.94
0,0.00,0,-351.90
0,0.00,0,-355.71
0,0.00,0,-356.62
0,0.00,0,-357.84
0,0.00,0,-362.25
0,0.00,0,-361.95
0,0.00,0,-358.30
0,0.00,0,-355.25
0,0.00,0,-353.58
0,0.00,0,-351.60
0,0.00,0,-341.25
0,0.00,0,-334.25
0,0.00,0,-330.90
0,0.00,0,-333.03
0,0.00,0,-333.79
0,0.00,0,-331.96
0,0.00,0,-336.38
0,0.00,0,-342.16
0,0.00,0,-347.49
0,0.00,0,-345.81
0,0.00,0,-344.29
0,0.00,0,-349.01
0,0.00,0,-357.53
0,0.00,0,-366.97
0,0.00,0,-363.62
0,0.00,0,-364.08
0,0.00,0,-365.30
0,0.00,0,-361.34
0,0.00,0,-350.84
0,0.00,0,-338.81
0,0.00,0,-335.77
0,0.00,0,-333.33
0,0.00,0,-338.36
0,0.00,0,-338.36
0,0.00,0,-341.55
0,0.00,0,-345.51
0,0.00,0,-344.29
0,0.00,0,-343.38
0,0.00,0,-342.62
0,0.00,0,-345.97
0,0.00,0,-347.64
0,0.00,0,-349.77
0,0.00,0,-349.01
0,0.00,0,-347.64
0,0.00,0,-350.38
0,0.00,0,-350.23
0,0.00,0,-355.71
0,0.00,0,-355.25
0,0.00,0,-355.10
0,0.00,0,-355.86
0,0.00,0,-354.49
0,0.00,0,-352.36
0,0.00,0,-347.79
0,0.00,0,-347.03
0,0.00,0,-342.01
0,0.00,0,-339.42
0,0.00,0,-338.05
0,0.00,0,-337.44
0,0.00,0,-337.60
0,0.00,0,-337.29
0,0.00,0,-343.07
0,0.00,0,-348.71
0,0.00,0,-349.92
0,0.00,0,-348.71
0,0.00,0,-348.40
0,0.00,0,-352.66
0,0.00,0,-356.01
0,0.00,0,-356.62
0,0.00,0,-356.16
0,0.00,0,-357.69
0,0.00,0,-356.32
0,0.00,0,-347.49
0,0.00,0,-343.07
0,0.00,0,-340.94
0,0.00,0,-340.49
0,0.00,0,-338.97
0,0.00,0,-336.38
0,0.00,0,-342.01
0,0.00,0,-348.55
0,0.00,0,-349.16
0,0.00,0,-342.77
0,0.00,0,-340.94
0,0.00,0,-342.77
0,0.00,0,-348.10
0,0.00,0,-354.64
0,0.00,0,-356.62
0,0.00,0,-359.67
0,0.00,0,-358.45
0,0.00,0,-357.23
0,0.00,0,-353.27
0,0.00,0,-344.60
0,0.00,0,-340.03
0,0.00,0,-341.25
0,0.00,0,-348.71
0,0.00,0,-347.64
0,0.00,0,-344.44
0,0.00,0,-344.44
0,0.00,0,-344.90
0,0.00,0,-340.03
0,0.00,0,-331.05
0,0.00,0,-331.51
0,0.00,0,-340.79
0,0.00,0,-351.14
0,0.00,0,-352.21
0,0.00,0,-351.75
0,0.00,0,-354.49
0,0.00,0,-352.82
0,0.00,0,-351.29
0,0.00,0,-351.14
0,0.00,0,-355.56
0,0.00,0,-355.86
0,0.00,0,-351.90
0,0.00,0,-348.10
0,0.00,0,-346.73
0,0.00,0,-346.42
0,0.00,0,-338.81
0,0.00,0,-337.44
0,0.00,0,-338.66
0,0.00,0,-340.79
0,0.00,0,-342.16
0,0.00,0,-342.62
0,0.00,0,-349.92
0,0.00,0,-353.42
0,0.00,0,-352.36
0,0.00,0,-350.08
0,0.00,0,-353.27
0,0.00,0,-355.71
0,0.00,0,-353.12
0,0.00,0,-353.12
0,0.00,0,-355.71
0,0.00,0,-359.82
0,0.00,0,-351.90
0,0.00,0,-339.42
