0,0.00,0,-425.72
0,0.00,0,-424.81
0,0.00,0,-424.20
0,0.00,0,-423.59
0,0.00,0,-423.74
0,0.00,0,-424.05
0,0.00,0,-424.20
0,0.00,0,-424.81
0,0.00,0,-425.72
0,0.00,0,-426.33
0,0.00,0,-426.64
0,0.00,0,-426.64
0,0.00,0,-426.33
0,0.00,0,-426.03
0,0.00,0,-425.42
0,0.00,0,-424.81
0,0.00,0,-424.20
0,0.00,0,-423.90
0,0.00,0,-423.59
0,0.00,0,-423.90
0,0.00,0,-424.05
0,0.00,0,-424.66
0,0.00,0,-425.42
0,0.00,0,-426.18
0,0.00,0,-426.48
0,0.00,0,-426.79
0,0.00,0,-426.64
0,0.00,0,-425.88
0,0.00,0,-425.11
0,0.00,0,-424.51
0,0.00,0,-424.05
0,0.00,0,-423.74
0,0.00,0,-423.90
0,0.00,0,-423.90
0,0.00,0,-424.35
0,0.00,0,-425.11
0,0.00,0,-425.88
0,0.00,0,-426.33
0,0.00,0,-426.48
0,0.00,0,-426.48
0,0.00,0,-426.33
0,0.00,0,-426.03
0,0.00,0,-425.42
0,0.00,0,-424.66
0,0.00,0,-424.20
0,0.00,0,-423.90
0,0.00,0,-423.59
0,0.00,0,-423.74
0,0.00,0,-424.51
0,0.00,0,-425.42
0,0.00,0,-425.88
0,0.00,0,-426.03
0,0.00,0,-426.18
0,0.00,0,-426.64
0,0.00,0,-426.79
0,0.00,0,-426.33
0,0.00,0,-425.42
0,0.00,0,-424.66
0,0.00,0,-424.05
0,0.00,0,-423.59
0,0.00,0,-423.44
0,0.00,0,-423.90
0,0.00,0,-424.66
0,0.00,0,-425.27
0,0.00,0,-425.57
0,0.00,0,-426.18
0,0.00,0,-426.64
0,0.00,0,-426.79
0,0.00,0,-426.64
0,0.00,0,-425.88
0,0.00,0,-425.42
0,0.00,0,-424.66
0,0.00,0,-424.05
0,0.00,0,-423.59
0,0.00,0,-423.29
0,0.00,0,-423.59
0,0.00,0,-424.20
0,0.00,0,-425.11
0,0.00,0,-425.88
0,0.00,0,-426.18
0,0.00,0,-426.48
0,0.00,0,-426.48
0,0.00,0,-426.48
0,0.00,0,-426.33
0,0.00,0,-425.88
0,0.00,0,-424.96
0,0.00,0,-424.05
0,0.00,0,-423.14
0,0.00,0,-422.98
0,0.00,0,-423.44
0,0.00,0,-424.35
0,0.00,0,-425.27
0,0.00,0,-426.18
0,0.00,0,-426.64
0,0.00,0,-426.94
0,0.00,0,-426.94
0,0.00,0,-426.79
0,0.00,0,-426.18
0,0.00,0,-425.27
0,0.00,0,-424.35
0,0.00,0,-423.74
0,0.00,0,-423.59
0,0.00,0,-423.59
0,0.00,0,-424.05
0,0.00,0,-424.35
0,0.00,0,-424.96
0,0.00,0,-425.72
0,0.00,0,-426.64
0,0.00,0,-427.25
0,0.00,0,-427.25
0,0.00,0,-426.64
0,0.00,0,-426.03
0,0.00,0,-425.11
0,0.00,0,-424.20
0,0.00,0,-423.59
0,0.00,0,-423.90
0,0.00,0,-424.20
0,0.00,0,-424.05
0,0.00,0,-424.20
0,0.00,0,-424.66
0,0.00,0,-425.57
0,0.00,0,-426.48
0,0.00,0,-427.25
0,0.00,0,-427.25
0,0.00,0,-426.48
0,0.00,0,-425.57
0,0.00,0,-424.66
0,0.00,0,-424.20
0,0.00,0,-424.20
0,0.00,0,-424.20
0,0.00,0,-423.74
0,0.00,0,-423.74
0,0.00,0,-424.05
0,0.00,0,-425.11
0,0.00,0,-426.03
0,0.00,0,-426.64
0,0.00,0,-426.79
0,0.00,0,-426.94
0,0.00,0,-426.48
0,0.00,0,-426.03
0,0.00,0,-425.11
0,0.00,0,-424.35
0,0.00,0,-423.59
0,0.00,0,-423.14
0,0.00,0,-423.14
0,0.00,0,-424.20
0,0.00,0,-424.81
0,0.00,0,-425.72
0,0.00,0,-426.03
0,0.00,0,-426.48
0,0.00,0,-426.94
0,0.00,0,-427.40
0,0.00,0,-426.94
0,0.00,0,-426.18
0,0.00,0,-425.11
0,0.00,0,-424.20
0,0.00,0,-423.44
0,0.00,0,-423.14
0,0.00,0,-423.44
0,0.00,0,-423.90
0,0.00,0,-424.35
0,0.00,0,-424.81
0,0.00,0,-425.72
0,0.00,0,-426.94
0,0.00,0,-427.70
0,0.00,0,-427.55
0,0.00,0,-426.79
0,0.00,0,-425.57
0,0.00,0,-425.11
0,0.00,0,-424.51
0,0.00,0,-424.05
0,0.00,0,-423.59
0,0.00,0,-423.59
0,0.00,0,-423.59
0,0.00,0,-424.05
0,0.00,0,-424.81
0,0.00,0,-426.03
0,0.00,0,-426.64
0,0.00,0,-427.09
0,0.00,0,-427.09
0,0.00,0,-426.79
0,0.00,0,-426.33
0,0.00,0,-425.72
0,0.00,0,-424.66
0,0.00,0,-423.59
0,0.00,0,-423.14
0,0.00,0,-423.14
0,0.00,0,-423.44
0,0.00,0,-424.05
0,0.00,0,-424.81
0,0.00,0,-425.72
0,0.00,0,-426.33
0,0.00,0,-426.79
0,0.00,0,-426.94
0,0.00,0,-426.64
0,0.00,0,-426.33
0,0.00,0,-425.72
0,0.00,0,-424.66
0,0.00,0,-423.90
0,0.00,0,-423.59
0,0.00,0,-423.44
0,0.00,0,-423.59
0,0.00,0,-423.90
0,0.00,0,-424.66
0,0.00,0,-425.57
0,0.00,0,-426.18
0,0.00,0,-426.64
0,0.00,0,-426.64
0,0.00,0,-426.64
0,0.00,0,-426.33
0,0.00,0,-425.72
0,0.00,0,-424.96
0,0.00,0,-424.20
0,0.00,0,-423.90
0,0.00,0,-423.74
0,0.00,0,-423.90
0,0.00,0,-423.90
0,0.00,0,-424.35
0,0.00,0,-425.27
0,0.00,0,-425.88
0,0.00,0,-426.33
0,0.00,0,-426.64
0,0.00,0,-426.64
0,0.00,0,-426.33
0,0.00,0,-425.88
0,0.00,0,-425.27
0,0.00,0,-424.66
0,0.00,0,-423.90
0,0.00,0,-423.59
0,0.00,0,-423.90
0,0.00,0,-424.51
0,0.00,0,-425.27
0,0.00,0,-425.88
0,0.00,0,-426.18
0,0.00,0,-426.48
0,0.00,0,-426.64
0,0.00,0,-426.64
0,0.00,0,-426.18
0,0.00,0,-425.42
0,0.00,0,-424.81
0,0.00,0,-424.20
0,0.00,0,-423.59
0,0.00,0,-423.59
0,0.00,0,-423.90
0,0.00,0,-424.81
0,0.00,0,-424.96
0,0.00,0,-425.11
0,0.00,0,-425.57
0,0.00,0,-426.18
0,0.00,0,-426.48
0,0.00,0,-426.33
0,0.00,0,-426.03
0,0.00,0,-425.57
0,0.00,0,-425.11
0,0.00,0,-424.66
0,0.00,0,-424.05
0,0.00,0,-423.74
0,0.00,0,-423.74
0,0.00,0,-424.05
0,0.00,0,-424.66
0,0.00,0,-425.27
0,0.00,0,-426.03
0,0.00,0,-426.64
0,0.00,0,-426.79
0,0.00,0,-426.64
0,0.00,0,-426.18
0,0.00,0,-425.72
0,0.00,0,-425.27
0,0.00,0,-424.66
0,0.00,0,-424.20
0,0.00,0,-423.90
0,0.00,0,-424.05
0,0.00,0,-424.05
0,0.00,0,-424.35
0,0.00,0,-425.27
0,0.00,0,-426.18
0,0.00,0,-426.33
0,0.00,0,-426.64
0,0.00,0,-426.79
0,0.00,0,-426.48
0,0.00,0,-425.88
0,0.00,0,-425.11
0,0.00,0,-424.35
0,0.00,0,-423.74
0,0.00,0,-423.74
0,0.00,0,-423.90
0,0.00,0,-424.20
0,0.00,0,-424.81
0,0.00,0,-425.57
0,0.00,0,-426.33
0,0.00,0,-426.33
0,0.00,0,-426.33
0,0.00,0,-426.48
0,0.00,0,-426.18
0,0.00,0,-425.72
0,0.00,0,-424.96
0,0.00,0,-424.51
0,0.00,0,-424.05
0,0.00,0,-424.05
0,0.00,0,-424.05
0,0.00,0,-423.90
0,0.00,0,-424.35
0,0.00,0,-425.42
0,0.00,0,-425.88
0,0.00,0,-426.03
0,0.00,0,-426.33
0,0.00,0,-426.64
0,0.00,0,-426.33
0,0.00,0,-425.57
0,0.00,0,-424.96
0,0.00,0,-424.51
0,0.00,0,-424.05
0,0.00,0,-423.90
0,0.00,0,-423.90
0,0.00,0,-424.20
0,0.00,0,-425.11
0,0.00,0,-425.72
0,0.00,0,-426.18
0,0.00,0,-426.33
0,0.00,0,-426.48
0,0.00,0,-426.33
0,0.00,0,-426.03
0,0.00,0,-425.72
0,0.00,0,-424.96
0,0.00,0,-424.35
0,0.00,0,-424.05
0,0.00,0,-423.74
0,0.00,0,-423.90
0,0.00,0,-424.35
0,0.00,0,-424.81
0,0.00,0,-425.27
0,0.00,0,-425.88
0,0.00,0,-426.33
0,0.00,0,-426.33
0,0.00,0,-426.18
0,0.00,0,-425.88
0,0.00,0,-425.42
0,0.00,0,-425.11
0,0.00,0,-424.51
0,0.00,0,-424.20
0,0.00,0,-423.74
0,0.00,0,-423.90
0,0.00,0,-424.51
0,0.00,0,-424.96
0,0.00,0,-425.42
0,0.00,0,-426.18
0,0.00,0,-426.79
0,0.00,0,-426.79
0,0.00,0,-426.33
0,0.00,0,-425.88
0,0.00,0,-425.27
0,0.00,0,-424.66
0,0.00,0,-424.35
0,0.00,0,-423.90
0,0.00,0,-423.90
0,0.00,0,-424.05
0,0.00,0,-424.51
0,0.00,0,-424.96
0,0.00,0,-425.42
0,0.00,0,-426.18
0,0.00,0,-426.48
0,0.00,0,-426.64
0,0.00,0,-426.64
0,0.00,0,-426.33
0,0.00,0,-425.72
0,0.00,0,-424.81
0,0.00,0,-424.05
0,0.00,0,-423.59
0,0.00,0,-423.59
0,0.00,0,-423.74
0,0.00,0,-424.20
0,0.00,0,-424.96
0,0.00,0,-425.72
0,0.00,0,-426.03
0,0.00,0,-426.33
0,0.00,0,-426.64
0,0.00,0,-426.48
0,0.00,0,-426.18
0,0.00,0,-425.57
0,0.00,0,-424.81
0,0.00,0,-424.20
0,0.00,0,-423.74
0,0.00,0,-423.59
0,0.00,0,-423.59
0,0.00,0,-424.05
0,0.00,0,-424.81
0,0.00,0,-425.42
0,0.00,0,-426.18
0,0.00,0,-426.48
0,0.00,0,-426.48
0,0.00,0,-426.48
0,0.00,0,-426.18
0,0.00,0,-425.57
0,0.00,0,-424.96
0,0.00,0,-424.51
0,0.00,0,-424.20
0,0.00,0,-424.20
0,0.00,0,-424.05
0,0.00,0,-424.20
0,0.00,0,-424.81
0,0.00,0,-425.42
0,0.00,0,-426.03
0,0.00,0,-426.18
0,0.00,0,-426.33
0,0.00,0,-426.64
0,0.00,0,-426.18
0,0.00,0,-425.72
0,0.00,0,-425.11
0,0.00,0,-424.66
0,0.00,0,-424.20
0,0.00,0,-424.20
0,0.00,0,-424.05
0,0.00,0,-424.20
0,0.00,0,-424.51
0,0.00,0,-424.96
0,0.00,0,-425.57
0,0.00,0,-426.03
0,0.00,0,-426.48
0,0.00,0,-426.79
0,0.00,0,-426.64
0,0.00,0,-425.88
0,0.00,0,-425.11
0,0.00,0,-424.66
0,0.00,0,-424.20
0,0.00,0,-423.74
0,0.00,0,-423.59
0,0.00,0,-424.05
0,0.00,0,-424.51
0,0.00,0,-424.96
0,0.00,0,-425.57
0,0.00,0,-426.03
0,0.00,0,-426.18
0,0.00,0,-426.48
0,0.00,0,-426.33
0,0.00,0,-425.88
0,0.00,0,-425.11
0,0.00,0,-424.51
0,0.00,0,-423.90
0,0.00,0,-423.74
0,0.00,0,-423.90
0,0.00,0,-424.20
0,0.00,0,-424.66
0,0.00,0,-424.81
0,0.00,0,-425.57
0,0.00,0,-426.03
0,0.00,0,-426.33
0,0.00,0,-426.33
0,0.00,0,-425.88
0,0.00,0,-425.72
0,0.00,0,-425.42
0,0.00,0,-424.81
0,0.00,0,-424.35
0,0.00,0,-424.35
0,0.00,0,-424.20
0,0.00,0,-424.20
0,0.00,0,-424.51
0,0.00,0,-425.27
0,0.00,0,-425.72
0,0.00,0,-426.03
0,0.00,0,-426.18
0,0.00,0,-426.18
0,0.00,0,-426.03
0,0.00,0,-425.72
0,0.00,0,-425.11
0,0.00,0,-424.81
0,0.00,0,-424.51
0,0.00,0,-424.51
0,0.00,0,-424.51
0,0.00,0,-424.35
0,0.00,0,-424.81
0,0.00,0,-425.27
0,0.00,0,-425.72
0,0.00,0,-425.88
0,0.00,0,-426.03
0,0.00,0,-426.03
0,0.00,0,-426.03
0,0.00,0,-425.57
0,0.00,0,-425.11
0,0.00,0,-424.66
0,0.00,0,-424.20
0,0.00,0,-423.90
0,0.00,0,-424.05
0,0.00,0,-424.20
0,0.00,0,-424.66
0,0.00,0,-425.57
0,0.00,0,-425.88
0,0.00,0,-425.88
0,0.00,0,-426.18
0,0.00,0,-426.18
0,0.00,0,-426.03
0,0.00,0,-425.42
0,0.00,0,-425.27
0,0.00,0,-424.81
0,0.00,0,-424.66
0,0.00,0,-424.05
0,0.00,0,-423.90
0,0.00,0,-424.20
0,0.00,0,-424.66
0,0.00,0,-425.42
0,0.00,0,-425.72
