0,0.00,0,-436.68
0,0.00,0,-436.83
0,0.00,0,-436.99
0,0.00,0,-437.14
0,0.00,0,-436.99
0,0.00,0,-436.83
0,0.00,0,-436.68
0,0.00,0,-436.23
0,0.00,0,-436.23
0,0.00,0,-436.38
0,0.00,0,-436.38
0,0.00,0,-436.38
0,0.00,0,-436.38
0,0.00,0,-436.38
0,0.00,0,-436.68
0,0.00,0,-436.99
0,0.00,0,-437.29
0,0.00,0,-437.29
0,0.00,0,-437.14
0,0.00,0,-437.14
0,0.00,0,-436.99
0,0.00,0,-436.53
0,0.00,0,-436.23
0,0.00,0,-436.23
0,0.00,0,-436.23
0,0.00,0,-436.07
0,0.00,0,-436.23
0,0.00,0,-436.53
0,0.00,0,-436.83
0,0.00,0,-437.14
0,0.00,0,-437.14
0,0.00,0,-436.83
0,0.00,0,-436.68
0,0.00,0,-436.68
0,0.00,0,-436.83
0,0.00,0,-436.53
0,0.00,0,-436.53
0,0.00,0,-436.38
0,0.00,0,-436.38
0,0.00,0,-436.53
0,0.00,0,-436.38
0,0.00,0,-436.53
0,0.00,0,-436.53
0,0.00,0,-436.68
0,0.00,0,-436.68
0,0.00,0,-436.83
0,0.00,0,-436.99
0,0.00,0,-436.83
0,0.00,0,-436.83
0,0.00,0,-436.53
0,0.00,0,-436.38
0,0.00,0,-436.53
0,0.00,0,-436.53
0,0.00,0,-436.38
0,0.00,0,-436.38
0,0.00,0,-436.53
0,0.00,0,-436.68
0,0.00,0,-436.99
0,0.00,0,-436.99
0,0.00,0,-436.83
0,0.00,0,-436.83
0,0.00,0,-436.68
0,0.00,0,-436.38
0,0.00,0,-436.38
0,0.00,0,-436.38
0,0.00,0,-436.38
0,0.00,0,-436.68
0,0.00,0,-436.83
0,0.00,0,-436.83
0,0.00,0,-436.68
0,0.00,0,-436.83
0,0.00,0,-436.83
0,0.00,0,-436.99
0,0.00,0,-436.83
0,0.00,0,-436.83
0,0.00,0,-436.68
0,0.00,0,-436.38
0,0.00,0,-436.53
0,0.00,0,-436.68
0,0.00,0,-436.68
0,0.00,0,-436.68
0,0.00,0,-436.53
0,0.00,0,-436.53
0,0.00,0,-436.68
0,0.00,0,-436.68
0,0.00,0,-436.83
0,0.00,0,-436.99
0,0.00,0,-436.53
0,0.00,0,-436.38
0,0.00,0,-436.07
0,0.00,0,-436.23
0,0.00,0,-436.53
0,0.00,0,-436.83
0,0.00,0,-436.68
0,0.00,0,-436.68
0,0.00,0,-436.83
0,0.00,0,-436.83
0,0.00,0,-437.14
0,0.00,0,-437.14
0,0.00,0,-437.14
0,0.00,0,-436.83
0,0.00,0,-436.68
0,0.00,0,-436.68
0,0.00,0,-436.38
0,0.00,0,-436.23
0,0.00,0,-436.38
0,0.00,0,-436.38
0,0.00,0,-436.23
0,0.00,0,-436.53
0,0.00,0,-436.68
0,0.00,0,-437.29
0,0.00,0,-437.44
0,0.00,0,-437.29
0,0.00,0,-436.99
0,0.00,0,-436.53
0,0.00,0,-436.53
0,0.00,0,-436.53
0,0.00,0,-436.38
0,0.00,0,-436.38
0,0.00,0,-436.38
0,0.00,0,-436.53
0,0.00,0,-436.53
0,0.00,0,-436.83
0,0.00,0,-436.99
0,0.00,0,-437.14
0,0.00,0,-437.14
0,0.00,0,-436.99
0,0.00,0,-436.83
0,0.00,0,-436.99
0,0.00,0,-436.68
0,0.00,0,-436.53
0,0.00,0,-436.38
0,0.00,0,-436.23
0,0.00,0,-436.23
0,0.00,0,-436.07
0,0.00,0,-436.38
0,0.00,0,-436.83
0,0.00,0,-436.99
0,0.00,0,-437.14
0,0.00,0,-437.14
0,0.00,0,-437.14
0,0.00,0,-437.14
0,0.00,0,-436.68
0,0.00,0,-436.38
0,0.00,0,-436.07
0,0.00,0,-436.23
0,0.00,0,-436.38
0,0.00,0,-436.38
0,0.00,0,-436.38
0,0.00,0,-436.68
0,0.00,0,-436.83
0,0.00,0,-436.68
0,0.00,0,-436.83
0,0.00,0,-437.14
0,0.00,0,-437.14
0,0.00,0,-436.99
0,0.00,0,-436.53
0,0.00,0,-436.53
0,0.00,0,-436.53
0,0.00,0,-436.38
0,0.00,0,-436.38
0,0.00,0,-436.38
0,0.00,0,-436.53
0,0.00,0,-436.53
0,0.00,0,-436.53
0,0.00,0,-436.53
0,0.00,0,-436.83
0,0.00,0,-436.99
0,0.00,0,-436.83
0,0.00,0,-436.99
0,0.00,0,-436.99
0,0.00,0,-436.68
0,0.00,0,-436.23
0,0.00,0,-436.07
0,0.00,0,-436.07
0,0.00,0,-436.07
0,0.00,0,-436.23
0,0.00,0,-436.68
0,0.00,0,-437.14
0,0.00,0,-436.99
0,0.00,0,-436.99
0,0.00,0,-436.99
0,0.00,0,-436.83
0,0.00,0,-436.68
0,0.00,0,-436.68
0,0.00,0,-436.68
0,0.00,0,-436.53
0,0.00,0,-436.23
0,0.00,0,-436.07
0,0.00,0,-436.23
0,0.00,0,-436.23
0,0.00,0,-436.53
0,0.00,0,-436.83
0,0.00,0,-436.99
0,0.00,0,-437.29
0,0.00,0,-437.29
0,0.00,0,-437.14
0,0.00,0,-436.83
0,0.00,0,-436.53
0,0.00,0,-436.38
0,0.00,0,-436.23
0,0.00,0,-435.92
0,0.00,0,-435.92
0,0.00,0,-436.07
0,0.00,0,-436.53
0,0.00,0,-436.83
0,0.00,0,-436.99
0,0.00,0,-437.14
0,0.00,0,-437.14
0,0.00,0,-436.99
0,0.00,0,-436.99
0,0.00,0,-436.83
0,0.00,0,-436.53
0,0.00,0,-436.53
0,0.00,0,-436.23
0,0.00,0,-436.07
0,0.00,0,-435.77
0,0.00,0,-436.23
0,0.00,0,-436.53
0,0.00,0,-436.53
0,0.00,0,-436.99
0,0.00,0,-436.99
0,0.00,0,-437.14
0,0.00,0,-437.14
0,0.00,0,-437.14
0,0.00,0,-436.99
0,0.00,0,-436.68
0,0.00,0,-436.38
0,0.00,0,-436.07
0,0.00,0,-435.92
0,0.00,0,-436.07
0,0.00,0,-436.68
0,0.00,0,-436.99
0,0.00,0,-436.83
0,0.00,0,-437.14
0,0.00,0,-437.44
0,0.00,0,-437.29
0,0.00,0,-437.14
0,0.00,0,-437.14
0,0.00,0,-436.83
0,0.00,0,-436.38
0,0.00,0,-436.38
0,0.00,0,-436.23
0,0.00,0,-436.23
0,0.00,0,-436.23
0,0.00,0,-436.23
0,0.00,0,-436.38
0,0.00,0,-436.68
0,0.00,0,-437.29
0,0.00,0,-437.44
0,0.00,0,-437.29
0,0.00,0,-437.14
0,0.00,0,-436.83
0,0.00,0,-436.53
0,0.00,0,-436.38
0,0.00,0,-436.07
0,0.00,0,-436.07
0,0.00,0,-435.92
0,0.00,0,-435.92
0,0.00,0,-436.23
0,0.00,0,-436.53
0,0.00,0,-437.14
0,0.00,0,-437.29
0,0.00,0,-437.44
0,0.00,0,-437.44
0,0.00,0,-437.29
0,0.00,0,-436.99
0,0.00,0,-436.68
0,0.00,0,-436.38
0,0.00,0,-436.07
0,0.00,0,-435.77
0,0.00,0,-436.07
0,0.00,0,-436.07
0,0.00,0,-436.53
0,0.00,0,-436.99
0,0.00,0,-436.99
0,0.00,0,-437.14
0,0.00,0,-437.29
0,0.00,0,-437.44
0,0.00,0,-437.44
0,0.00,0,-436.99
0,0.00,0,-436.53
0,0.00,0,-436.23
0,0.00,0,-436.07
0,0.00,0,-436.23
0,0.00,0,-436.38
0,0.00,0,-436.38
0,0.00,0,-436.38
0,0.00,0,-436.68
0,0.00,0,-436.99
0,0.00,0,-437.14
0,0.00,0,-437.29
0,0.00,0,-437.29
0,0.00,0,-437.14
0,0.00,0,-436.83
0,0.00,0,-436.38
0,0.00,0,-436.23
0,0.00,0,-436.07
0,0.00,0,-436.07
0,0.00,0,-436.07
0,0.00,0,-436.38
0,0.00,0,-436.68
0,0.00,0,-436.83
0,0.00,0,-437.29
0,0.00,0,-437.29
0,0.00,0,-437.14
0,0.00,0,-437.14
0,0.00,0,-437.14
0,0.00,0,-436.68
0,0.00,0,-436.23
0,0.00,0,-436.23
0,0.00,0,-436.23
0,0.00,0,-435.92
0,0.00,0,-436.07
0,0.00,0,-436.53
0,0.00,0,-436.83
0,0.00,0,-436.99
0,0.00,0,-437.14
0,0.00,0,-437.29
0,0.00,0,-437.29
0,0.00,0,-437.29
0,0.00,0,-436.99
0,0.00,0,-436.68
0,0.00,0,-436.38
0,0.00,0,-436.23
0,0.00,0,-436.07
0,0.00,0,-435.92
0,0.00,0,-436.23
0,0.00,0,-436.53
0,0.00,0,-436.68
0,0.00,0,-436.68
0,0.00,0,-436.83
0,0.00,0,-436.99
0,0.00,0,-436.99
0,0.00,0,-436.99
0,0.00,0,-436.68
0,0.00,0,-436.68
0,0.00,0,-436.53
0,0.00,0,-436.38
0,0.00,0,-436.23
0,0.00,0,-436.23
0,0.00,0,-436.38
0,0.00,0,-436.53
0,0.00,0,-436.38
0,0.00,0,-436.68
0,0.00,0,-436.99
0,0.00,0,-437.14
0,0.00,0,-437.14
0,0.00,0,-436.99
0,0.00,0,-436.99
0,0.00,0,-436.83
0,0.00,0,-436.53
0,0.00,0,-436.38
0,0.00,0,-436.23
0,0.00,0,-436.38
0,0.00,0,-436.53
0,0.00,0,-436.53
0,0.00,0,-436.53
0,0.00,0,-436.68
0,0.00,0,-436.83
0,0.00,0,-436.83
0,0.00,0,-436.83
0,0.00,0,-436.99
0,0.00,0,-436.99
0,0.00,0,-436.68
0,0.00,0,-436.38
0,0.00,0,-436.23
0,0.00,0,-436.07
0,0.00,0,-436.07
0,0.00,0,-436.38
0,0.00,0,-436.83
0,0.00,0,-436.83
0,0.00,0,-436.83
0,0.00,0,-437.14
0,0.00,0,-437.29
0,0.00,0,-437.29
0,0.00,0,-436.83
0,0.00,0,-436.53
0,0.00,0,-436.38
0,0.00,0,-436.07
0,0.00,0,-436.23
0,0.00,0,-436.23
0,0.00,0,-436.38
0,0.00,0,-436.53
0,0.00,0,-436.53
0,0.00,0,-436.68
0,0.00,0,-436.83
0,0.00,0,-436.99
0,0.00,0,-437.14
0,0.00,0,-437.14
0,0.00,0,-436.99
0,0.00,0,-436.83
0,0.00,0,-436.83
0,0.00,0,-436.53
0,0.00,0,-436.23
0,0.00,0,-436.07
0,0.00,0,-436.23
0,0.00,0,-436.23
0,0.00,0,-436.38
0,0.00,0,-436.68
0,0.00,0,-436.83
0,0.00,0,-436.83
0,0.00,0,-436.99
0,0.00,0,-437.14
0,0.00,0,-436.99
0,0.00,0,-436.68
0,0.00,0,-436.38
0,0.00,0,-436.07
0,0.00,0,-436.23
0,0.00,0,-436.23
0,0.00,0,-436.53
0,0.00,0,-436.68
0,0.00,0,-436.83
0,0.00,0,-436.83
0,0.00,0,-436.99
0,0.00,0,-436.99
0,0.00,0,-437.29
0,0.00,0,-437.29
0,0.00,0,-436.99
0,0.00,0,-436.53
0,0.00,0,-436.23
0,0.00,0,-435.92
0,0.00,0,-435.92
0,0.00,0,-436.07
0,0.00,0,-436.38
0,0.00,0,-436.53
0,0.00,0,-436.68
0,0.00,0,-436.83
0,0.00,0,-436.83
0,0.00,0,-437.29
0,0.00,0,-437.29
0,0.00,0,-437.14
0,0.00,0,-436.83
0,0.00,0,-436.68
0,0.00,0,-436.53
0,0.00,0,-436.23
0,0.00,0,-435.92
0,0.00,0,-435.92
0,0.00,0,-435.92
0,0.00,0,-436.23
0,0.00,0,-436.68
0,0.00,0,-436.99
0,0.00,0,-437.29
0,0.00,0,-437.44
0,0.00,0,-437.44
0,0.00,0,-437.44
0,0.00,0,-437.14
0,0.00,0,-436.68
0,0.00,0,-436.38
0,0.00,0,-436.07
0,0.00,0,-436.23
0,0.00,0,-436.23
0,0.00,0,-436.38
0,0.00,0,-436.53
0,0.00,0,-436.68
0,0.00,0,-436.83
0,0.00,0,-436.99
0,0.00,0,-437.29
0,0.00,0,-437.29
0,0.00,0,-436.99
0,0.00,0,-436.53
0,0.00,0,-436.53
0,0.00,0,-436.38
0,0.00,0,-436.07
0,0.00,0,-436.07
0,0.00,0,-436.23
0,0.00,0,-436.38
0,0.00,0,-436.68
0,0.00,0,-437.14
0,0.00,0,-437.44
0,0.00,0,-437.29
0,0.00,0,-437.14
0,0.00,0,-436.83
0,0.00,0,-436.68
0,0.00,0,-436.53
0,0.00,0,-436.38
0,0.00,0,-436.07
0,0.00,0,-436.23
0,0.00,0,-436.23
0,0.00,0,-436.38
0,0.00,0,-436.68
0,0.00,0,-436.83
0,0.00,0,-436.99
0,0.00,0,-437.29
0,0.00,0,-437.29
0,0.00,0,-437.14
0,0.00,0,-437.14
0,0.00,0,-436.83
0,0.00,0,-436.53
0,0.00,0,-436.38
0,0.00,0,-436.07
0,0.00,0,-436.07
0,0.00,0,-436.23
0,0.00,0,-436.38
0,0.00,0,-436.68
0,0.00,0,-437.14
0,0.00,0,-437.14
0,0.00,0,-436.99
0,0.00,0,-436.99
0,0.00,0,-436.99
