0,0.00,0,-374.58
0,0.00,0,-375.49
0,0.00,0,-380.67
0,0.00,0,-387.21
0,0.00,0,-388.28
0,0.00,0,-384.47
0,0.00,0,-380.06
0,0.00,0,-378.08
0,0.00,0,-381.43
0,0.00,0,-385.69
0,0.00,0,-385.84
0,0.00,0,-380.67
0,0.00,0,-373.82
0,0.00,0,-371.39
0,0.00,0,-375.49
0,0.00,0,-382.04
0,0.00,0,-384.63
0,0.00,0,-381.13
0,0.00,0,-376.41
0,0.00,0,-374.58
0,0.00,0,-378.39
0,0.00,0,-385.08
0,0.00,0,-387.82
0,0.00,0,-385.54
0,0.00,0,-379.91
0,0.00,0,-377.47
0,0.00,0,-379.45
0,0.00,0,-384.47
0,0.00,0,-386.61
0,0.00,0,-381.89
0,0.00,0,-375.49
0,0.00,0,-370.17
0,0.00,0,-373.06
0,0.00,0,-379.91
0,0.00,0,-384.32
0,0.00,0,-382.80
0,0.00,0,-377.32
0,0.00,0,-374.28
0,0.00,0,-376.56
0,0.00,0,-382.65
0,0.00,0,-388.13
0,0.00,0,-387.37
0,0.00,0,-382.80
0,0.00,0,-378.54
0,0.00,0,-378.23
0,0.00,0,-382.34
0,0.00,0,-386.15
0,0.00,0,-384.47
0,0.00,0,-377.78
0,0.00,0,-371.69
0,0.00,0,-371.23
0,0.00,0,-377.17
0,0.00,0,-383.26
0,0.00,0,-383.87
0,0.00,0,-380.21
0,0.00,0,-375.19
0,0.00,0,-375.80
0,0.00,0,-380.97
0,0.00,0,-387.52
0,0.00,0,-389.50
0,0.00,0,-385.69
0,0.00,0,-380.97
0,0.00,0,-379.00
0,0.00,0,-381.58
0,0.00,0,-386.61
0,0.00,0,-386.45
0,0.00,0,-381.43
0,0.00,0,-373.67
0,0.00,0,-370.78
0,0.00,0,-374.43
0,0.00,0,-380.97
0,0.00,0,-384.32
0,0.00,0,-381.28
0,0.00,0,-376.26
0,0.00,0,-374.43
0,0.00,0,-377.93
0,0.00,0,-384.78
0,0.00,0,-388.58
0,0.00,0,-386.91
0,0.00,0,-381.89
0,0.00,0,-378.23
0,0.00,0,-379.60
0,0.00,0,-384.17
0,0.00,0,-386.91
0,0.00,0,-383.11
0,0.00,0,-375.95
0,0.00,0,-371.08
0,0.00,0,-371.99
0,0.00,0,-378.84
0,0.00,0,-383.71
0,0.00,0,-383.11
0,0.00,0,-378.54
0,0.00,0,-374.43
0,0.00,0,-376.10
0,0.00,0,-381.74
0,0.00,0,-387.52
0,0.00,0,-387.37
0,0.00,0,-382.95
0,0.00,0,-378.54
0,0.00,0,-378.08
0,0.00,0,-382.80
0,0.00,0,-386.61
0,0.00,0,-385.24
0,0.00,0,-378.69
0,0.00,0,-371.39
0,0.00,0,-371.08
0,0.00,0,-376.10
0,0.00,0,-382.95
0,0.00,0,-384.47
0,0.00,0,-380.67
0,0.00,0,-375.49
0,0.00,0,-373.97
0,0.00,0,-379.00
0,0.00,0,-385.69
0,0.00,0,-388.58
0,0.00,0,-385.39
0,0.00,0,-380.21
0,0.00,0,-378.39
0,0.00,0,-381.28
0,0.00,0,-386.15
0,0.00,0,-387.06
0,0.00,0,-382.34
0,0.00,0,-375.34
0,0.00,0,-371.23
0,0.00,0,-374.73
0,0.00,0,-381.28
0,0.00,0,-385.39
0,0.00,0,-382.95
0,0.00,0,-377.17
0,0.00,0,-374.28
0,0.00,0,-376.56
0,0.00,0,-383.26
0,0.00,0,-387.82
0,0.00,0,-386.76
0,0.00,0,-381.89
0,0.00,0,-378.69
0,0.00,0,-380.06
0,0.00,0,-384.63
0,0.00,0,-387.67
0,0.00,0,-384.32
0,0.00,0,-377.78
0,0.00,0,-371.99
0,0.00,0,-372.15
0,0.00,0,-378.23
0,0.00,0,-383.71
0,0.00,0,-383.71
0,0.00,0,-378.69
0,0.00,0,-374.28
0,0.00,0,-375.04
0,0.00,0,-380.67
0,0.00,0,-386.15
0,0.00,0,-386.61
0,0.00,0,-382.80
0,0.00,0,-378.84
0,0.00,0,-378.69
0,0.00,0,-382.80
0,0.00,0,-387.06
0,0.00,0,-386.30
0,0.00,0,-380.37
0,0.00,0,-373.82
0,0.00,0,-372.15
0,0.00,0,-377.17
0,0.00,0,-383.87
0,0.00,0,-385.84
0,0.00,0,-382.34
0,0.00,0,-376.71
0,0.00,0,-374.89
0,0.00,0,-378.84
0,0.00,0,-385.08
0,0.00,0,-387.52
0,0.00,0,-384.47
0,0.00,0,-379.30
0,0.00,0,-377.47
0,0.00,0,-380.67
0,0.00,0,-385.69
0,0.00,0,-386.91
0,0.00,0,-382.50
0,0.00,0,-375.49
0,0.00,0,-371.69
0,0.00,0,-375.04
0,0.00,0,-382.34
0,0.00,0,-386.15
0,0.00,0,-384.17
0,0.00,0,-377.93
0,0.00,0,-374.12
0,0.00,0,-376.41
0,0.00,0,-382.80
0,0.00,0,-387.67
0,0.00,0,-386.30
0,0.00,0,-381.58
0,0.00,0,-377.78
0,0.00,0,-379.00
0,0.00,0,-383.71
0,0.00,0,-387.06
0,0.00,0,-384.78
0,0.00,0,-378.23
0,0.00,0,-372.45
0,0.00,0,-373.06
0,0.00,0,-378.69
0,0.00,0,-384.63
0,0.00,0,-384.47
0,0.00,0,-379.30
0,0.00,0,-374.12
0,0.00,0,-374.12
0,0.00,0,-379.45
0,0.00,0,-385.39
0,0.00,0,-386.30
0,0.00,0,-381.89
0,0.00,0,-377.32
0,0.00,0,-377.02
0,0.00,0,-381.58
0,0.00,0,-386.00
0,0.00,0,-386.61
0,0.00,0,-380.82
0,0.00,0,-374.58
0,0.00,0,-371.99
0,0.00,0,-377.02
0,0.00,0,-383.41
0,0.00,0,-385.69
0,0.00,0,-382.04
0,0.00,0,-375.65
0,0.00,0,-373.21
0,0.00,0,-376.56
0,0.00,0,-383.56
0,0.00,0,-387.37
0,0.00,0,-384.32
0,0.00,0,-379.60
0,0.00,0,-376.86
0,0.00,0,-379.45
0,0.00,0,-384.78
0,0.00,0,-387.52
0,0.00,0,-384.17
0,0.00,0,-377.02
0,0.00,0,-372.60
0,0.00,0,-373.82
0,0.00,0,-380.37
0,0.00,0,-384.93
0,0.00,0,-383.26
0,0.00,0,-377.78
0,0.00,0,-373.06
0,0.00,0,-374.89
0,0.00,0,-380.97
0,0.00,0,-386.15
0,0.00,0,-385.84
0,0.00,0,-380.97
0,0.00,0,-377.78
0,0.00,0,-378.84
0,0.00,0,-384.02
0,0.00,0,-388.28
0,0.00,0,-386.91
0,0.00,0,-380.97
0,0.00,0,-374.43
0,0.00,0,-373.21
0,0.00,0,-378.54
0,0.00,0,-384.32
0,0.00,0,-385.08
0,0.00,0,-380.06
0,0.00,0,-374.89
0,0.00,0,-373.97
0,0.00,0,-378.54
0,0.00,0,-384.63
0,0.00,0,-386.76
0,0.00,0,-383.56
0,0.00,0,-379.91
0,0.00,0,-379.15
0,0.00,0,-382.50
0,0.00,0,-387.37
0,0.00,0,-387.98
0,0.00,0,-383.26
0,0.00,0,-376.41
0,0.00,0,-373.21
0,0.00,0,-376.10
0,0.00,0,-382.95
0,0.00,0,-385.69
0,0.00,0,-382.19
0,0.00,0,-376.41
0,0.00,0,-373.67
0,0.00,0,-377.02
0,0.00,0,-382.65
0,0.00,0,-386.30
0,0.00,0,-384.78
0,0.00,0,-380.52
0,0.00,0,-378.54
0,0.00,0,-380.67
0,0.00,0,-386.15
0,0.00,0,-388.58
0,0.00,0,-385.24
0,0.00,0,-378.39
0,0.00,0,-373.21
0,0.00,0,-375.04
0,0.00,0,-380.97
0,0.00,0,-385.39
0,0.00,0,-383.71
0,0.00,0,-377.63
0,0.00,0,-373.52
0,0.00,0,-374.43
0,0.00,0,-380.52
0,0.00,0,-385.84
0,0.00,0,-385.54
0,0.00,0,-381.43
0,0.00,0,-378.23
0,0.00,0,-379.45
0,0.00,0,-384.32
0,0.00,0,-388.74
0,0.00,0,-387.82
0,0.00,0,-382.04
0,0.00,0,-376.26
0,0.00,0,-374.89
0,0.00,0,-379.76
0,0.00,0,-385.24
0,0.00,0,-385.84
0,0.00,0,-380.82
0,0.00,0,-374.43
0,0.00,0,-372.45
0,0.00,0,-377.17
0,0.00,0,-383.71
0,0.00,0,-386.30
0,0.00,0,-382.65
0,0.00,0,-378.54
0,0.00,0,-377.47
0,0.00,0,-381.13
0,0.00,0,-386.45
0,0.00,0,-388.13
0,0.00,0,-384.02
0,0.00,0,-377.32
0,0.00,0,-373.52
0,0.00,0,-376.41
0,0.00,0,-382.34
0,0.00,0,-385.84
0,0.00,0,-382.65
0,0.00,0,-376.86
0,0.00,0,-372.45
0,0.00,0,-374.73
0,0.00,0,-380.82
0,0.00,0,-385.54
0,0.00,0,-384.78
0,0.00,0,-380.21
0,0.00,0,-378.08
0,0.00,0,-380.06
0,0.00,0,-385.39
0,0.00,0,-389.04
0,0.00,0,-387.21
0,0.00,0,-381.58
0,0.00,0,-376.41
0,0.00,0,-376.56
0,0.00,0,-381.13
0,0.00,0,-385.84
0,0.00,0,-384.78
0,0.00,0,-379.00
0,0.00,0,-373.21
0,0.00,0,-372.60
0,0.00,0,-377.93
0,0.00,0,-383.87
0,0.00,0,-385.08
0,0.00,0,-381.13
0,0.00,0,-377.17
0,0.00,0,-378.08
0,0.00,0,-383.26
0,0.00,0,-388.28
0,0.00,0,-388.58
0,0.00,0,-384.02
0,0.00,0,-378.39
0,0.00,0,-376.26
0,0.00,0,-379.91
0,0.00,0,-385.08
0,0.00,0,-385.39
0,0.00,0,-380.06
0,0.00,0,-373.36
0,0.00,0,-371.39
0,0.00,0,-375.49
0,0.00,0,-381.43
0,0.00,0,-384.02
0,0.00,0,-381.58
0,0.00,0,-377.17
0,0.00,0,-376.26
0,0.00,0,-380.52
0,0.00,0,-386.61
0,0.00,0,-389.80
0,0.00,0,-387.21
0,0.00,0,-381.74
0,0.00,0,-377.93
0,0.00,0,-379.30
0,0.00,0,-384.02
0,0.00,0,-386.76
0,0.00,0,-382.65
0,0.00,0,-375.19
0,0.00,0,-369.86
0,0.00,0,-372.60
0,0.00,0,-380.06
0,0.00,0,-385.24
0,0.00,0,-384.47
0,0.00,0,-380.06
0,0.00,0,-377.63
0,0.00,0,-379.45
0,0.00,0,-384.78
0,0.00,0,-390.41
0,0.00,0,-389.19
0,0.00,0,-384.32
0,0.00,0,-378.39
0,0.00,0,-377.32
0,0.00,0,-381.74
0,0.00,0,-385.54
0,0.00,0,-384.17
0,0.00,0,-376.86
0,0.00,0,-370.78
0,0.00,0,-370.02
0,0.00,0,-376.56
0,0.00,0,-384.02
0,0.00,0,-385.69
0,0.00,0,-382.95
0,0.00,0,-378.39
0,0.00,0,-379.00
0,0.00,0,-383.26
0,0.00,0,-388.58
0,0.00,0,-391.02
0,0.00,0,-386.61
0,0.00,0,-380.67
0,0.00,0,-377.02
0,0.00,0,-379.15
0,0.00,0,-384.47
0,0.00,0,-385.08
0,0.00,0,-380.52
0,0.00,0,-373.06
0,0.00,0,-370.32
0,0.00,0,-373.82
0,0.00,0,-380.82
0,0.00,0,-385.84
0,0.00,0,-383.87
0,0.00,0,-379.76
0,0.00,0,-377.47
0,0.00,0,-380.21
0,0.00,0,-386.15
0,0.00,0,-389.95
0,0.00,0,-388.13
0,0.00,0,-382.19
0,0.00,0,-377.32
0,0.00,0,-377.78
0,0.00,0,-382.34
0,0.00,0,-386.00
0,0.00,0,-382.95
0,0.00,0,-376.41
0,0.00,0,-371.69
0,0.00,0,-372.75
0,0.00,0,-379.15
0,0.00,0,-384.78
0,0.00,0,-384.93
0,0.00,0,-380.52
0,0.00,0,-376.71
0,0.00,0,-378.39
0,0.00,0,-384.02
0,0.00,0,-389.95
0,0.00,0,-390.11
0,0.00,0,-385.54
0,0.00,0,-380.21
0,0.00,0,-378.08
0,0.00,0,-381.58
0,0.00,0,-386.15
0,0.00,0,-385.54
0,0.00,0,-379.45
0,0.00,0,-372.75
0,0.00,0,-371.54
0,0.00,0,-376.71
0,0.00,0,-383.26
0,0.00,0,-385.69
0,0.00,0,-382.65
0,0.00,0,-378.69
0,0.00,0,-378.23
0,0.00,0,-382.80
0,0.00,0,-389.04
0,0.00,0,-391.48
0,0.00,0,-388.28
0,0.00,0,-381.89
0,0.00,0,-377.93
0,0.00,0,-379.91
0,0.00,0,-384.17
0,0.00,0,-386.15
0,0.00,0,-381.13
0,0.00,0,-374.43
0,0.00,0,-370.32
0,0.00,0,-373.21
0,0.00,0,-380.06
0,0.00,0,-384.17
0,0.00,0,-383.26
0,0.00,0,-378.39
0,0.00,0,-376.56
0,0.00,0,-379.30
0,0.00,0,-386.45
0,0.00,0,-390.87
0,0.00,0,-389.65
0,0.00,0,-384.02
0,0.00,0,-378.39
0,0.00,0,-378.39
0,0.00,0,-382.50
0,0.00,0,-386.00
0,0.00,0,-383.41
0,0.00,0,-376.10
0,0.00,0,-370.78
0,0.00,0,-370.93
0,0.00,0,-377.47
0,0.00,0,-383.11
