0,0.00,0,-372.45
0,0.00,0,-386.15
0,0.00,0,-396.35
0,0.00,0,-396.04
0,0.00,0,-393.30
0,0.00,0,-392.39
0,0.00,0,-389.65
0,0.00,0,-380.06
0,0.00,0,-367.73
0,0.00,0,-360.88
0,0.00,0,-364.38
0,0.00,0,-374.12
0,0.00,0,-376.71
0,0.00,0,-376.56
0,0.00,0,-379.76
0,0.00,0,-390.41
0,0.00,0,-403.35
0,0.00,0,-406.85
0,0.00,0,-400.91
0,0.00,0,-395.89
0,0.00,0,-392.85
0,0.00,0,-383.71
0,0.00,0,-368.49
0,0.00,0,-358.60
0,0.00,0,-361.04
0,0.00,0,-371.69
0,0.00,0,-377.02
0,0.00,0,-377.32
0,0.00,0,-382.95
0,0.00,0,-393.46
0,0.00,0,-396.80
0,0.00,0,-388.74
0,0.00,0,-380.21
0,0.00,0,-380.52
0,0.00,0,-389.80
0,0.00,0,-389.35
0,0.00,0,-379.45
0,0.00,0,-369.56
0,0.00,0,-368.34
0,0.00,0,-373.36
0,0.00,0,-377.47
0,0.00,0,-378.54
0,0.00,0,-382.95
0,0.00,0,-391.93
0,0.00,0,-397.41
0,0.00,0,-393.76
0,0.00,0,-388.13
0,0.00,0,-385.84
0,0.00,0,-392.39
0,0.00,0,-396.50
0,0.00,0,-388.13
0,0.00,0,-376.56
0,0.00,0,-370.17
0,0.00,0,-373.21
0,0.00,0,-379.60
0,0.00,0,-379.45
0,0.00,0,-377.78
0,0.00,0,-382.50
0,0.00,0,-388.74
0,0.00,0,-386.91
0,0.00,0,-375.34
0,0.00,0,-371.08
0,0.00,0,-380.67
0,0.00,0,-395.59
0,0.00,0,-394.37
0,0.00,0,-385.69
0,0.00,0,-382.50
0,0.00,0,-387.82
0,0.00,0,-386.45
0,0.00,0,-375.49
0,0.00,0,-368.19
0,0.00,0,-375.04
0,0.00,0,-392.85
0,0.00,0,-398.33
0,0.00,0,-395.89
0,0.00,0,-394.52
0,0.00,0,-396.65
0,0.00,0,-393.61
0,0.00,0,-378.23
0,0.00,0,-363.17
0,0.00,0,-361.34
0,0.00,0,-373.21
0,0.00,0,-384.32
0,0.00,0,-383.11
0,0.00,0,-379.45
0,0.00,0,-381.74
0,0.00,0,-390.87
0,0.00,0,-395.13
0,0.00,0,-390.11
0,0.00,0,-384.17
0,0.00,0,-382.65
0,0.00,0,-379.91
0,0.00,0,-371.99
0,0.00,0,-364.08
0,0.00,0,-363.17
0,0.00,0,-372.30
0,0.00,0,-385.24
0,0.00,0,-389.35
0,0.00,0,-386.76
0,0.00,0,-385.39
0,0.00,0,-393.91
0,0.00,0,-403.20
0,0.00,0,-398.33
0,0.00,0,-383.87
0,0.00,0,-374.58
0,0.00,0,-377.78
0,0.00,0,-383.41
0,0.00,0,-378.54
0,0.00,0,-371.99
0,0.00,0,-377.02
0,0.00,0,-386.30
0,0.00,0,-384.47
0,0.00,0,-372.45
0,0.00,0,-367.88
0,0.00,0,-376.10
0,0.00,0,-394.67
0,0.00,0,-401.07
0,0.00,0,-400.46
0,0.00,0,-401.22
0,0.00,0,-402.89
0,0.00,0,-393.76
0,0.00,0,-373.52
0,0.00,0,-356.77
0,0.00,0,-350.38
0,0.00,0,-355.40
0,0.00,0,-364.23
0,0.00,0,-374.58
0,0.00,0,-388.89
0,0.00,0,-405.63
0,0.00,0,-413.39
0,0.00,0,-408.68
0,0.00,0,-398.33
0,0.00,0,-391.48
0,0.00,0,-393.00
0,0.00,0,-391.93
0,0.00,0,-381.43
0,0.00,0,-367.88
0,0.00,0,-363.17
0,0.00,0,-368.04
0,0.00,0,-371.23
0,0.00,0,-368.80
0,0.00,0,-371.08
0,0.00,0,-383.26
0,0.00,0,-394.67
0,0.00,0,-390.87
0,0.00,0,-383.11
0,0.00,0,-381.74
0,0.00,0,-391.48
0,0.00,0,-396.96
0,0.00,0,-387.82
0,0.00,0,-375.95
0,0.00,0,-368.95
0,0.00,0,-368.80
0,0.00,0,-369.41
0,0.00,0,-367.58
0,0.00,0,-368.19
0,0.00,0,-377.02
0,0.00,0,-387.67
0,0.00,0,-394.06
0,0.00,0,-393.00
0,0.00,0,-391.48
0,0.00,0,-393.91
0,0.00,0,-397.11
0,0.00,0,-391.17
0,0.00,0,-378.54
0,0.00,0,-366.82
0,0.00,0,-364.99
0,0.00,0,-372.45
0,0.00,0,-372.45
0,0.00,0,-366.97
0,0.00,0,-367.88
0,0.00,0,-378.69
0,0.00,0,-387.98
0,0.00,0,-386.91
0,0.00,0,-383.71
0,0.00,0,-389.50
0,0.00,0,-396.80
0,0.00,0,-393.91
0,0.00,0,-382.80
0,0.00,0,-377.93
0,0.00,0,-379.30
0,0.00,0,-379.30
0,0.00,0,-373.52
0,0.00,0,-370.78
0,0.00,0,-375.19
0,0.00,0,-386.45
0,0.00,0,-396.04
0,0.00,0,-396.50
0,0.00,0,-392.54
0,0.00,0,-389.65
0,0.00,0,-396.04
0,0.00,0,-398.93
0,0.00,0,-390.56
0,0.00,0,-376.10
0,0.00,0,-370.32
0,0.00,0,-375.80
0,0.00,0,-380.82
0,0.00,0,-376.86
0,0.00,0,-375.95
0,0.00,0,-384.17
0,0.00,0,-391.48
0,0.00,0,-382.95
0,0.00,0,-369.86
0,0.00,0,-366.06
0,0.00,0,-374.12
0,0.00,0,-386.76
0,0.00,0,-389.19
0,0.00,0,-392.39
0,0.00,0,-398.78
0,0.00,0,-403.35
0,0.00,0,-394.98
0,0.00,0,-378.69
0,0.00,0,-365.60
0,0.00,0,-361.49
0,0.00,0,-368.65
0,0.00,0,-375.34
0,0.00,0,-380.06
0,0.00,0,-384.93
0,0.00,0,-393.30
0,0.00,0,-396.80
0,0.00,0,-388.43
0,0.00,0,-375.19
0,0.00,0,-370.93
0,0.00,0,-380.06
0,0.00,0,-386.76
0,0.00,0,-379.76
0,0.00,0,-370.47
0,0.00,0,-372.30
0,0.00,0,-380.06
0,0.00,0,-374.89
0,0.00,0,-361.04
0,0.00,0,-362.10
0,0.00,0,-382.80
0,0.00,0,-399.85
0,0.00,0,-397.41
0,0.00,0,-390.72
0,0.00,0,-391.48
0,0.00,0,-397.56
0,0.00,0,-390.41
0,0.00,0,-373.21
0,0.00,0,-365.60
0,0.00,0,-375.95
0,0.00,0,-390.26
0,0.00,0,-390.11
0,0.00,0,-382.80
0,0.00,0,-380.37
0,0.00,0,-384.63
0,0.00,0,-384.17
0,0.00,0,-373.52
0,0.00,0,-367.12
0,0.00,0,-372.91
0,0.00,0,-387.67
0,0.00,0,-394.06
0,0.00,0,-390.72
0,0.00,0,-385.69
0,0.00,0,-385.08
0,0.00,0,-390.72
0,0.00,0,-392.39
0,0.00,0,-386.76
0,0.00,0,-377.17
0,0.00,0,-372.60
0,0.00,0,-374.73
0,0.00,0,-379.60
0,0.00,0,-377.93
0,0.00,0,-376.56
0,0.00,0,-383.26
0,0.00,0,-391.02
0,0.00,0,-387.67
0,0.00,0,-376.41
0,0.00,0,-375.49
0,0.00,0,-388.28
0,0.00,0,-400.91
0,0.00,0,-394.22
0,0.00,0,-382.95
0,0.00,0,-380.67
0,0.00,0,-384.02
0,0.00,0,-377.17
0,0.00,0,-361.64
0,0.00,0,-357.84
0,0.00,0,-371.23
0,0.00,0,-389.50
0,0.00,0,-392.54
0,0.00,0,-389.50
0,0.00,0,-391.32
0,0.00,0,-397.72
0,0.00,0,-394.06
0,0.00,0,-376.56
0,0.00,0,-360.58
0,0.00,0,-359.82
0,0.00,0,-374.89
0,0.00,0,-384.02
0,0.00,0,-384.02
0,0.00,0,-382.50
0,0.00,0,-387.21
0,0.00,0,-393.76
0,0.00,0,-387.52
0,0.00,0,-371.99
0,0.00,0,-364.99
0,0.00,0,-377.63
0,0.00,0,-393.61
0,0.00,0,-393.46
0,0.00,0,-383.71
0,0.00,0,-380.67
0,0.00,0,-387.67
0,0.00,0,-396.04
0,0.00,0,-390.11
0,0.00,0,-382.80
0,0.00,0,-383.87
0,0.00,0,-385.54
0,0.00,0,-378.08
0,0.00,0,-363.32
0,0.00,0,-356.16
0,0.00,0,-361.80
0,0.00,0,-380.37
0,0.00,0,-391.32
0,0.00,0,-395.89
0,0.00,0,-396.04
0,0.00,0,-398.48
0,0.00,0,-397.72
0,0.00,0,-384.63
0,0.00,0,-367.28
0,0.00,0,-362.10
0,0.00,0,-373.36
0,0.00,0,-384.17
0,0.00,0,-381.28
0,0.00,0,-376.86
0,0.00,0,-382.80
0,0.00,0,-393.00
0,0.00,0,-386.61
0,0.00,0,-372.45
0,0.00,0,-368.95
0,0.00,0,-383.56
0,0.00,0,-398.93
0,0.00,0,-394.82
0,0.00,0,-384.63
0,0.00,0,-380.67
0,0.00,0,-385.24
0,0.00,0,-383.41
0,0.00,0,-372.60
0,0.00,0,-364.69
0,0.00,0,-369.25
0,0.00,0,-382.04
0,0.00,0,-386.30
0,0.00,0,-384.47
0,0.00,0,-382.19
0,0.00,0,-382.34
0,0.00,0,-383.11
0,0.00,0,-382.34
0,0.00,0,-379.45
0,0.00,0,-375.95
0,0.00,0,-376.10
0,0.00,0,-379.91
0,0.00,0,-382.80
0,0.00,0,-379.15
0,0.00,0,-376.86
0,0.00,0,-382.34
0,0.00,0,-392.69
0,0.00,0,-393.91
0,0.00,0,-386.91
0,0.00,0,-382.65
0,0.00,0,-384.17
0,0.00,0,-385.54
0,0.00,0,-380.37
0,0.00,0,-374.89
0,0.00,0,-378.08
0,0.00,0,-383.87
0,0.00,0,-378.39
0,0.00,0,-364.84
0,0.00,0,-362.25
0,0.00,0,-378.08
0,0.00,0,-394.82
0,0.00,0,-393.91
0,0.00,0,-385.08
0,0.00,0,-384.63
0,0.00,0,-390.56
0,0.00,0,-391.02
0,0.00,0,-379.91
0,0.00,0,-372.91
0,0.00,0,-374.89
0,0.00,0,-376.56
0,0.00,0,-368.80
0,0.00,0,-362.10
0,0.00,0,-368.49
0,0.00,0,-386.00
0,0.00,0,-401.07
0,0.00,0,-401.67
0,0.00,0,-396.35
0,0.00,0,-392.69
0,0.00,0,-398.02
0,0.00,0,-399.54
0,0.00,0,-388.89
0,0.00,0,-372.91
0,0.00,0,-363.47
0,0.00,0,-365.60
0,0.00,0,-372.75
0,0.00,0,-372.45
0,0.00,0,-371.54
0,0.00,0,-379.45
0,0.00,0,-391.32
0,0.00,0,-391.17
0,0.00,0,-379.45
0,0.00,0,-374.89
0,0.00,0,-385.69
0,0.00,0,-399.85
0,0.00,0,-395.13
0,0.00,0,-382.19
0,0.00,0,-376.86
0,0.00,0,-380.97
0,0.00,0,-378.08
0,0.00,0,-365.60
0,0.00,0,-359.97
0,0.00,0,-371.08
0,0.00,0,-394.22
0,0.00,0,-404.41
0,0.00,0,-404.11
0,0.00,0,-403.20
0,0.00,0,-405.02
0,0.00,0,-400.15
0,0.00,0,-382.34
0,0.00,0,-360.88
0,0.00,0,-350.08
0,0.00,0,-359.36
0,0.00,0,-373.06
0,0.00,0,-378.23
0,0.00,0,-379.60
0,0.00,0,-383.71
0,0.00,0,-395.13
0,0.00,0,-397.11
0,0.00,0,-385.39
0,0.00,0,-374.43
0,0.00,0,-380.06
0,0.00,0,-395.43
0,0.00,0,-395.59
0,0.00,0,-382.95
0,0.00,0,-375.95
0,0.00,0,-380.97
0,0.00,0,-383.56
0,0.00,0,-370.47
0,0.00,0,-360.58
0,0.00,0,-368.65
0,0.00,0,-392.39
0,0.00,0,-404.11
0,0.00,0,-400.30
0,0.00,0,-394.52
0,0.00,0,-396.04
0,0.00,0,-394.67
0,0.00,0,-380.97
0,0.00,0,-365.30
0,0.00,0,-360.12
0,0.00,0,-369.86
0,0.00,0,-378.23
0,0.00,0,-377.32
0,0.00,0,-375.04
0,0.00,0,-376.41
0,0.00,0,-382.19
0,0.00,0,-383.26
0,0.00,0,-382.04
0,0.00,0,-379.00
0,0.00,0,-378.84
0,0.00,0,-383.56
0,0.00,0,-384.78
0,0.00,0,-379.76
0,0.00,0,-372.30
0,0.00,0,-371.69
0,0.00,0,-380.52
0,0.00,0,-386.91
0,0.00,0,-382.34
0,0.00,0,-375.65
0,0.00,0,-378.69
0,0.00,0,-389.65
0,0.00,0,-396.19
0,0.00,0,-391.02
0,0.00,0,-388.28
0,0.00,0,-392.09
0,0.00,0,-392.39
0,0.00,0,-377.47
0,0.00,0,-359.97
0,0.00,0,-357.38
0,0.00,0,-374.73
0,0.00,0,-391.17
0,0.00,0,-392.09
0,0.00,0,-391.17
0,0.00,0,-396.65
0,0.00,0,-402.28
0,0.00,0,-392.24
0,0.00,0,-370.78
0,0.00,0,-357.84
0,0.00,0,-364.38
0,0.00,0,-381.13
0,0.00,0,-384.93
0,0.00,0,-385.84
0,0.00,0,-391.32
0,0.00,0,-401.52
0,0.00,0,-402.59
0,0.00,0,-389.35
0,0.00,0,-375.04
0,0.00,0,-370.47
0,0.00,0,-371.84
0,0.00,0,-365.75
0,0.00,0,-363.01
