0,0.00,0,-364.69
0,0.00,0,-368.49
0,0.00,0,-368.95
0,0.00,0,-364.54
0,0.00,0,-359.97
0,0.00,0,-359.82
0,0.00,0,-363.47
0,0.00,0,-364.99
0,0.00,0,-361.64
0,0.00,0,-356.16
0,0.00,0,-355.71
0,0.00,0,-360.43
0,0.00,0,-363.47
0,0.00,0,-362.56
0,0.00,0,-358.45
0,0.00,0,-358.60
0,0.00,0,-363.17
0,0.00,0,-367.28
0,0.00,0,-367.88
0,0.00,0,-363.77
0,0.00,0,-361.64
0,0.00,0,-364.54
0,0.00,0,-368.34
0,0.00,0,-368.65
0,0.00,0,-363.77
0,0.00,0,-359.82
0,0.00,0,-361.04
0,0.00,0,-364.84
0,0.00,0,-365.75
0,0.00,0,-361.80
0,0.00,0,-357.69
0,0.00,0,-358.14
0,0.00,0,-362.40
0,0.00,0,-364.84
0,0.00,0,-363.47
0,0.00,0,-359.67
0,0.00,0,-360.58
0,0.00,0,-365.30
0,0.00,0,-368.65
0,0.00,0,-367.58
0,0.00,0,-363.17
0,0.00,0,-361.95
0,0.00,0,-365.60
0,0.00,0,-368.34
0,0.00,0,-367.43
0,0.00,0,-361.95
0,0.00,0,-359.06
0,0.00,0,-361.19
0,0.00,0,-363.77
0,0.00,0,-363.77
0,0.00,0,-359.06
0,0.00,0,-355.56
0,0.00,0,-358.14
0,0.00,0,-362.86
0,0.00,0,-364.69
0,0.00,0,-361.34
0,0.00,0,-358.45
0,0.00,0,-360.43
0,0.00,0,-365.14
0,0.00,0,-367.28
0,0.00,0,-364.69
0,0.00,0,-360.73
0,0.00,0,-361.34
0,0.00,0,-365.30
0,0.00,0,-367.28
0,0.00,0,-364.38
0,0.00,0,-359.21
0,0.00,0,-357.69
0,0.00,0,-361.49
0,0.00,0,-364.38
0,0.00,0,-363.17
0,0.00,0,-358.75
0,0.00,0,-357.69
0,0.00,0,-361.49
0,0.00,0,-365.45
0,0.00,0,-365.60
0,0.00,0,-361.95
0,0.00,0,-359.82
0,0.00,0,-362.71
0,0.00,0,-367.28
0,0.00,0,-368.95
0,0.00,0,-365.30
0,0.00,0,-361.04
0,0.00,0,-362.25
0,0.00,0,-366.21
0,0.00,0,-367.28
0,0.00,0,-363.77
0,0.00,0,-359.21
0,0.00,0,-359.36
0,0.00,0,-363.01
0,0.00,0,-365.60
0,0.00,0,-363.77
0,0.00,0,-359.21
0,0.00,0,-358.75
0,0.00,0,-363.62
0,0.00,0,-367.28
0,0.00,0,-366.82
0,0.00,0,-362.56
0,0.00,0,-361.04
0,0.00,0,-364.38
0,0.00,0,-367.58
0,0.00,0,-366.67
0,0.00,0,-361.64
0,0.00,0,-357.99
0,0.00,0,-360.27
0,0.00,0,-363.62
0,0.00,0,-364.08
0,0.00,0,-359.82
0,0.00,0,-356.32
0,0.00,0,-357.99
0,0.00,0,-362.10
0,0.00,0,-363.62
0,0.00,0,-360.88
0,0.00,0,-358.14
0,0.00,0,-359.67
0,0.00,0,-364.99
0,0.00,0,-368.19
0,0.00,0,-366.67
0,0.00,0,-362.56
0,0.00,0,-362.10
0,0.00,0,-365.75
0,0.00,0,-367.73
0,0.00,0,-365.30
0,0.00,0,-359.67
0,0.00,0,-357.69
0,0.00,0,-361.19
0,0.00,0,-364.69
0,0.00,0,-364.23
0,0.00,0,-359.21
0,0.00,0,-357.08
0,0.00,0,-360.58
0,0.00,0,-365.14
0,0.00,0,-365.91
0,0.00,0,-362.71
0,0.00,0,-360.88
0,0.00,0,-363.47
0,0.00,0,-368.49
0,0.00,0,-370.17
0,0.00,0,-366.36
0,0.00,0,-361.64
0,0.00,0,-361.49
0,0.00,0,-365.14
0,0.00,0,-366.21
0,0.00,0,-363.17
0,0.00,0,-358.45
0,0.00,0,-357.53
0,0.00,0,-360.73
0,0.00,0,-362.71
0,0.00,0,-361.34
0,0.00,0,-356.32
0,0.00,0,-355.10
0,0.00,0,-359.36
0,0.00,0,-364.08
0,0.00,0,-365.45
0,0.00,0,-361.49
0,0.00,0,-359.97
0,0.00,0,-362.86
0,0.00,0,-366.97
0,0.00,0,-367.12
0,0.00,0,-362.56
0,0.00,0,-358.75
0,0.00,0,-360.27
0,0.00,0,-364.23
0,0.00,0,-365.14
0,0.00,0,-361.04
0,0.00,0,-355.71
0,0.00,0,-356.16
0,0.00,0,-360.27
0,0.00,0,-362.25
0,0.00,0,-360.12
0,0.00,0,-356.47
0,0.00,0,-357.84
0,0.00,0,-363.47
0,0.00,0,-367.28
0,0.00,0,-366.21
0,0.00,0,-362.25
0,0.00,0,-362.25
0,0.00,0,-366.51
0,0.00,0,-369.71
0,0.00,0,-368.34
0,0.00,0,-363.77
0,0.00,0,-361.64
0,0.00,0,-364.54
0,0.00,0,-367.12
0,0.00,0,-365.91
0,0.00,0,-361.04
0,0.00,0,-357.38
0,0.00,0,-359.51
0,0.00,0,-363.62
0,0.00,0,-364.99
0,0.00,0,-361.95
0,0.00,0,-358.60
0,0.00,0,-360.73
0,0.00,0,-365.14
0,0.00,0,-368.04
0,0.00,0,-365.60
0,0.00,0,-361.80
0,0.00,0,-362.56
0,0.00,0,-367.12
0,0.00,0,-369.86
0,0.00,0,-367.58
0,0.00,0,-362.10
0,0.00,0,-359.67
0,0.00,0,-362.71
0,0.00,0,-365.30
0,0.00,0,-364.08
0,0.00,0,-359.36
0,0.00,0,-357.08
0,0.00,0,-360.88
0,0.00,0,-364.54
0,0.00,0,-365.14
0,0.00,0,-361.19
0,0.00,0,-358.45
0,0.00,0,-361.49
0,0.00,0,-365.60
0,0.00,0,-367.73
0,0.00,0,-363.93
0,0.00,0,-360.73
0,0.00,0,-362.25
0,0.00,0,-365.75
0,0.00,0,-367.12
0,0.00,0,-363.47
0,0.00,0,-359.06
0,0.00,0,-358.75
0,0.00,0,-362.10
0,0.00,0,-364.38
0,0.00,0,-362.56
0,0.00,0,-358.75
0,0.00,0,-357.53
0,0.00,0,-362.10
0,0.00,0,-366.06
0,0.00,0,-365.75
0,0.00,0,-361.64
0,0.00,0,-360.43
0,0.00,0,-364.54
0,0.00,0,-368.04
0,0.00,0,-367.88
0,0.00,0,-363.17
0,0.00,0,-360.27
0,0.00,0,-362.10
0,0.00,0,-365.91
0,0.00,0,-365.91
0,0.00,0,-360.88
0,0.00,0,-357.08
0,0.00,0,-358.60
0,0.00,0,-363.01
0,0.00,0,-364.38
0,0.00,0,-361.49
0,0.00,0,-357.53
0,0.00,0,-359.36
0,0.00,0,-364.54
0,0.00,0,-367.43
0,0.00,0,-365.45
0,0.00,0,-361.64
0,0.00,0,-361.34
0,0.00,0,-364.99
0,0.00,0,-367.58
0,0.00,0,-366.67
0,0.00,0,-361.34
0,0.00,0,-359.06
0,0.00,0,-361.80
0,0.00,0,-365.30
0,0.00,0,-364.69
0,0.00,0,-359.67
0,0.00,0,-356.93
0,0.00,0,-359.21
0,0.00,0,-363.62
0,0.00,0,-365.30
0,0.00,0,-362.40
0,0.00,0,-359.36
0,0.00,0,-361.49
0,0.00,0,-366.06
0,0.00,0,-367.73
0,0.00,0,-364.54
0,0.00,0,-360.12
0,0.00,0,-360.58
0,0.00,0,-364.84
0,0.00,0,-367.12
0,0.00,0,-364.84
0,0.00,0,-359.67
0,0.00,0,-359.06
0,0.00,0,-362.25
0,0.00,0,-364.69
0,0.00,0,-363.01
0,0.00,0,-358.75
0,0.00,0,-358.14
0,0.00,0,-361.95
0,0.00,0,-366.21
0,0.00,0,-366.06
0,0.00,0,-361.95
0,0.00,0,-359.67
0,0.00,0,-362.25
0,0.00,0,-366.21
0,0.00,0,-366.51
0,0.00,0,-362.10
0,0.00,0,-358.90
0,0.00,0,-360.88
0,0.00,0,-364.54
0,0.00,0,-365.45
0,0.00,0,-361.95
0,0.00,0,-357.53
0,0.00,0,-357.53
0,0.00,0,-362.10
0,0.00,0,-365.30
0,0.00,0,-363.62
0,0.00,0,-359.06
0,0.00,0,-359.51
0,0.00,0,-364.23
0,0.00,0,-367.58
0,0.00,0,-366.06
0,0.00,0,-361.95
0,0.00,0,-360.58
0,0.00,0,-364.08
0,0.00,0,-367.43
0,0.00,0,-367.73
0,0.00,0,-363.32
0,0.00,0,-360.27
0,0.00,0,-362.71
0,0.00,0,-366.06
0,0.00,0,-366.51
0,0.00,0,-362.40
0,0.00,0,-359.21
0,0.00,0,-361.64
0,0.00,0,-365.60
0,0.00,0,-367.28
0,0.00,0,-364.38
0,0.00,0,-360.88
0,0.00,0,-361.95
0,0.00,0,-365.91
0,0.00,0,-367.73
0,0.00,0,-365.30
0,0.00,0,-361.95
0,0.00,0,-361.80
0,0.00,0,-365.75
0,0.00,0,-368.19
0,0.00,0,-365.91
0,0.00,0,-360.58
0,0.00,0,-358.60
0,0.00,0,-362.40
0,0.00,0,-365.60
0,0.00,0,-365.14
0,0.00,0,-360.88
0,0.00,0,-359.51
0,0.00,0,-362.86
0,0.00,0,-366.51
0,0.00,0,-366.36
0,0.00,0,-362.10
0,0.00,0,-359.21
0,0.00,0,-361.49
0,0.00,0,-366.06
0,0.00,0,-367.73
0,0.00,0,-363.93
0,0.00,0,-359.67
0,0.00,0,-360.58
0,0.00,0,-364.54
0,0.00,0,-365.75
0,0.00,0,-362.86
0,0.00,0,-358.30
0,0.00,0,-358.45
0,0.00,0,-362.86
0,0.00,0,-366.21
0,0.00,0,-364.99
0,0.00,0,-360.43
0,0.00,0,-359.21
0,0.00,0,-363.01
0,0.00,0,-366.36
0,0.00,0,-365.91
0,0.00,0,-361.64
0,0.00,0,-359.67
0,0.00,0,-362.86
0,0.00,0,-366.82
0,0.00,0,-366.97
0,0.00,0,-362.56
0,0.00,0,-359.21
0,0.00,0,-361.04
0,0.00,0,-365.30
0,0.00,0,-366.67
0,0.00,0,-363.47
0,0.00,0,-359.82
0,0.00,0,-361.19
0,0.00,0,-365.75
0,0.00,0,-367.12
0,0.00,0,-364.08
0,0.00,0,-359.36
0,0.00,0,-359.67
0,0.00,0,-363.32
0,0.00,0,-365.30
0,0.00,0,-363.47
0,0.00,0,-359.51
0,0.00,0,-358.60
0,0.00,0,-362.10
0,0.00,0,-365.14
0,0.00,0,-364.23
0,0.00,0,-359.36
0,0.00,0,-357.84
0,0.00,0,-361.80
0,0.00,0,-365.75
0,0.00,0,-365.91
0,0.00,0,-361.95
0,0.00,0,-359.67
0,0.00,0,-362.25
0,0.00,0,-366.06
0,0.00,0,-366.67
0,0.00,0,-362.40
0,0.00,0,-358.60
0,0.00,0,-359.82
0,0.00,0,-364.23
0,0.00,0,-366.06
0,0.00,0,-362.86
0,0.00,0,-358.90
0,0.00,0,-359.36
0,0.00,0,-363.93
0,0.00,0,-366.36
0,0.00,0,-364.23
0,0.00,0,-360.43
0,0.00,0,-360.12
0,0.00,0,-364.84
0,0.00,0,-368.80
0,0.00,0,-367.88
0,0.00,0,-363.01
0,0.00,0,-360.27
0,0.00,0,-363.32
0,0.00,0,-366.67
0,0.00,0,-366.21
0,0.00,0,-361.49
0,0.00,0,-358.45
0,0.00,0,-361.34
0,0.00,0,-364.99
0,0.00,0,-366.21
0,0.00,0,-362.71
0,0.00,0,-359.21
0,0.00,0,-360.88
0,0.00,0,-365.14
0,0.00,0,-367.58
0,0.00,0,-365.14
0,0.00,0,-361.34
0,0.00,0,-361.80
0,0.00,0,-365.30
0,0.00,0,-367.28
0,0.00,0,-364.08
0,0.00,0,-359.06
0,0.00,0,-358.30
0,0.00,0,-362.25
0,0.00,0,-364.84
0,0.00,0,-363.32
0,0.00,0,-359.36
0,0.00,0,-357.99
0,0.00,0,-361.64
0,0.00,0,-364.99
0,0.00,0,-364.69
0,0.00,0,-360.73
0,0.00,0,-358.75
0,0.00,0,-362.40
0,0.00,0,-366.67
0,0.00,0,-367.73
0,0.00,0,-363.77
0,0.00,0,-360.12
0,0.00,0,-361.64
0,0.00,0,-365.75
0,0.00,0,-366.67
0,0.00,0,-363.32
0,0.00,0,-358.90
0,0.00,0,-359.82
0,0.00,0,-364.08
0,0.00,0,-366.67
0,0.00,0,-363.93
0,0.00,0,-359.36
0,0.00,0,-359.51
0,0.00,0,-364.38
0,0.00,0,-367.43
0,0.00,0,-366.51
0,0.00,0,-362.71
0,0.00,0,-361.95
0,0.00,0,-365.75
0,0.00,0,-368.95
0,0.00,0,-367.88
0,0.00,0,-362.71
0,0.00,0,-359.67
0,0.00,0,-362.40
0,0.00,0,-366.06
0,0.00,0,-366.21
0,0.00,0,-361.34
0,0.00,0,-357.84
0,0.00,0,-359.67
0,0.00,0,-363.93
0,0.00,0,-365.14
0,0.00,0,-362.25
0,0.00,0,-358.60
0,0.00,0,-360.43
0,0.00,0,-365.75
0,0.00,0,-368.65
0,0.00,0,-366.51
0,0.00,0,-361.80
0,0.00,0,-361.34
0,0.00,0,-365.14
0,0.00,0,-367.73
0,0.00,0,-365.45
0,0.00,0,-359.67
0,0.00,0,-357.38
0,0.00,0,-360.58
