0,0.00,0,-371.99
0,0.00,0,-366.97
0,0.00,0,-371.39
0,0.00,0,-388.13
0,0.00,0,-386.61
0,0.00,0,-374.12
0,0.00,0,-360.88
0,0.00,0,-358.60
0,0.00,0,-350.99
0,0.00,0,-330.59
0,0.00,0,-317.20
0,0.00,0,-321.00
0,0.00,0,-344.14
0,0.00,0,-362.25
0,0.00,0,-373.36
0,0.00,0,-386.15
0,0.00,0,-399.85
0,0.00,0,-400.76
0,0.00,0,-379.76
0,0.00,0,-356.93
0,0.00,0,-339.88
0,0.00,0,-331.81
0,0.00,0,-323.29
0,0.00,0,-319.33
0,0.00,0,-328.92
0,0.00,0,-345.05
0,0.00,0,-358.45
0,0.00,0,-359.82
0,0.00,0,-364.23
0,0.00,0,-367.88
0,0.00,0,-376.56
0,0.00,0,-380.37
0,0.00,0,-374.28
0,0.00,0,-363.47
0,0.00,0,-350.68
0,0.00,0,-344.44
0,0.00,0,-337.14
0,0.00,0,-332.57
0,0.00,0,-333.03
0,0.00,0,-344.90
0,0.00,0,-355.25
0,0.00,0,-355.56
0,0.00,0,-356.01
0,0.00,0,-367.73
0,0.00,0,-388.43
0,0.00,0,-392.39
0,0.00,0,-380.67
0,0.00,0,-367.58
0,0.00,0,-364.23
0,0.00,0,-361.34
0,0.00,0,-347.64
0,0.00,0,-336.99
0,0.00,0,-340.18
0,0.00,0,-349.77
0,0.00,0,-349.01
0,0.00,0,-342.01
0,0.00,0,-346.27
0,0.00,0,-362.86
0,0.00,0,-384.47
0,0.00,0,-389.35
0,0.00,0,-389.19
0,0.00,0,-387.37
0,0.00,0,-384.78
0,0.00,0,-368.04
0,0.00,0,-342.77
0,0.00,0,-323.90
0,0.00,0,-324.51
0,0.00,0,-340.49
0,0.00,0,-347.79
0,0.00,0,-352.82
0,0.00,0,-360.27
0,0.00,0,-377.93
0,0.00,0,-384.63
0,0.00,0,-373.36
0,0.00,0,-360.12
0,0.00,0,-359.21
0,0.00,0,-374.89
0,0.00,0,-373.52
0,0.00,0,-362.10
0,0.00,0,-352.97
0,0.00,0,-357.84
0,0.00,0,-357.23
0,0.00,0,-341.10
0,0.00,0,-329.07
0,0.00,0,-334.09
0,0.00,0,-348.25
0,0.00,0,-348.86
0,0.00,0,-347.34
0,0.00,0,-356.62
0,0.00,0,-380.37
0,0.00,0,-397.26
0,0.00,0,-391.63
0,0.00,0,-384.17
0,0.00,0,-377.02
0,0.00,0,-368.65
0,0.00,0,-346.27
0,0.00,0,-322.83
0,0.00,0,-311.87
0,0.00,0,-312.79
0,0.00,0,-319.48
0,0.00,0,-325.88
0,0.00,0,-344.44
0,0.00,0,-368.34
0,0.00,0,-395.28
0,0.00,0,-407.31
0,0.00,0,-404.72
0,0.00,0,-394.22
0,0.00,0,-378.39
0,0.00,0,-365.14
0,0.00,0,-347.34
0,0.00,0,-330.29
0,0.00,0,-317.66
0,0.00,0,-317.05
0,0.00,0,-324.05
0,0.00,0,-333.79
0,0.00,0,-348.25
0,0.00,0,-366.82
0,0.00,0,-390.26
0,0.00,0,-400.15
0,0.00,0,-399.39
0,0.00,0,-392.39
0,0.00,0,-389.04
0,0.00,0,-382.50
0,0.00,0,-362.56
0,0.00,0,-342.31
0,0.00,0,-330.14
0,0.00,0,-327.85
0,0.00,0,-324.20
0,0.00,0,-321.77
0,0.00,0,-330.90
0,0.00,0,-355.40
0,0.00,0,-385.84
0,0.00,0,-397.72
0,0.00,0,-398.78
0,0.00,0,-396.65
0,0.00,0,-395.59
0,0.00,0,-385.24
0,0.00,0,-363.93
0,0.00,0,-345.66
0,0.00,0,-336.53
0,0.00,0,-330.75
0,0.00,0,-317.50
0,0.00,0,-312.02
0,0.00,0,-323.44
0,0.00,0,-352.05
0,0.00,0,-376.86
0,0.00,0,-386.30
0,0.00,0,-391.48
0,0.00,0,-393.76
0,0.00,0,-395.43
0,0.00,0,-382.34
0,0.00,0,-362.56
0,0.00,0,-345.21
0,0.00,0,-336.23
0,0.00,0,-324.96
0,0.00,0,-309.44
0,0.00,0,-307.46
0,0.00,0,-322.98
0,0.00,0,-350.38
0,0.00,0,-367.28
0,0.00,0,-374.43
0,0.00,0,-381.58
0,0.00,0,-389.04
0,0.00,0,-392.69
0,0.00,0,-382.04
0,0.00,0,-366.06
0,0.00,0,-350.53
0,0.00,0,-340.33
0,0.00,0,-324.05
0,0.00,0,-309.13
0,0.00,0,-308.22
0,0.00,0,-323.74
0,0.00,0,-350.38
0,0.00,0,-365.75
0,0.00,0,-374.43
0,0.00,0,-383.56
0,0.00,0,-393.76
0,0.00,0,-394.67
0,0.00,0,-383.26
0,0.00,0,-368.80
0,0.00,0,-356.62
0,0.00,0,-347.34
0,0.00,0,-331.20
0,0.00,0,-321.31
0,0.00,0,-322.37
0,0.00,0,-336.23
0,0.00,0,-354.34
0,0.00,0,-363.47
0,0.00,0,-373.06
0,0.00,0,-381.58
0,0.00,0,-394.52
0,0.00,0,-398.78
0,0.00,0,-390.87
0,0.00,0,-375.80
0,0.00,0,-362.71
0,0.00,0,-352.36
0,0.00,0,-338.81
0,0.00,0,-329.83
0,0.00,0,-329.07
0,0.00,0,-340.49
0,0.00,0,-349.47
0,0.00,0,-349.92
0,0.00,0,-356.01
0,0.00,0,-373.82
0,0.00,0,-396.80
0,0.00,0,-398.17
0,0.00,0,-387.06
0,0.00,0,-373.52
0,0.00,0,-368.95
0,0.00,0,-363.62
0,0.00,0,-348.55
0,0.00,0,-337.60
0,0.00,0,-337.29
0,0.00,0,-343.38
0,0.00,0,-339.73
0,0.00,0,-335.01
0,0.00,0,-342.01
0,0.00,0,-357.23
0,0.00,0,-366.67
0,0.00,0,-365.91
0,0.00,0,-369.56
0,0.00,0,-377.32
0,0.00,0,-388.89
0,0.00,0,-381.89
0,0.00,0,-366.67
0,0.00,0,-353.58
0,0.00,0,-344.44
0,0.00,0,-335.01
0,0.00,0,-318.72
0,0.00,0,-310.20
0,0.00,0,-318.26
0,0.00,0,-342.62
0,0.00,0,-362.10
0,0.00,0,-368.34
0,0.00,0,-371.99
0,0.00,0,-380.37
0,0.00,0,-394.98
0,0.00,0,-391.02
0,0.00,0,-375.65
0,0.00,0,-359.82
0,0.00,0,-352.51
0,0.00,0,-338.97
0,0.00,0,-317.05
0,0.00,0,-305.63
0,0.00,0,-314.46
0,0.00,0,-344.44
0,0.00,0,-367.58
0,0.00,0,-380.67
0,0.00,0,-394.06
0,0.00,0,-408.07
0,0.00,0,-410.50
0,0.00,0,-389.04
0,0.00,0,-363.32
0,0.00,0,-344.90
0,0.00,0,-341.40
0,0.00,0,-339.12
0,0.00,0,-337.60
0,0.00,0,-345.66
0,0.00,0,-361.34
0,0.00,0,-375.34
0,0.00,0,-375.65
0,0.00,0,-375.80
0,0.00,0,-377.93
0,0.00,0,-380.97
0,0.00,0,-371.99
0,0.00,0,-353.12
0,0.00,0,-345.51
0,0.00,0,-355.40
0,0.00,0,-367.88
0,0.00,0,-363.93
0,0.00,0,-354.64
0,0.00,0,-353.58
0,0.00,0,-363.77
0,0.00,0,-367.58
0,0.00,0,-358.90
0,0.00,0,-356.77
0,0.00,0,-362.86
0,0.00,0,-364.84
0,0.00,0,-351.29
0,0.00,0,-340.79
0,0.00,0,-344.44
0,0.00,0,-358.75
0,0.00,0,-364.99
0,0.00,0,-358.14
0,0.00,0,-354.79
0,0.00,0,-356.01
0,0.00,0,-359.21
0,0.00,0,-353.58
0,0.00,0,-345.66
0,0.00,0,-343.99
0,0.00,0,-350.38
0,0.00,0,-356.62
0,0.00,0,-353.58
0,0.00,0,-350.99
0,0.00,0,-349.62
0,0.00,0,-354.34
0,0.00,0,-357.69
0,0.00,0,-356.16
0,0.00,0,-352.36
0,0.00,0,-351.45
0,0.00,0,-353.88
0,0.00,0,-351.29
0,0.00,0,-346.88
0,0.00,0,-344.90
0,0.00,0,-351.45
0,0.00,0,-356.77
0,0.00,0,-356.32
0,0.00,0,-355.56
0,0.00,0,-359.82
0,0.00,0,-365.60
0,0.00,0,-359.06
0,0.00,0,-350.68
0,0.00,0,-349.32
0,0.00,0,-361.04
0,0.00,0,-370.17
0,0.00,0,-365.45
0,0.00,0,-359.82
0,0.00,0,-359.82
0,0.00,0,-364.99
0,0.00,0,-359.51
0,0.00,0,-351.60
0,0.00,0,-349.62
0,0.00,0,-359.21
0,0.00,0,-369.86
0,0.00,0,-367.58
0,0.00,0,-364.84
0,0.00,0,-365.91
0,0.00,0,-371.23
0,0.00,0,-366.21
0,0.00,0,-358.30
0,0.00,0,-354.79
0,0.00,0,-358.75
0,0.00,0,-365.45
0,0.00,0,-362.10
0,0.00,0,-358.14
0,0.00,0,-355.40
0,0.00,0,-359.82
0,0.00,0,-365.30
0,0.00,0,-364.99
0,0.00,0,-362.10
0,0.00,0,-360.58
0,0.00,0,-363.32
0,0.00,0,-361.64
0,0.00,0,-358.45
0,0.00,0,-356.01
0,0.00,0,-359.51
0,0.00,0,-359.82
0,0.00,0,-353.42
0,0.00,0,-349.01
0,0.00,0,-350.23
0,0.00,0,-361.49
0,0.00,0,-364.69
0,0.00,0,-360.58
0,0.00,0,-356.01
0,0.00,0,-356.93
0,0.00,0,-362.10
0,0.00,0,-360.12
0,0.00,0,-356.62
0,0.00,0,-355.71
0,0.00,0,-361.64
0,0.00,0,-356.77
0,0.00,0,-343.23
0,0.00,0,-334.09
0,0.00,0,-342.62
0,0.00,0,-361.80
0,0.00,0,-365.91
0,0.00,0,-361.64
0,0.00,0,-359.21
0,0.00,0,-367.73
0,0.00,0,-366.67
0,0.00,0,-349.01
0,0.00,0,-334.86
0,0.00,0,-340.94
0,0.00,0,-361.64
0,0.00,0,-363.32
0,0.00,0,-356.62
0,0.00,0,-357.08
0,0.00,0,-369.10
0,0.00,0,-370.32
0,0.00,0,-352.05
0,0.00,0,-340.33
0,0.00,0,-343.38
0,0.00,0,-359.21
0,0.00,0,-364.99
0,0.00,0,-366.21
0,0.00,0,-372.60
0,0.00,0,-378.84
0,0.00,0,-376.10
0,0.00,0,-360.12
0,0.00,0,-348.71
0,0.00,0,-341.40
0,0.00,0,-342.01
0,0.00,0,-344.29
0,0.00,0,-349.32
0,0.00,0,-357.69
0,0.00,0,-366.36
0,0.00,0,-371.54
0,0.00,0,-367.28
0,0.00,0,-365.14
0,0.00,0,-364.54
0,0.00,0,-368.95
0,0.00,0,-369.25
0,0.00,0,-359.67
0,0.00,0,-349.47
0,0.00,0,-344.90
0,0.00,0,-348.86
0,0.00,0,-347.95
0,0.00,0,-346.58
0,0.00,0,-350.38
0,0.00,0,-361.64
0,0.00,0,-368.19
0,0.00,0,-365.45
0,0.00,0,-363.47
0,0.00,0,-366.97
0,0.00,0,-378.08
0,0.00,0,-375.80
0,0.00,0,-364.23
0,0.00,0,-353.58
0,0.00,0,-351.60
0,0.00,0,-352.36
0,0.00,0,-348.10
0,0.00,0,-345.51
0,0.00,0,-349.92
0,0.00,0,-360.27
0,0.00,0,-360.73
0,0.00,0,-354.03
0,0.00,0,-352.82
0,0.00,0,-364.54
0,0.00,0,-377.78
0,0.00,0,-374.28
0,0.00,0,-361.95
0,0.00,0,-354.03
0,0.00,0,-356.32
0,0.00,0,-354.03
0,0.00,0,-344.75
0,0.00,0,-341.40
0,0.00,0,-348.40
0,0.00,0,-355.86
0,0.00,0,-348.40
0,0.00,0,-341.40
0,0.00,0,-343.68
0,0.00,0,-360.27
0,0.00,0,-375.19
0,0.00,0,-375.65
0,0.00,0,-373.52
0,0.00,0,-371.23
0,0.00,0,-371.99
0,0.00,0,-357.53
0,0.00,0,-337.44
0,0.00,0,-323.90
0,0.00,0,-335.01
0,0.00,0,-352.66
0,0.00,0,-355.40
0,0.00,0,-354.79
0,0.00,0,-360.43
0,0.00,0,-377.02
0,0.00,0,-377.02
0,0.00,0,-364.23
0,0.00,0,-355.86
0,0.00,0,-363.32
0,0.00,0,-376.71
0,0.00,0,-369.86
0,0.00,0,-361.19
0,0.00,0,-359.97
0,0.00,0,-365.30
0,0.00,0,-359.21
0,0.00,0,-344.60
0,0.00,0,-339.88
0,0.00,0,-346.12
0,0.00,0,-354.03
0,0.00,0,-348.71
0,0.00,0,-350.38
0,0.00,0,-366.21
0,0.00,0,-390.72
0,0.00,0,-400.30
0,0.00,0,-390.11
0,0.00,0,-380.06
0,0.00,0,-373.06
0,0.00,0,-363.01
0,0.00,0,-336.99
0,0.00,0,-317.35
0,0.00,0,-318.72
0,0.00,0,-333.79
0,0.00,0,-348.55
0,0.00,0,-352.21
0,0.00,0,-360.58
0,0.00,0,-373.52
0,0.00,0,-385.39
0,0.00,0,-380.21
0,0.00,0,-369.56
0,0.00,0,-364.23
0,0.00,0,-369.41
0,0.00,0,-368.49
0,0.00,0,-352.66
0,0.00,0,-337.14
0,0.00,0,-331.51
0,0.00,0,-337.14
0,0.00,0,-341.70
0,0.00,0,-343.84
0,0.00,0,-351.29
