0,0.00,0,-402.44
0,0.00,0,-400.61
0,0.00,0,-401.22
0,0.00,0,-403.50
0,0.00,0,-405.18
0,0.00,0,-405.18
0,0.00,0,-403.35
0,0.00,0,-401.83
0,0.00,0,-402.13
0,0.00,0,-404.57
0,0.00,0,-406.39
0,0.00,0,-406.09
0,0.00,0,-403.65
0,0.00,0,-401.37
0,0.00,0,-401.52
0,0.00,0,-403.81
0,0.00,0,-405.18
0,0.00,0,-404.72
0,0.00,0,-403.04
0,0.00,0,-401.98
0,0.00,0,-402.74
0,0.00,0,-405.02
0,0.00,0,-407.00
0,0.00,0,-407.31
0,0.00,0,-405.33
0,0.00,0,-403.35
0,0.00,0,-403.04
0,0.00,0,-404.72
0,0.00,0,-406.24
0,0.00,0,-405.63
0,0.00,0,-402.89
0,0.00,0,-401.52
0,0.00,0,-401.83
0,0.00,0,-404.57
0,0.00,0,-406.54
0,0.00,0,-406.70
0,0.00,0,-405.18
0,0.00,0,-404.11
0,0.00,0,-404.26
0,0.00,0,-406.39
0,0.00,0,-408.22
0,0.00,0,-408.98
0,0.00,0,-407.15
0,0.00,0,-404.87
0,0.00,0,-404.57
0,0.00,0,-406.24
0,0.00,0,-407.91
0,0.00,0,-407.61
0,0.00,0,-404.87
0,0.00,0,-402.59
0,0.00,0,-402.74
0,0.00,0,-404.57
0,0.00,0,-406.39
0,0.00,0,-406.54
0,0.00,0,-404.41
0,0.00,0,-402.74
0,0.00,0,-402.74
0,0.00,0,-404.41
0,0.00,0,-406.09
0,0.00,0,-405.94
0,0.00,0,-403.65
0,0.00,0,-401.07
0,0.00,0,-400.15
0,0.00,0,-401.67
0,0.00,0,-404.26
0,0.00,0,-404.87
0,0.00,0,-403.04
0,0.00,0,-401.07
0,0.00,0,-400.91
0,0.00,0,-403.04
0,0.00,0,-405.48
0,0.00,0,-406.54
0,0.00,0,-405.33
0,0.00,0,-403.20
0,0.00,0,-402.59
0,0.00,0,-404.26
0,0.00,0,-406.85
0,0.00,0,-408.07
0,0.00,0,-406.54
0,0.00,0,-404.26
0,0.00,0,-403.50
0,0.00,0,-405.18
0,0.00,0,-407.76
0,0.00,0,-408.83
0,0.00,0,-406.85
0,0.00,0,-404.11
0,0.00,0,-402.74
0,0.00,0,-404.26
0,0.00,0,-406.24
0,0.00,0,-406.85
0,0.00,0,-405.02
0,0.00,0,-402.74
0,0.00,0,-402.13
0,0.00,0,-403.65
0,0.00,0,-406.54
0,0.00,0,-407.76
0,0.00,0,-406.24
0,0.00,0,-403.65
0,0.00,0,-402.44
0,0.00,0,-403.35
0,0.00,0,-405.48
0,0.00,0,-406.09
0,0.00,0,-404.26
0,0.00,0,-400.91
0,0.00,0,-399.39
0,0.00,0,-400.46
0,0.00,0,-403.50
0,0.00,0,-405.18
0,0.00,0,-404.72
0,0.00,0,-403.04
0,0.00,0,-402.74
0,0.00,0,-404.41
0,0.00,0,-407.46
0,0.00,0,-408.83
0,0.00,0,-407.91
0,0.00,0,-404.87
0,0.00,0,-402.74
0,0.00,0,-402.59
0,0.00,0,-404.11
0,0.00,0,-404.87
0,0.00,0,-403.20
0,0.00,0,-400.30
0,0.00,0,-399.24
0,0.00,0,-400.91
0,0.00,0,-404.57
0,0.00,0,-407.31
0,0.00,0,-407.31
0,0.00,0,-404.87
0,0.00,0,-403.50
0,0.00,0,-403.81
0,0.00,0,-406.09
0,0.00,0,-406.54
0,0.00,0,-404.87
0,0.00,0,-401.37
0,0.00,0,-399.24
0,0.00,0,-398.78
0,0.00,0,-401.37
0,0.00,0,-403.81
0,0.00,0,-404.57
0,0.00,0,-402.74
0,0.00,0,-401.67
0,0.00,0,-402.74
0,0.00,0,-406.09
0,0.00,0,-408.22
0,0.00,0,-408.37
0,0.00,0,-405.48
0,0.00,0,-403.04
0,0.00,0,-403.04
0,0.00,0,-405.02
0,0.00,0,-406.39
0,0.00,0,-405.78
0,0.00,0,-403.35
0,0.00,0,-401.83
0,0.00,0,-402.28
0,0.00,0,-404.87
0,0.00,0,-407.61
0,0.00,0,-407.91
0,0.00,0,-404.87
0,0.00,0,-401.98
0,0.00,0,-400.91
0,0.00,0,-403.04
0,0.00,0,-405.02
0,0.00,0,-405.48
0,0.00,0,-403.04
0,0.00,0,-401.22
0,0.00,0,-401.52
0,0.00,0,-403.96
0,0.00,0,-406.09
0,0.00,0,-406.85
0,0.00,0,-405.18
0,0.00,0,-403.65
0,0.00,0,-403.04
0,0.00,0,-404.41
0,0.00,0,-405.78
0,0.00,0,-405.78
0,0.00,0,-402.89
0,0.00,0,-400.30
0,0.00,0,-399.39
0,0.00,0,-401.67
0,0.00,0,-404.41
0,0.00,0,-405.94
0,0.00,0,-405.33
0,0.00,0,-404.57
0,0.00,0,-404.87
0,0.00,0,-407.00
0,0.00,0,-408.98
0,0.00,0,-409.44
0,0.00,0,-407.00
0,0.00,0,-403.81
0,0.00,0,-401.37
0,0.00,0,-401.67
0,0.00,0,-403.04
0,0.00,0,-403.35
0,0.00,0,-401.98
0,0.00,0,-400.61
0,0.00,0,-401.37
0,0.00,0,-404.26
0,0.00,0,-407.61
0,0.00,0,-408.37
0,0.00,0,-406.54
0,0.00,0,-404.26
0,0.00,0,-403.04
0,0.00,0,-403.65
0,0.00,0,-404.57
0,0.00,0,-404.26
0,0.00,0,-402.28
0,0.00,0,-399.85
0,0.00,0,-399.39
0,0.00,0,-401.22
0,0.00,0,-404.26
0,0.00,0,-406.24
0,0.00,0,-405.18
0,0.00,0,-403.20
0,0.00,0,-402.59
0,0.00,0,-404.26
0,0.00,0,-406.54
0,0.00,0,-407.15
0,0.00,0,-405.02
0,0.00,0,-402.28
0,0.00,0,-400.76
0,0.00,0,-402.28
0,0.00,0,-405.18
0,0.00,0,-406.54
0,0.00,0,-405.48
0,0.00,0,-402.89
0,0.00,0,-401.52
0,0.00,0,-402.28
0,0.00,0,-404.72
0,0.00,0,-405.63
0,0.00,0,-404.11
0,0.00,0,-400.91
0,0.00,0,-399.09
0,0.00,0,-399.70
0,0.00,0,-402.44
0,0.00,0,-404.11
0,0.00,0,-403.35
0,0.00,0,-401.22
0,0.00,0,-400.91
0,0.00,0,-402.74
0,0.00,0,-406.54
0,0.00,0,-408.37
0,0.00,0,-407.61
0,0.00,0,-404.11
0,0.00,0,-402.13
0,0.00,0,-401.52
0,0.00,0,-403.04
0,0.00,0,-403.35
0,0.00,0,-402.44
0,0.00,0,-400.30
0,0.00,0,-400.00
0,0.00,0,-401.67
0,0.00,0,-405.63
0,0.00,0,-408.37
0,0.00,0,-408.52
0,0.00,0,-405.78
0,0.00,0,-403.81
0,0.00,0,-403.81
0,0.00,0,-405.78
0,0.00,0,-406.39
0,0.00,0,-404.57
0,0.00,0,-400.91
0,0.00,0,-398.93
0,0.00,0,-399.85
0,0.00,0,-402.28
0,0.00,0,-404.26
0,0.00,0,-404.26
0,0.00,0,-402.74
0,0.00,0,-401.98
0,0.00,0,-403.50
0,0.00,0,-407.00
0,0.00,0,-409.13
0,0.00,0,-408.52
0,0.00,0,-405.02
0,0.00,0,-402.89
0,0.00,0,-402.59
0,0.00,0,-404.72
0,0.00,0,-406.09
0,0.00,0,-405.78
0,0.00,0,-403.04
0,0.00,0,-401.22
0,0.00,0,-401.67
0,0.00,0,-404.87
0,0.00,0,-407.46
0,0.00,0,-407.76
0,0.00,0,-404.57
0,0.00,0,-401.98
0,0.00,0,-401.22
0,0.00,0,-403.20
0,0.00,0,-404.87
0,0.00,0,-404.72
0,0.00,0,-401.98
0,0.00,0,-400.91
0,0.00,0,-401.37
0,0.00,0,-404.11
0,0.00,0,-406.39
0,0.00,0,-407.00
0,0.00,0,-405.02
0,0.00,0,-402.44
0,0.00,0,-401.22
0,0.00,0,-402.59
0,0.00,0,-403.96
0,0.00,0,-404.26
0,0.00,0,-401.67
0,0.00,0,-399.09
0,0.00,0,-399.09
0,0.00,0,-401.83
0,0.00,0,-404.87
0,0.00,0,-405.94
0,0.00,0,-404.72
0,0.00,0,-403.65
0,0.00,0,-404.11
0,0.00,0,-406.39
0,0.00,0,-408.83
0,0.00,0,-408.83
0,0.00,0,-405.94
0,0.00,0,-402.74
0,0.00,0,-401.83
0,0.00,0,-403.20
0,0.00,0,-405.48
0,0.00,0,-405.78
0,0.00,0,-404.41
0,0.00,0,-402.44
0,0.00,0,-402.44
0,0.00,0,-404.57
0,0.00,0,-407.15
0,0.00,0,-407.91
0,0.00,0,-406.09
0,0.00,0,-403.65
0,0.00,0,-402.74
0,0.00,0,-403.96
0,0.00,0,-406.09
0,0.00,0,-406.70
0,0.00,0,-405.33
0,0.00,0,-402.59
0,0.00,0,-401.67
0,0.00,0,-403.20
0,0.00,0,-405.63
0,0.00,0,-406.39
0,0.00,0,-404.57
0,0.00,0,-401.98
0,0.00,0,-400.61
0,0.00,0,-401.22
0,0.00,0,-403.35
0,0.00,0,-404.41
0,0.00,0,-403.35
0,0.00,0,-401.52
0,0.00,0,-400.91
0,0.00,0,-402.44
0,0.00,0,-405.18
0,0.00,0,-406.70
0,0.00,0,-405.48
0,0.00,0,-403.04
0,0.00,0,-401.83
0,0.00,0,-402.74
0,0.00,0,-404.87
0,0.00,0,-405.94
0,0.00,0,-404.87
0,0.00,0,-402.13
0,0.00,0,-401.07
0,0.00,0,-402.28
0,0.00,0,-404.72
0,0.00,0,-405.78
0,0.00,0,-404.87
0,0.00,0,-403.04
0,0.00,0,-402.59
0,0.00,0,-404.26
0,0.00,0,-407.15
0,0.00,0,-408.52
0,0.00,0,-408.07
0,0.00,0,-405.48
0,0.00,0,-403.96
0,0.00,0,-403.96
0,0.00,0,-405.78
0,0.00,0,-406.54
0,0.00,0,-405.48
0,0.00,0,-402.13
0,0.00,0,-400.30
0,0.00,0,-400.61
0,0.00,0,-403.81
0,0.00,0,-405.78
0,0.00,0,-405.33
0,0.00,0,-403.20
0,0.00,0,-402.59
0,0.00,0,-403.81
0,0.00,0,-406.70
0,0.00,0,-408.07
0,0.00,0,-407.61
0,0.00,0,-404.57
0,0.00,0,-402.74
0,0.00,0,-402.13
0,0.00,0,-403.96
0,0.00,0,-405.33
0,0.00,0,-405.02
0,0.00,0,-402.28
0,0.00,0,-400.76
0,0.00,0,-401.07
0,0.00,0,-403.50
0,0.00,0,-405.02
0,0.00,0,-405.18
0,0.00,0,-402.89
0,0.00,0,-401.52
0,0.00,0,-401.52
0,0.00,0,-403.65
0,0.00,0,-405.02
0,0.00,0,-405.18
0,0.00,0,-402.74
0,0.00,0,-401.07
0,0.00,0,-400.91
0,0.00,0,-403.04
0,0.00,0,-405.02
0,0.00,0,-405.33
0,0.00,0,-403.35
0,0.00,0,-401.67
0,0.00,0,-401.83
0,0.00,0,-404.26
0,0.00,0,-406.54
0,0.00,0,-407.00
0,0.00,0,-404.87
0,0.00,0,-403.20
0,0.00,0,-402.89
0,0.00,0,-404.72
0,0.00,0,-406.70
0,0.00,0,-407.31
0,0.00,0,-405.48
0,0.00,0,-403.96
0,0.00,0,-403.65
0,0.00,0,-405.48
0,0.00,0,-406.85
0,0.00,0,-407.15
0,0.00,0,-404.41
0,0.00,0,-402.13
0,0.00,0,-401.07
0,0.00,0,-402.89
0,0.00,0,-404.87
0,0.00,0,-405.78
0,0.00,0,-404.26
0,0.00,0,-402.89
0,0.00,0,-401.98
0,0.00,0,-403.35
0,0.00,0,-404.87
0,0.00,0,-405.48
0,0.00,0,-403.65
0,0.00,0,-401.22
0,0.00,0,-399.85
0,0.00,0,-401.22
0,0.00,0,-403.20
0,0.00,0,-404.26
0,0.00,0,-402.44
0,0.00,0,-400.61
0,0.00,0,-400.30
0,0.00,0,-402.44
0,0.00,0,-405.33
0,0.00,0,-406.54
0,0.00,0,-405.18
0,0.00,0,-403.35
0,0.00,0,-402.74
0,0.00,0,-403.65
0,0.00,0,-405.94
0,0.00,0,-406.54
0,0.00,0,-405.18
0,0.00,0,-402.74
0,0.00,0,-401.98
0,0.00,0,-403.20
0,0.00,0,-406.24
0,0.00,0,-407.00
0,0.00,0,-405.94
0,0.00,0,-403.35
0,0.00,0,-402.28
0,0.00,0,-402.74
0,0.00,0,-405.48
0,0.00,0,-406.54
0,0.00,0,-405.94
0,0.00,0,-403.50
0,0.00,0,-402.44
0,0.00,0,-403.04
0,0.00,0,-405.48
0,0.00,0,-406.85
0,0.00,0,-406.54
0,0.00,0,-404.11
0,0.00,0,-402.89
0,0.00,0,-403.35
0,0.00,0,-405.48
0,0.00,0,-407.00
0,0.00,0,-406.39
0,0.00,0,-403.35
0,0.00,0,-401.07
0,0.00,0,-401.37
0,0.00,0,-404.11
0,0.00,0,-405.63
0,0.00,0,-405.33
0,0.00,0,-403.50
0,0.00,0,-402.89
0,0.00,0,-404.26
0,0.00,0,-407.00
0,0.00,0,-408.83
0,0.00,0,-408.22
0,0.00,0,-405.63
0,0.00,0,-403.65
0,0.00,0,-403.50
0,0.00,0,-404.87
