0,0.00,0,-420.09
0,0.00,0,-420.09
0,0.00,0,-419.94
0,0.00,0,-419.33
0,0.00,0,-418.87
0,0.00,0,-418.26
0,0.00,0,-418.11
0,0.00,0,-418.11
0,0.00,0,-418.11
0,0.00,0,-418.42
0,0.00,0,-418.72
0,0.00,0,-419.48
0,0.00,0,-419.94
0,0.00,0,-420.09
0,0.00,0,-419.94
0,0.00,0,-419.79
0,0.00,0,-419.48
0,0.00,0,-419.18
0,0.00,0,-418.87
0,0.00,0,-418.42
0,0.00,0,-418.26
0,0.00,0,-418.26
0,0.00,0,-418.42
0,0.00,0,-419.03
0,0.00,0,-419.33
0,0.00,0,-419.63
0,0.00,0,-419.63
0,0.00,0,-419.63
0,0.00,0,-419.79
0,0.00,0,-419.79
0,0.00,0,-419.33
0,0.00,0,-418.72
0,0.00,0,-418.26
0,0.00,0,-418.11
0,0.00,0,-418.26
0,0.00,0,-418.42
0,0.00,0,-418.57
0,0.00,0,-418.87
0,0.00,0,-419.33
0,0.00,0,-419.33
0,0.00,0,-419.63
0,0.00,0,-419.79
0,0.00,0,-419.79
0,0.00,0,-419.79
0,0.00,0,-419.18
0,0.00,0,-418.87
0,0.00,0,-418.87
0,0.00,0,-418.72
0,0.00,0,-418.42
0,0.00,0,-418.42
0,0.00,0,-418.57
0,0.00,0,-418.87
0,0.00,0,-419.33
0,0.00,0,-419.94
0,0.00,0,-420.09
0,0.00,0,-419.79
0,0.00,0,-419.48
0,0.00,0,-419.18
0,0.00,0,-418.87
0,0.00,0,-418.72
0,0.00,0,-418.57
0,0.00,0,-418.42
0,0.00,0,-418.11
0,0.00,0,-418.26
0,0.00,0,-418.87
0,0.00,0,-419.18
0,0.00,0,-419.48
0,0.00,0,-419.63
0,0.00,0,-419.79
0,0.00,0,-419.94
0,0.00,0,-419.63
0,0.00,0,-419.33
0,0.00,0,-418.72
0,0.00,0,-418.26
0,0.00,0,-418.26
0,0.00,0,-418.42
0,0.00,0,-418.42
0,0.00,0,-418.72
0,0.00,0,-419.03
0,0.00,0,-419.33
0,0.00,0,-419.63
0,0.00,0,-419.94
0,0.00,0,-419.79
0,0.00,0,-419.48
0,0.00,0,-419.18
0,0.00,0,-418.87
0,0.00,0,-418.72
0,0.00,0,-418.26
0,0.00,0,-418.26
0,0.00,0,-418.57
0,0.00,0,-419.03
0,0.00,0,-419.18
0,0.00,0,-419.33
0,0.00,0,-419.48
0,0.00,0,-419.63
0,0.00,0,-419.79
0,0.00,0,-419.63
0,0.00,0,-419.33
0,0.00,0,-418.87
0,0.00,0,-418.57
0,0.00,0,-418.42
0,0.00,0,-418.57
0,0.00,0,-418.57
0,0.00,0,-418.57
0,0.00,0,-418.87
0,0.00,0,-419.18
0,0.00,0,-419.48
0,0.00,0,-419.79
0,0.00,0,-419.94
0,0.00,0,-419.94
0,0.00,0,-419.63
0,0.00,0,-419.33
0,0.00,0,-419.03
0,0.00,0,-419.03
0,0.00,0,-418.72
0,0.00,0,-418.42
0,0.00,0,-418.42
0,0.00,0,-418.72
0,0.00,0,-419.03
0,0.00,0,-419.48
0,0.00,0,-419.63
0,0.00,0,-419.63
0,0.00,0,-419.63
0,0.00,0,-419.79
0,0.00,0,-419.48
0,0.00,0,-419.18
0,0.00,0,-418.87
0,0.00,0,-418.72
0,0.00,0,-418.72
0,0.00,0,-418.72
0,0.00,0,-418.72
0,0.00,0,-418.72
0,0.00,0,-418.72
0,0.00,0,-419.03
0,0.00,0,-419.48
0,0.00,0,-419.79
0,0.00,0,-419.63
0,0.00,0,-419.48
0,0.00,0,-419.33
0,0.00,0,-419.18
0,0.00,0,-418.87
0,0.00,0,-418.57
0,0.00,0,-418.42
0,0.00,0,-418.42
0,0.00,0,-418.42
0,0.00,0,-418.57
0,0.00,0,-418.87
0,0.00,0,-419.18
0,0.00,0,-419.63
0,0.00,0,-419.79
0,0.00,0,-419.94
0,0.00,0,-419.79
0,0.00,0,-419.48
0,0.00,0,-419.03
0,0.00,0,-418.72
0,0.00,0,-418.57
0,0.00,0,-418.26
0,0.00,0,-418.42
0,0.00,0,-418.72
0,0.00,0,-418.87
0,0.00,0,-419.18
0,0.00,0,-419.48
0,0.00,0,-419.79
0,0.00,0,-419.79
0,0.00,0,-419.48
0,0.00,0,-419.33
0,0.00,0,-419.18
0,0.00,0,-418.87
0,0.00,0,-418.42
0,0.00,0,-418.26
0,0.00,0,-418.42
0,0.00,0,-418.72
0,0.00,0,-419.03
0,0.00,0,-419.33
0,0.00,0,-419.63
0,0.00,0,-419.63
0,0.00,0,-419.63
0,0.00,0,-419.63
0,0.00,0,-419.18
0,0.00,0,-419.03
0,0.00,0,-419.03
0,0.00,0,-418.72
0,0.00,0,-418.72
0,0.00,0,-418.57
0,0.00,0,-418.57
0,0.00,0,-418.87
0,0.00,0,-419.03
0,0.00,0,-419.33
0,0.00,0,-419.63
0,0.00,0,-419.63
0,0.00,0,-419.63
0,0.00,0,-419.48
0,0.00,0,-419.18
0,0.00,0,-418.87
0,0.00,0,-418.72
0,0.00,0,-418.57
0,0.00,0,-418.42
0,0.00,0,-418.57
0,0.00,0,-419.03
0,0.00,0,-419.18
0,0.00,0,-419.33
0,0.00,0,-419.48
0,0.00,0,-419.48
0,0.00,0,-419.63
0,0.00,0,-419.33
0,0.00,0,-419.18
0,0.00,0,-419.03
0,0.00,0,-418.87
0,0.00,0,-418.87
0,0.00,0,-418.87
0,0.00,0,-418.87
0,0.00,0,-418.87
0,0.00,0,-418.72
0,0.00,0,-419.03
0,0.00,0,-419.63
0,0.00,0,-419.79
0,0.00,0,-419.63
0,0.00,0,-419.48
0,0.00,0,-419.33
0,0.00,0,-419.33
0,0.00,0,-419.18
0,0.00,0,-418.87
0,0.00,0,-418.87
0,0.00,0,-418.87
0,0.00,0,-418.57
0,0.00,0,-418.42
0,0.00,0,-418.57
0,0.00,0,-419.18
0,0.00,0,-419.33
0,0.00,0,-419.48
0,0.00,0,-419.48
0,0.00,0,-419.48
0,0.00,0,-419.63
0,0.00,0,-419.48
0,0.00,0,-419.18
0,0.00,0,-418.87
0,0.00,0,-418.72
0,0.00,0,-418.72
0,0.00,0,-418.57
0,0.00,0,-418.72
0,0.00,0,-419.03
0,0.00,0,-419.33
0,0.00,0,-419.63
0,0.00,0,-419.63
0,0.00,0,-419.79
0,0.00,0,-419.94
0,0.00,0,-419.63
0,0.00,0,-419.33
0,0.00,0,-419.18
0,0.00,0,-418.87
0,0.00,0,-418.72
0,0.00,0,-418.57
0,0.00,0,-418.57
0,0.00,0,-418.72
0,0.00,0,-419.03
0,0.00,0,-419.33
0,0.00,0,-419.18
0,0.00,0,-419.48
0,0.00,0,-419.94
0,0.00,0,-419.94
0,0.00,0,-419.48
0,0.00,0,-419.18
0,0.00,0,-419.18
0,0.00,0,-419.03
0,0.00,0,-419.18
0,0.00,0,-419.03
0,0.00,0,-418.87
0,0.00,0,-418.72
0,0.00,0,-418.87
0,0.00,0,-419.18
0,0.00,0,-419.18
0,0.00,0,-419.18
0,0.00,0,-419.48
0,0.00,0,-419.63
0,0.00,0,-419.63
0,0.00,0,-419.33
0,0.00,0,-419.03
0,0.00,0,-418.72
0,0.00,0,-418.57
0,0.00,0,-418.26
0,0.00,0,-418.42
0,0.00,0,-418.72
0,0.00,0,-419.03
0,0.00,0,-419.48
0,0.00,0,-419.48
0,0.00,0,-419.48
0,0.00,0,-419.48
0,0.00,0,-419.48
0,0.00,0,-419.18
0,0.00,0,-419.03
0,0.00,0,-418.87
0,0.00,0,-418.72
0,0.00,0,-418.57
0,0.00,0,-418.72
0,0.00,0,-418.87
0,0.00,0,-419.03
0,0.00,0,-419.03
0,0.00,0,-419.33
0,0.00,0,-419.33
0,0.00,0,-419.48
0,0.00,0,-419.48
0,0.00,0,-419.33
0,0.00,0,-419.33
0,0.00,0,-419.03
0,0.00,0,-418.87
0,0.00,0,-418.72
0,0.00,0,-418.87
0,0.00,0,-418.87
0,0.00,0,-418.87
0,0.00,0,-418.87
0,0.00,0,-419.18
0,0.00,0,-419.48
0,0.00,0,-419.33
0,0.00,0,-419.33
0,0.00,0,-419.33
0,0.00,0,-419.18
0,0.00,0,-419.18
0,0.00,0,-418.87
0,0.00,0,-419.03
0,0.00,0,-418.87
0,0.00,0,-418.87
0,0.00,0,-418.87
0,0.00,0,-419.03
0,0.00,0,-419.18
0,0.00,0,-419.33
0,0.00,0,-419.48
0,0.00,0,-419.48
0,0.00,0,-419.33
0,0.00,0,-419.18
0,0.00,0,-419.18
0,0.00,0,-419.03
0,0.00,0,-418.72
0,0.00,0,-418.87
0,0.00,0,-418.87
0,0.00,0,-418.87
0,0.00,0,-418.87
0,0.00,0,-419.03
0,0.00,0,-419.18
0,0.00,0,-419.33
0,0.00,0,-419.48
0,0.00,0,-419.63
0,0.00,0,-419.48
0,0.00,0,-419.33
0,0.00,0,-419.18
0,0.00,0,-419.03
0,0.00,0,-418.72
0,0.00,0,-418.42
0,0.00,0,-418.26
0,0.00,0,-418.57
0,0.00,0,-418.72
0,0.00,0,-419.33
0,0.00,0,-419.48
0,0.00,0,-419.48
0,0.00,0,-419.79
0,0.00,0,-419.79
0,0.00,0,-419.48
0,0.00,0,-419.18
0,0.00,0,-418.87
0,0.00,0,-418.57
0,0.00,0,-418.26
0,0.00,0,-418.42
0,0.00,0,-418.57
0,0.00,0,-418.87
0,0.00,0,-419.18
0,0.00,0,-419.33
0,0.00,0,-419.63
0,0.00,0,-419.79
0,0.00,0,-419.63
0,0.00,0,-419.63
0,0.00,0,-419.48
0,0.00,0,-419.03
0,0.00,0,-418.72
0,0.00,0,-418.57
0,0.00,0,-418.72
0,0.00,0,-418.87
0,0.00,0,-418.87
0,0.00,0,-418.72
0,0.00,0,-419.03
0,0.00,0,-419.33
0,0.00,0,-419.33
0,0.00,0,-419.48
0,0.00,0,-419.48
0,0.00,0,-419.33
0,0.00,0,-419.03
0,0.00,0,-419.18
0,0.00,0,-418.87
0,0.00,0,-418.57
0,0.00,0,-418.72
0,0.00,0,-418.72
0,0.00,0,-418.87
0,0.00,0,-419.18
0,0.00,0,-419.18
0,0.00,0,-419.18
0,0.00,0,-419.48
0,0.00,0,-419.33
0,0.00,0,-419.48
0,0.00,0,-419.33
0,0.00,0,-419.48
0,0.00,0,-419.18
0,0.00,0,-419.03
0,0.00,0,-419.03
0,0.00,0,-418.87
0,0.00,0,-418.72
0,0.00,0,-418.87
0,0.00,0,-419.03
0,0.00,0,-418.87
0,0.00,0,-418.87
0,0.00,0,-419.18
0,0.00,0,-419.33
0,0.00,0,-419.63
0,0.00,0,-419.48
0,0.00,0,-419.33
0,0.00,0,-419.18
0,0.00,0,-419.03
0,0.00,0,-418.87
0,0.00,0,-418.72
0,0.00,0,-418.87
0,0.00,0,-419.03
0,0.00,0,-419.03
0,0.00,0,-419.03
0,0.00,0,-419.18
0,0.00,0,-419.18
0,0.00,0,-419.18
0,0.00,0,-419.18
0,0.00,0,-418.87
0,0.00,0,-419.03
0,0.00,0,-419.03
0,0.00,0,-419.03
0,0.00,0,-418.72
0,0.00,0,-418.87
0,0.00,0,-419.03
0,0.00,0,-419.18
0,0.00,0,-419.33
0,0.00,0,-419.18
0,0.00,0,-419.18
0,0.00,0,-419.33
0,0.00,0,-419.18
0,0.00,0,-419.03
0,0.00,0,-418.87
0,0.00,0,-418.72
0,0.00,0,-418.87
0,0.00,0,-418.87
0,0.00,0,-418.87
0,0.00,0,-419.03
0,0.00,0,-419.18
0,0.00,0,-419.18
0,0.00,0,-419.18
0,0.00,0,-419.33
0,0.00,0,-419.48
0,0.00,0,-419.33
0,0.00,0,-419.18
0,0.00,0,-419.18
0,0.00,0,-418.87
0,0.00,0,-418.87
0,0.00,0,-418.72
0,0.00,0,-418.72
0,0.00,0,-418.87
0,0.00,0,-419.03
0,0.00,0,-419.18
0,0.00,0,-419.18
0,0.00,0,-419.33
0,0.00,0,-419.48
0,0.00,0,-419.63
0,0.00,0,-419.48
0,0.00,0,-419.33
0,0.00,0,-419.18
0,0.00,0,-418.87
0,0.00,0,-418.72
0,0.00,0,-418.72
0,0.00,0,-418.87
0,0.00,0,-418.87
0,0.00,0,-418.87
0,0.00,0,-419.18
0,0.00,0,-419.18
0,0.00,0,-419.33
0,0.00,0,-419.33
0,0.00,0,-419.33
0,0.00,0,-419.33
0,0.00,0,-419.33
0,0.00,0,-419.33
0,0.00,0,-419.18
0,0.00,0,-418.72
0,0.00,0,-418.42
0,0.00,0,-418.42
0,0.00,0,-418.87
0,0.00,0,-419.18
0,0.00,0,-419.18
0,0.00,0,-419.33
0,0.00,0,-419.48
0,0.00,0,-419.33
0,0.00,0,-419.48
0,0.00,0,-419.48
0,0.00,0,-419.33
0,0.00,0,-419.03
0,0.00,0,-419.18
0,0.00,0,-419.03
0,0.00,0,-418.87
0,0.00,0,-418.72
0,0.00,0,-418.72
0,0.00,0,-418.87
