0,0.00,0,-418.42
0,0.00,0,-418.26
0,0.00,0,-418.26
0,0.00,0,-418.42
0,0.00,0,-418.11
0,0.00,0,-417.96
0,0.00,0,-417.81
0,0.00,0,-417.96
0,0.00,0,-418.11
0,0.00,0,-418.42
0,0.00,0,-418.72
0,0.00,0,-418.72
0,0.00,0,-418.87
0,0.00,0,-418.57
0,0.00,0,-418.42
0,0.00,0,-418.11
0,0.00,0,-417.81
0,0.00,0,-417.81
0,0.00,0,-417.96
0,0.00,0,-418.11
0,0.00,0,-418.11
0,0.00,0,-418.26
0,0.00,0,-418.72
0,0.00,0,-418.87
0,0.00,0,-419.18
0,0.00,0,-418.87
0,0.00,0,-418.72
0,0.00,0,-418.26
0,0.00,0,-417.66
0,0.00,0,-417.50
0,0.00,0,-417.81
0,0.00,0,-418.26
0,0.00,0,-418.26
0,0.00,0,-418.57
0,0.00,0,-418.57
0,0.00,0,-418.87
0,0.00,0,-419.03
0,0.00,0,-419.03
0,0.00,0,-418.72
0,0.00,0,-418.72
0,0.00,0,-418.42
0,0.00,0,-418.26
0,0.00,0,-418.11
0,0.00,0,-417.81
0,0.00,0,-417.81
0,0.00,0,-417.81
0,0.00,0,-417.96
0,0.00,0,-418.42
0,0.00,0,-419.03
0,0.00,0,-419.33
0,0.00,0,-419.03
0,0.00,0,-418.87
0,0.00,0,-418.72
0,0.00,0,-418.26
0,0.00,0,-417.96
0,0.00,0,-417.66
0,0.00,0,-417.50
0,0.00,0,-417.66
0,0.00,0,-417.81
0,0.00,0,-417.96
0,0.00,0,-418.42
0,0.00,0,-418.87
0,0.00,0,-419.03
0,0.00,0,-419.03
0,0.00,0,-418.87
0,0.00,0,-419.03
0,0.00,0,-418.87
0,0.00,0,-418.57
0,0.00,0,-417.81
0,0.00,0,-417.20
0,0.00,0,-417.20
0,0.00,0,-417.35
0,0.00,0,-417.81
0,0.00,0,-418.26
0,0.00,0,-418.72
0,0.00,0,-419.18
0,0.00,0,-419.18
0,0.00,0,-419.18
0,0.00,0,-419.03
0,0.00,0,-419.03
0,0.00,0,-418.72
0,0.00,0,-418.11
0,0.00,0,-417.66
0,0.00,0,-417.66
0,0.00,0,-417.81
0,0.00,0,-417.66
0,0.00,0,-417.81
0,0.00,0,-418.26
0,0.00,0,-418.72
0,0.00,0,-419.03
0,0.00,0,-419.03
0,0.00,0,-419.03
0,0.00,0,-418.72
0,0.00,0,-418.72
0,0.00,0,-418.57
0,0.00,0,-418.11
0,0.00,0,-417.96
0,0.00,0,-417.96
0,0.00,0,-417.96
0,0.00,0,-417.96
0,0.00,0,-418.26
0,0.00,0,-418.72
0,0.00,0,-419.18
0,0.00,0,-419.18
0,0.00,0,-418.72
0,0.00,0,-418.87
0,0.00,0,-418.72
0,0.00,0,-418.42
0,0.00,0,-418.11
0,0.00,0,-417.96
0,0.00,0,-417.81
0,0.00,0,-417.96
0,0.00,0,-417.81
0,0.00,0,-417.66
0,0.00,0,-418.11
0,0.00,0,-418.72
0,0.00,0,-418.87
0,0.00,0,-419.03
0,0.00,0,-419.03
0,0.00,0,-418.87
0,0.00,0,-418.11
0,0.00,0,-417.81
0,0.00,0,-417.66
0,0.00,0,-417.66
0,0.00,0,-417.96
0,0.00,0,-418.11
0,0.00,0,-418.11
0,0.00,0,-418.42
0,0.00,0,-418.87
0,0.00,0,-418.87
0,0.00,0,-419.03
0,0.00,0,-419.03
0,0.00,0,-419.03
0,0.00,0,-419.03
0,0.00,0,-418.26
0,0.00,0,-417.66
0,0.00,0,-417.35
0,0.00,0,-417.20
0,0.00,0,-417.35
0,0.00,0,-417.66
0,0.00,0,-418.26
0,0.00,0,-419.18
0,0.00,0,-419.94
0,0.00,0,-419.94
0,0.00,0,-419.63
0,0.00,0,-419.18
0,0.00,0,-418.72
0,0.00,0,-418.26
0,0.00,0,-417.81
0,0.00,0,-417.66
0,0.00,0,-417.50
0,0.00,0,-417.50
0,0.00,0,-417.81
0,0.00,0,-418.26
0,0.00,0,-418.87
0,0.00,0,-419.33
0,0.00,0,-419.18
0,0.00,0,-419.03
0,0.00,0,-418.87
0,0.00,0,-418.87
0,0.00,0,-418.57
0,0.00,0,-417.96
0,0.00,0,-417.50
0,0.00,0,-417.35
0,0.00,0,-417.50
0,0.00,0,-417.81
0,0.00,0,-418.11
0,0.00,0,-418.87
0,0.00,0,-419.33
0,0.00,0,-419.18
0,0.00,0,-419.03
0,0.00,0,-418.87
0,0.00,0,-418.72
0,0.00,0,-418.42
0,0.00,0,-418.11
0,0.00,0,-417.81
0,0.00,0,-417.66
0,0.00,0,-417.50
0,0.00,0,-417.35
0,0.00,0,-417.66
0,0.00,0,-418.11
0,0.00,0,-419.03
0,0.00,0,-419.79
0,0.00,0,-419.63
0,0.00,0,-419.33
0,0.00,0,-418.72
0,0.00,0,-418.42
0,0.00,0,-417.96
0,0.00,0,-417.66
0,0.00,0,-417.66
0,0.00,0,-417.66
0,0.00,0,-417.81
0,0.00,0,-417.96
0,0.00,0,-418.11
0,0.00,0,-418.42
0,0.00,0,-419.03
0,0.00,0,-419.48
0,0.00,0,-419.48
0,0.00,0,-419.33
0,0.00,0,-418.87
0,0.00,0,-418.42
0,0.00,0,-417.96
0,0.00,0,-417.81
0,0.00,0,-417.81
0,0.00,0,-417.66
0,0.00,0,-417.66
0,0.00,0,-417.66
0,0.00,0,-418.11
0,0.00,0,-418.72
0,0.00,0,-419.33
0,0.00,0,-419.33
0,0.00,0,-419.33
0,0.00,0,-419.03
0,0.00,0,-419.03
0,0.00,0,-418.72
0,0.00,0,-418.26
0,0.00,0,-417.66
0,0.00,0,-417.20
0,0.00,0,-417.20
0,0.00,0,-417.35
0,0.00,0,-417.81
0,0.00,0,-418.57
0,0.00,0,-419.18
0,0.00,0,-419.33
0,0.00,0,-419.18
0,0.00,0,-419.03
0,0.00,0,-419.03
0,0.00,0,-418.72
0,0.00,0,-418.26
0,0.00,0,-417.66
0,0.00,0,-417.66
0,0.00,0,-417.35
0,0.00,0,-417.50
0,0.00,0,-417.50
0,0.00,0,-417.96
0,0.00,0,-418.72
0,0.00,0,-419.03
0,0.00,0,-419.33
0,0.00,0,-419.33
0,0.00,0,-419.33
0,0.00,0,-418.87
0,0.00,0,-418.26
0,0.00,0,-417.66
0,0.00,0,-417.35
0,0.00,0,-417.50
0,0.00,0,-417.66
0,0.00,0,-417.81
0,0.00,0,-418.26
0,0.00,0,-418.87
0,0.00,0,-419.03
0,0.00,0,-419.48
0,0.00,0,-419.48
0,0.00,0,-419.18
0,0.00,0,-418.87
0,0.00,0,-418.11
0,0.00,0,-417.66
0,0.00,0,-417.20
0,0.00,0,-416.89
0,0.00,0,-417.35
0,0.00,0,-417.66
0,0.00,0,-418.26
0,0.00,0,-419.03
0,0.00,0,-419.63
0,0.00,0,-419.79
0,0.00,0,-419.48
0,0.00,0,-419.18
0,0.00,0,-418.87
0,0.00,0,-418.57
0,0.00,0,-417.81
0,0.00,0,-417.35
0,0.00,0,-417.20
0,0.00,0,-417.05
0,0.00,0,-417.20
0,0.00,0,-417.66
0,0.00,0,-418.42
0,0.00,0,-419.03
0,0.00,0,-419.79
0,0.00,0,-419.94
0,0.00,0,-419.63
0,0.00,0,-419.33
0,0.00,0,-418.57
0,0.00,0,-418.11
0,0.00,0,-417.66
0,0.00,0,-417.50
0,0.00,0,-417.35
0,0.00,0,-417.50
0,0.00,0,-417.66
0,0.00,0,-417.66
0,0.00,0,-418.11
0,0.00,0,-418.87
0,0.00,0,-419.63
0,0.00,0,-419.79
0,0.00,0,-419.79
0,0.00,0,-419.63
0,0.00,0,-418.87
0,0.00,0,-417.81
0,0.00,0,-417.20
0,0.00,0,-417.05
0,0.00,0,-416.89
0,0.00,0,-417.35
0,0.00,0,-417.81
0,0.00,0,-418.42
0,0.00,0,-418.87
0,0.00,0,-419.33
0,0.00,0,-419.79
0,0.00,0,-419.79
0,0.00,0,-419.63
0,0.00,0,-419.18
0,0.00,0,-418.26
0,0.00,0,-417.66
0,0.00,0,-417.05
0,0.00,0,-417.05
0,0.00,0,-417.05
0,0.00,0,-417.20
0,0.00,0,-417.96
0,0.00,0,-418.72
0,0.00,0,-419.48
0,0.00,0,-419.63
0,0.00,0,-419.63
0,0.00,0,-419.33
0,0.00,0,-419.18
0,0.00,0,-418.72
0,0.00,0,-417.96
0,0.00,0,-417.35
0,0.00,0,-417.05
0,0.00,0,-417.20
0,0.00,0,-417.35
0,0.00,0,-418.11
0,0.00,0,-418.57
0,0.00,0,-418.87
0,0.00,0,-419.48
0,0.00,0,-419.63
0,0.00,0,-419.48
0,0.00,0,-419.03
0,0.00,0,-418.72
0,0.00,0,-418.26
0,0.00,0,-417.50
0,0.00,0,-417.05
0,0.00,0,-416.89
0,0.00,0,-417.05
0,0.00,0,-417.50
0,0.00,0,-418.11
0,0.00,0,-418.87
0,0.00,0,-419.48
0,0.00,0,-419.63
0,0.00,0,-419.79
0,0.00,0,-419.63
0,0.00,0,-419.33
0,0.00,0,-418.72
0,0.00,0,-417.81
0,0.00,0,-417.20
0,0.00,0,-416.89
0,0.00,0,-416.89
0,0.00,0,-417.20
0,0.00,0,-417.81
0,0.00,0,-418.87
0,0.00,0,-419.48
0,0.00,0,-419.63
0,0.00,0,-419.48
0,0.00,0,-419.48
0,0.00,0,-419.18
0,0.00,0,-418.57
0,0.00,0,-418.11
0,0.00,0,-417.81
0,0.00,0,-417.66
0,0.00,0,-417.35
0,0.00,0,-417.35
0,0.00,0,-417.50
0,0.00,0,-418.11
0,0.00,0,-418.72
0,0.00,0,-419.33
0,0.00,0,-419.48
0,0.00,0,-419.33
0,0.00,0,-419.03
0,0.00,0,-418.87
0,0.00,0,-418.26
0,0.00,0,-417.66
0,0.00,0,-417.35
0,0.00,0,-417.50
0,0.00,0,-417.50
0,0.00,0,-417.66
0,0.00,0,-417.96
0,0.00,0,-418.57
0,0.00,0,-419.03
0,0.00,0,-419.18
0,0.00,0,-419.18
0,0.00,0,-419.18
0,0.00,0,-419.03
0,0.00,0,-418.87
0,0.00,0,-418.26
0,0.00,0,-417.66
0,0.00,0,-417.05
0,0.00,0,-417.05
0,0.00,0,-417.35
0,0.00,0,-417.66
0,0.00,0,-418.26
0,0.00,0,-419.03
0,0.00,0,-419.33
0,0.00,0,-419.33
0,0.00,0,-419.33
0,0.00,0,-419.18
0,0.00,0,-418.87
0,0.00,0,-418.42
0,0.00,0,-417.81
0,0.00,0,-417.50
0,0.00,0,-417.35
0,0.00,0,-417.35
0,0.00,0,-417.50
0,0.00,0,-418.11
0,0.00,0,-418.72
0,0.00,0,-419.03
0,0.00,0,-419.18
0,0.00,0,-419.33
0,0.00,0,-419.18
0,0.00,0,-419.03
0,0.00,0,-418.57
0,0.00,0,-418.11
0,0.00,0,-417.81
0,0.00,0,-417.66
0,0.00,0,-417.50
0,0.00,0,-417.50
0,0.00,0,-417.81
0,0.00,0,-418.26
0,0.00,0,-418.72
0,0.00,0,-419.33
0,0.00,0,-419.48
0,0.00,0,-419.48
0,0.00,0,-419.18
0,0.00,0,-418.87
0,0.00,0,-418.42
0,0.00,0,-417.81
0,0.00,0,-417.66
0,0.00,0,-417.50
0,0.00,0,-417.35
0,0.00,0,-417.50
0,0.00,0,-417.96
0,0.00,0,-418.57
0,0.00,0,-419.18
0,0.00,0,-419.48
0,0.00,0,-419.63
0,0.00,0,-419.33
0,0.00,0,-419.18
0,0.00,0,-418.42
0,0.00,0,-418.11
0,0.00,0,-417.50
0,0.00,0,-417.20
0,0.00,0,-417.35
0,0.00,0,-417.50
0,0.00,0,-417.96
0,0.00,0,-418.42
0,0.00,0,-419.18
0,0.00,0,-419.63
0,0.00,0,-419.48
0,0.00,0,-419.48
0,0.00,0,-419.18
0,0.00,0,-418.72
0,0.00,0,-417.96
0,0.00,0,-417.50
0,0.00,0,-417.35
0,0.00,0,-417.35
0,0.00,0,-417.35
0,0.00,0,-417.66
0,0.00,0,-418.26
0,0.00,0,-418.87
0,0.00,0,-419.33
0,0.00,0,-419.48
0,0.00,0,-419.33
0,0.00,0,-419.18
0,0.00,0,-418.72
0,0.00,0,-418.26
0,0.00,0,-417.66
0,0.00,0,-417.50
0,0.00,0,-417.20
0,0.00,0,-417.35
0,0.00,0,-417.81
0,0.00,0,-418.26
0,0.00,0,-418.72
0,0.00,0,-419.03
0,0.00,0,-419.33
0,0.00,0,-419.33
0,0.00,0,-419.18
0,0.00,0,-418.87
0,0.00,0,-418.42
0,0.00,0,-418.11
0,0.00,0,-417.81
0,0.00,0,-417.66
0,0.00,0,-417.50
0,0.00,0,-417.50
0,0.00,0,-417.81
0,0.00,0,-418.42
0,0.00,0,-418.72
0,0.00,0,-419.18
0,0.00,0,-419.63
0,0.00,0,-419.63
0,0.00,0,-419.48
0,0.00,0,-419.03
0,0.00,0,-418.57
0,0.00,0,-417.96
0,0.00,0,-417.35
0,0.00,0,-416.89
