0,0.00,0,-355.25
0,0.00,0,-341.10
0,0.00,0,-341.25
0,0.00,0,-361.34
0,0.00,0,-377.63
0,0.00,0,-381.28
0,0.00,0,-380.37
0,0.00,0,-386.91
0,0.00,0,-393.76
0,0.00,0,-381.28
0,0.00,0,-360.88
0,0.00,0,-349.77
0,0.00,0,-359.67
0,0.00,0,-372.30
0,0.00,0,-372.75
0,0.00,0,-370.78
0,0.00,0,-377.32
0,0.00,0,-385.24
0,0.00,0,-380.37
0,0.00,0,-364.69
0,0.00,0,-356.01
0,0.00,0,-357.69
0,0.00,0,-358.30
0,0.00,0,-347.34
0,0.00,0,-341.55
0,0.00,0,-348.25
0,0.00,0,-360.73
0,0.00,0,-364.38
0,0.00,0,-367.73
0,0.00,0,-381.58
0,0.00,0,-402.44
0,0.00,0,-411.26
0,0.00,0,-403.65
0,0.00,0,-391.63
0,0.00,0,-381.28
0,0.00,0,-367.73
0,0.00,0,-348.55
0,0.00,0,-332.57
0,0.00,0,-326.79
0,0.00,0,-329.38
0,0.00,0,-343.53
0,0.00,0,-357.53
0,0.00,0,-371.69
0,0.00,0,-384.78
0,0.00,0,-395.43
0,0.00,0,-399.24
0,0.00,0,-390.87
0,0.00,0,-378.69
0,0.00,0,-370.47
0,0.00,0,-374.28
0,0.00,0,-370.62
0,0.00,0,-357.69
0,0.00,0,-349.47
0,0.00,0,-352.05
0,0.00,0,-356.32
0,0.00,0,-350.08
0,0.00,0,-343.53
0,0.00,0,-349.77
0,0.00,0,-371.23
0,0.00,0,-389.19
0,0.00,0,-395.43
0,0.00,0,-398.17
0,0.00,0,-402.74
0,0.00,0,-399.24
0,0.00,0,-376.56
0,0.00,0,-353.88
0,0.00,0,-339.57
0,0.00,0,-335.92
0,0.00,0,-328.46
0,0.00,0,-322.07
0,0.00,0,-330.14
0,0.00,0,-357.08
0,0.00,0,-386.30
0,0.00,0,-400.91
0,0.00,0,-407.91
0,0.00,0,-412.18
0,0.00,0,-415.53
0,0.00,0,-401.98
0,0.00,0,-369.86
0,0.00,0,-345.51
0,0.00,0,-336.07
0,0.00,0,-343.53
0,0.00,0,-343.84
0,0.00,0,-344.44
0,0.00,0,-352.97
0,0.00,0,-371.23
0,0.00,0,-383.56
0,0.00,0,-381.58
0,0.00,0,-378.08
0,0.00,0,-378.39
0,0.00,0,-383.11
0,0.00,0,-372.91
0,0.00,0,-355.56
0,0.00,0,-345.81
0,0.00,0,-346.27
0,0.00,0,-345.97
0,0.00,0,-342.16
0,0.00,0,-349.92
0,0.00,0,-369.71
0,0.00,0,-394.67
0,0.00,0,-402.59
0,0.00,0,-402.59
0,0.00,0,-401.52
0,0.00,0,-397.11
0,0.00,0,-382.50
0,0.00,0,-357.99
0,0.00,0,-340.79
0,0.00,0,-329.07
0,0.00,0,-332.27
0,0.00,0,-339.12
0,0.00,0,-348.40
0,0.00,0,-359.51
0,0.00,0,-373.67
0,0.00,0,-387.67
0,0.00,0,-391.48
0,0.00,0,-382.50
0,0.00,0,-371.84
0,0.00,0,-373.21
0,0.00,0,-379.30
0,0.00,0,-372.45
0,0.00,0,-357.84
0,0.00,0,-351.14
0,0.00,0,-352.66
0,0.00,0,-349.92
0,0.00,0,-339.27
0,0.00,0,-337.29
0,0.00,0,-349.01
0,0.00,0,-370.32
0,0.00,0,-380.67
0,0.00,0,-386.30
0,0.00,0,-396.65
0,0.00,0,-404.57
0,0.00,0,-393.91
0,0.00,0,-371.69
0,0.00,0,-357.69
0,0.00,0,-350.84
0,0.00,0,-343.53
0,0.00,0,-329.07
0,0.00,0,-331.66
0,0.00,0,-348.55
0,0.00,0,-372.91
0,0.00,0,-386.61
0,0.00,0,-392.24
0,0.00,0,-398.93
0,0.00,0,-404.41
0,0.00,0,-399.39
0,0.00,0,-376.56
0,0.00,0,-354.95
0,0.00,0,-343.84
0,0.00,0,-349.92
0,0.00,0,-354.79
0,0.00,0,-355.40
0,0.00,0,-358.30
0,0.00,0,-367.88
0,0.00,0,-379.30
0,0.00,0,-380.21
0,0.00,0,-373.82
0,0.00,0,-368.49
0,0.00,0,-369.86
0,0.00,0,-368.04
0,0.00,0,-355.56
0,0.00,0,-344.44
0,0.00,0,-350.84
0,0.00,0,-372.45
0,0.00,0,-384.17
0,0.00,0,-383.26
0,0.00,0,-380.67
0,0.00,0,-385.54
0,0.00,0,-387.06
0,0.00,0,-370.32
0,0.00,0,-351.29
0,0.00,0,-345.21
0,0.00,0,-359.21
0,0.00,0,-367.28
0,0.00,0,-368.49
0,0.00,0,-370.62
0,0.00,0,-380.82
0,0.00,0,-385.84
0,0.00,0,-374.73
0,0.00,0,-361.80
0,0.00,0,-354.79
0,0.00,0,-357.08
0,0.00,0,-351.60
0,0.00,0,-339.73
0,0.00,0,-338.51
0,0.00,0,-349.01
0,0.00,0,-360.43
0,0.00,0,-359.67
0,0.00,0,-364.23
0,0.00,0,-381.43
0,0.00,0,-405.02
0,0.00,0,-412.79
0,0.00,0,-404.11
0,0.00,0,-393.00
0,0.00,0,-384.47
0,0.00,0,-371.69
0,0.00,0,-347.95
0,0.00,0,-332.27
0,0.00,0,-326.03
0,0.00,0,-328.01
0,0.00,0,-335.62
0,0.00,0,-346.27
0,0.00,0,-364.23
0,0.00,0,-383.56
0,0.00,0,-396.04
0,0.00,0,-397.87
0,0.00,0,-394.67
0,0.00,0,-392.54
0,0.00,0,-389.19
0,0.00,0,-383.41
0,0.00,0,-367.28
0,0.00,0,-350.84
0,0.00,0,-338.97
0,0.00,0,-336.38
0,0.00,0,-336.53
0,0.00,0,-338.05
0,0.00,0,-346.42
0,0.00,0,-362.40
0,0.00,0,-380.21
0,0.00,0,-384.78
0,0.00,0,-381.74
0,0.00,0,-381.28
0,0.00,0,-390.41
0,0.00,0,-392.69
0,0.00,0,-379.76
0,0.00,0,-363.01
0,0.00,0,-353.42
0,0.00,0,-352.66
0,0.00,0,-348.10
0,0.00,0,-342.01
0,0.00,0,-345.05
0,0.00,0,-360.12
0,0.00,0,-370.62
0,0.00,0,-367.73
0,0.00,0,-364.99
0,0.00,0,-370.78
0,0.00,0,-381.43
0,0.00,0,-383.71
0,0.00,0,-379.76
0,0.00,0,-377.17
0,0.00,0,-376.41
0,0.00,0,-368.04
0,0.00,0,-351.45
0,0.00,0,-340.64
0,0.00,0,-339.57
0,0.00,0,-352.82
0,0.00,0,-363.62
0,0.00,0,-370.32
0,0.00,0,-375.49
0,0.00,0,-383.41
0,0.00,0,-390.26
0,0.00,0,-383.87
0,0.00,0,-368.19
0,0.00,0,-358.30
0,0.00,0,-367.28
0,0.00,0,-375.19
0,0.00,0,-369.41
0,0.00,0,-360.27
0,0.00,0,-361.64
0,0.00,0,-368.65
0,0.00,0,-364.08
0,0.00,0,-349.92
0,0.00,0,-346.58
0,0.00,0,-359.06
0,0.00,0,-378.69
0,0.00,0,-384.47
0,0.00,0,-386.76
0,0.00,0,-393.15
0,0.00,0,-396.04
0,0.00,0,-381.13
0,0.00,0,-359.51
0,0.00,0,-346.88
0,0.00,0,-342.92
0,0.00,0,-337.75
0,0.00,0,-328.01
0,0.00,0,-330.14
0,0.00,0,-343.68
0,0.00,0,-363.32
0,0.00,0,-381.74
0,0.00,0,-395.43
0,0.00,0,-407.46
0,0.00,0,-410.35
0,0.00,0,-402.44
0,0.00,0,-381.89
0,0.00,0,-359.97
0,0.00,0,-345.66
0,0.00,0,-343.53
0,0.00,0,-342.16
0,0.00,0,-338.05
0,0.00,0,-339.12
0,0.00,0,-349.62
0,0.00,0,-366.21
0,0.00,0,-376.26
0,0.00,0,-378.84
0,0.00,0,-383.56
0,0.00,0,-393.00
0,0.00,0,-396.19
0,0.00,0,-385.84
0,0.00,0,-373.82
0,0.00,0,-368.49
0,0.00,0,-363.47
0,0.00,0,-348.55
0,0.00,0,-334.55
0,0.00,0,-334.25
0,0.00,0,-346.42
0,0.00,0,-364.84
0,0.00,0,-375.34
0,0.00,0,-384.63
0,0.00,0,-393.61
0,0.00,0,-398.02
0,0.00,0,-390.26
0,0.00,0,-374.12
0,0.00,0,-359.06
0,0.00,0,-350.99
0,0.00,0,-349.47
0,0.00,0,-347.34
0,0.00,0,-351.90
0,0.00,0,-362.40
0,0.00,0,-376.41
0,0.00,0,-379.30
0,0.00,0,-374.89
0,0.00,0,-372.15
0,0.00,0,-372.75
0,0.00,0,-376.86
0,0.00,0,-375.19
0,0.00,0,-372.75
0,0.00,0,-368.95
0,0.00,0,-368.65
0,0.00,0,-363.32
0,0.00,0,-352.82
0,0.00,0,-345.36
0,0.00,0,-348.40
0,0.00,0,-362.86
0,0.00,0,-371.54
0,0.00,0,-372.15
0,0.00,0,-372.91
0,0.00,0,-380.21
0,0.00,0,-384.32
0,0.00,0,-375.49
0,0.00,0,-364.54
0,0.00,0,-361.34
0,0.00,0,-366.97
0,0.00,0,-364.69
0,0.00,0,-357.99
0,0.00,0,-356.77
0,0.00,0,-364.84
0,0.00,0,-368.65
0,0.00,0,-361.34
0,0.00,0,-355.56
0,0.00,0,-356.62
0,0.00,0,-365.91
0,0.00,0,-371.84
0,0.00,0,-374.28
0,0.00,0,-377.17
0,0.00,0,-382.80
0,0.00,0,-381.58
0,0.00,0,-368.80
0,0.00,0,-356.01
0,0.00,0,-348.86
0,0.00,0,-356.47
0,0.00,0,-363.17
0,0.00,0,-364.08
0,0.00,0,-362.56
0,0.00,0,-366.36
0,0.00,0,-374.12
0,0.00,0,-372.91
0,0.00,0,-363.17
0,0.00,0,-358.60
0,0.00,0,-370.47
0,0.00,0,-384.02
0,0.00,0,-380.67
0,0.00,0,-371.08
0,0.00,0,-369.41
0,0.00,0,-372.91
0,0.00,0,-363.93
0,0.00,0,-346.42
0,0.00,0,-341.40
0,0.00,0,-349.47
0,0.00,0,-364.08
0,0.00,0,-368.95
0,0.00,0,-375.80
0,0.00,0,-387.82
0,0.00,0,-395.74
0,0.00,0,-387.67
0,0.00,0,-370.93
0,0.00,0,-361.80
0,0.00,0,-356.93
0,0.00,0,-350.38
0,0.00,0,-336.99
0,0.00,0,-336.83
0,0.00,0,-352.51
0,0.00,0,-373.21
0,0.00,0,-384.32
0,0.00,0,-384.63
0,0.00,0,-388.43
0,0.00,0,-392.69
0,0.00,0,-391.32
0,0.00,0,-377.02
0,0.00,0,-363.01
0,0.00,0,-356.93
0,0.00,0,-358.90
0,0.00,0,-357.69
0,0.00,0,-352.05
0,0.00,0,-352.66
0,0.00,0,-358.60
0,0.00,0,-366.97
0,0.00,0,-366.82
0,0.00,0,-363.93
0,0.00,0,-366.06
0,0.00,0,-379.15
0,0.00,0,-389.19
0,0.00,0,-385.69
0,0.00,0,-375.49
0,0.00,0,-368.80
0,0.00,0,-369.71
0,0.00,0,-364.99
0,0.00,0,-353.58
0,0.00,0,-348.86
0,0.00,0,-355.10
0,0.00,0,-359.82
0,0.00,0,-353.58
0,0.00,0,-349.62
0,0.00,0,-357.08
0,0.00,0,-379.00
0,0.00,0,-390.56
0,0.00,0,-391.93
0,0.00,0,-388.89
0,0.00,0,-388.89
0,0.00,0,-385.08
0,0.00,0,-365.91
0,0.00,0,-344.90
0,0.00,0,-333.49
0,0.00,0,-337.90
0,0.00,0,-346.88
0,0.00,0,-353.58
0,0.00,0,-363.62
0,0.00,0,-380.97
0,0.00,0,-393.61
0,0.00,0,-390.72
0,0.00,0,-381.43
0,0.00,0,-373.52
0,0.00,0,-369.25
0,0.00,0,-363.32
0,0.00,0,-354.19
0,0.00,0,-351.90
0,0.00,0,-355.40
0,0.00,0,-361.19
0,0.00,0,-357.84
0,0.00,0,-354.95
0,0.00,0,-360.88
0,0.00,0,-374.43
0,0.00,0,-384.93
0,0.00,0,-382.04
0,0.00,0,-375.80
0,0.00,0,-371.39
0,0.00,0,-373.36
0,0.00,0,-370.93
0,0.00,0,-362.40
0,0.00,0,-356.93
0,0.00,0,-357.08
0,0.00,0,-358.75
0,0.00,0,-352.05
0,0.00,0,-346.12
0,0.00,0,-347.79
0,0.00,0,-365.30
0,0.00,0,-382.80
0,0.00,0,-387.67
0,0.00,0,-386.91
0,0.00,0,-388.13
0,0.00,0,-389.80
0,0.00,0,-376.86
0,0.00,0,-354.03
0,0.00,0,-341.86
0,0.00,0,-350.08
0,0.00,0,-361.04
0,0.00,0,-360.43
0,0.00,0,-359.06
0,0.00,0,-367.88
0,0.00,0,-380.52
0,0.00,0,-377.78
0,0.00,0,-364.69
0,0.00,0,-359.36
0,0.00,0,-364.84
0,0.00,0,-365.91
0,0.00,0,-356.01
0,0.00,0,-353.58
0,0.00,0,-364.08
0,0.00,0,-380.82
0,0.00,0,-383.11
0,0.00,0,-380.52
0,0.00,0,-383.56
0,0.00,0,-386.30
0,0.00,0,-377.63
0,0.00,0,-359.06
0,0.00,0,-347.18
0,0.00,0,-341.86
0,0.00,0,-341.70
0,0.00,0,-339.88
0,0.00,0,-346.12
0,0.00,0,-360.12
