0,0.00,0,-425.42
0,0.00,0,-425.27
0,0.00,0,-425.42
0,0.00,0,-425.27
0,0.00,0,-425.27
0,0.00,0,-425.11
0,0.00,0,-425.11
0,0.00,0,-425.27
0,0.00,0,-425.27
0,0.00,0,-425.11
0,0.00,0,-425.11
0,0.00,0,-424.96
0,0.00,0,-425.11
0,0.00,0,-425.42
0,0.00,0,-425.57
0,0.00,0,-425.57
0,0.00,0,-425.57
0,0.00,0,-425.11
0,0.00,0,-424.96
0,0.00,0,-424.81
0,0.00,0,-425.27
0,0.00,0,-425.42
0,0.00,0,-425.11
0,0.00,0,-425.11
0,0.00,0,-424.96
0,0.00,0,-424.96
0,0.00,0,-425.27
0,0.00,0,-425.27
0,0.00,0,-425.57
0,0.00,0,-425.72
0,0.00,0,-425.57
0,0.00,0,-425.27
0,0.00,0,-424.96
0,0.00,0,-424.96
0,0.00,0,-425.11
0,0.00,0,-424.81
0,0.00,0,-424.96
0,0.00,0,-425.11
0,0.00,0,-425.27
0,0.00,0,-425.42
0,0.00,0,-425.42
0,0.00,0,-425.27
0,0.00,0,-425.27
0,0.00,0,-425.27
0,0.00,0,-425.11
0,0.00,0,-425.11
0,0.00,0,-425.42
0,0.00,0,-425.57
0,0.00,0,-425.27
0,0.00,0,-425.11
0,0.00,0,-425.11
0,0.00,0,-425.11
0,0.00,0,-425.11
0,0.00,0,-425.27
0,0.00,0,-425.27
0,0.00,0,-425.11
0,0.00,0,-425.11
0,0.00,0,-425.27
0,0.00,0,-425.42
0,0.00,0,-425.27
0,0.00,0,-425.42
0,0.00,0,-425.27
0,0.00,0,-424.96
0,0.00,0,-424.96
0,0.00,0,-425.27
0,0.00,0,-425.42
0,0.00,0,-425.42
0,0.00,0,-425.11
0,0.00,0,-424.96
0,0.00,0,-425.11
0,0.00,0,-424.96
0,0.00,0,-425.11
0,0.00,0,-425.27
0,0.00,0,-425.27
0,0.00,0,-425.27
0,0.00,0,-425.42
0,0.00,0,-425.57
0,0.00,0,-425.42
0,0.00,0,-425.27
0,0.00,0,-425.27
0,0.00,0,-425.11
0,0.00,0,-425.11
0,0.00,0,-425.27
0,0.00,0,-425.27
0,0.00,0,-425.27
0,0.00,0,-424.96
0,0.00,0,-424.96
0,0.00,0,-424.81
0,0.00,0,-424.81
0,0.00,0,-425.11
0,0.00,0,-425.27
0,0.00,0,-425.27
0,0.00,0,-425.42
0,0.00,0,-425.57
0,0.00,0,-425.42
0,0.00,0,-425.57
0,0.00,0,-425.72
0,0.00,0,-425.42
0,0.00,0,-424.81
0,0.00,0,-424.51
0,0.00,0,-424.51
0,0.00,0,-424.81
0,0.00,0,-425.27
0,0.00,0,-425.42
0,0.00,0,-425.27
0,0.00,0,-425.27
0,0.00,0,-425.11
0,0.00,0,-425.27
0,0.00,0,-425.57
0,0.00,0,-425.57
0,0.00,0,-425.42
0,0.00,0,-425.11
0,0.00,0,-425.11
0,0.00,0,-425.27
0,0.00,0,-425.27
0,0.00,0,-425.11
0,0.00,0,-424.81
0,0.00,0,-424.81
0,0.00,0,-425.11
0,0.00,0,-425.57
0,0.00,0,-425.88
0,0.00,0,-425.88
0,0.00,0,-425.42
0,0.00,0,-425.11
0,0.00,0,-424.96
0,0.00,0,-425.11
0,0.00,0,-425.27
0,0.00,0,-425.11
0,0.00,0,-424.96
0,0.00,0,-424.66
0,0.00,0,-424.81
0,0.00,0,-425.11
0,0.00,0,-425.27
0,0.00,0,-425.42
0,0.00,0,-425.42
0,0.00,0,-425.42
0,0.00,0,-425.27
0,0.00,0,-425.11
0,0.00,0,-424.96
0,0.00,0,-425.27
0,0.00,0,-425.27
0,0.00,0,-425.27
0,0.00,0,-425.27
0,0.00,0,-425.11
0,0.00,0,-424.96
0,0.00,0,-425.11
0,0.00,0,-425.27
0,0.00,0,-425.42
0,0.00,0,-425.72
0,0.00,0,-425.88
0,0.00,0,-425.42
0,0.00,0,-425.11
0,0.00,0,-424.81
0,0.00,0,-424.96
0,0.00,0,-425.27
0,0.00,0,-425.42
0,0.00,0,-424.96
0,0.00,0,-424.81
0,0.00,0,-424.81
0,0.00,0,-425.27
0,0.00,0,-425.57
0,0.00,0,-425.57
0,0.00,0,-425.27
0,0.00,0,-425.42
0,0.00,0,-425.27
0,0.00,0,-425.42
0,0.00,0,-425.11
0,0.00,0,-425.11
0,0.00,0,-424.81
0,0.00,0,-424.81
0,0.00,0,-424.66
0,0.00,0,-425.11
0,0.00,0,-425.27
0,0.00,0,-425.57
0,0.00,0,-425.42
0,0.00,0,-425.27
0,0.00,0,-425.27
0,0.00,0,-425.57
0,0.00,0,-425.88
0,0.00,0,-425.88
0,0.00,0,-425.57
0,0.00,0,-424.96
0,0.00,0,-424.81
0,0.00,0,-424.66
0,0.00,0,-424.96
0,0.00,0,-425.11
0,0.00,0,-425.11
0,0.00,0,-425.11
0,0.00,0,-425.72
0,0.00,0,-425.88
0,0.00,0,-425.88
0,0.00,0,-425.57
0,0.00,0,-425.57
0,0.00,0,-425.42
0,0.00,0,-425.42
0,0.00,0,-425.27
0,0.00,0,-425.27
0,0.00,0,-425.11
0,0.00,0,-424.81
0,0.00,0,-424.51
0,0.00,0,-424.66
0,0.00,0,-425.11
0,0.00,0,-425.42
0,0.00,0,-425.88
0,0.00,0,-425.57
0,0.00,0,-425.57
0,0.00,0,-425.42
0,0.00,0,-425.57
0,0.00,0,-425.72
0,0.00,0,-425.27
0,0.00,0,-424.96
0,0.00,0,-424.66
0,0.00,0,-424.66
0,0.00,0,-424.81
0,0.00,0,-424.96
0,0.00,0,-425.11
0,0.00,0,-425.11
0,0.00,0,-425.11
0,0.00,0,-425.27
0,0.00,0,-425.57
0,0.00,0,-425.72
0,0.00,0,-425.57
0,0.00,0,-425.42
0,0.00,0,-425.11
0,0.00,0,-424.96
0,0.00,0,-424.81
0,0.00,0,-424.96
0,0.00,0,-424.96
0,0.00,0,-425.11
0,0.00,0,-424.81
0,0.00,0,-424.96
0,0.00,0,-425.27
0,0.00,0,-425.72
0,0.00,0,-426.03
0,0.00,0,-425.88
0,0.00,0,-425.72
0,0.00,0,-425.57
0,0.00,0,-425.42
0,0.00,0,-425.27
0,0.00,0,-425.27
0,0.00,0,-424.96
0,0.00,0,-424.81
0,0.00,0,-424.81
0,0.00,0,-425.11
0,0.00,0,-425.27
0,0.00,0,-425.27
0,0.00,0,-425.42
0,0.00,0,-425.42
0,0.00,0,-425.27
0,0.00,0,-425.42
0,0.00,0,-425.57
0,0.00,0,-425.57
0,0.00,0,-425.72
0,0.00,0,-425.27
0,0.00,0,-424.96
0,0.00,0,-424.81
0,0.00,0,-424.81
0,0.00,0,-424.96
0,0.00,0,-424.81
0,0.00,0,-424.66
0,0.00,0,-425.11
0,0.00,0,-425.72
0,0.00,0,-425.72
0,0.00,0,-425.27
0,0.00,0,-425.27
0,0.00,0,-425.42
0,0.00,0,-425.27
0,0.00,0,-425.27
0,0.00,0,-424.96
0,0.00,0,-424.81
0,0.00,0,-424.81
0,0.00,0,-424.81
0,0.00,0,-424.81
0,0.00,0,-424.96
0,0.00,0,-425.11
0,0.00,0,-425.57
0,0.00,0,-425.57
0,0.00,0,-425.42
0,0.00,0,-425.27
0,0.00,0,-425.57
0,0.00,0,-425.57
0,0.00,0,-425.42
0,0.00,0,-425.11
0,0.00,0,-424.96
0,0.00,0,-424.96
0,0.00,0,-425.11
0,0.00,0,-424.96
0,0.00,0,-424.96
0,0.00,0,-425.42
0,0.00,0,-425.72
0,0.00,0,-425.57
0,0.00,0,-425.27
0,0.00,0,-425.27
0,0.00,0,-425.27
0,0.00,0,-425.27
0,0.00,0,-424.96
0,0.00,0,-424.66
0,0.00,0,-424.51
0,0.00,0,-424.66
0,0.00,0,-425.11
0,0.00,0,-425.42
0,0.00,0,-425.57
0,0.00,0,-425.57
0,0.00,0,-425.57
0,0.00,0,-425.72
0,0.00,0,-425.72
0,0.00,0,-425.72
0,0.00,0,-425.57
0,0.00,0,-425.11
0,0.00,0,-424.66
0,0.00,0,-424.66
0,0.00,0,-424.66
0,0.00,0,-424.96
0,0.00,0,-424.81
0,0.00,0,-424.96
0,0.00,0,-425.27
0,0.00,0,-425.42
0,0.00,0,-425.88
0,0.00,0,-426.03
0,0.00,0,-425.72
0,0.00,0,-425.42
0,0.00,0,-424.96
0,0.00,0,-424.81
0,0.00,0,-425.11
0,0.00,0,-425.11
0,0.00,0,-424.96
0,0.00,0,-424.66
0,0.00,0,-424.81
0,0.00,0,-425.11
0,0.00,0,-425.42
0,0.00,0,-425.11
0,0.00,0,-425.11
0,0.00,0,-425.42
0,0.00,0,-425.42
0,0.00,0,-425.27
0,0.00,0,-425.42
0,0.00,0,-425.42
0,0.00,0,-425.27
0,0.00,0,-425.11
0,0.00,0,-424.66
0,0.00,0,-424.51
0,0.00,0,-424.96
0,0.00,0,-425.11
0,0.00,0,-425.11
0,0.00,0,-425.11
0,0.00,0,-425.27
0,0.00,0,-425.57
0,0.00,0,-425.57
0,0.00,0,-425.57
0,0.00,0,-425.27
0,0.00,0,-425.27
0,0.00,0,-425.27
0,0.00,0,-425.11
0,0.00,0,-424.81
0,0.00,0,-424.81
0,0.00,0,-424.96
0,0.00,0,-424.96
0,0.00,0,-424.96
0,0.00,0,-425.27
0,0.00,0,-425.72
0,0.00,0,-425.88
0,0.00,0,-425.72
0,0.00,0,-425.42
0,0.00,0,-425.27
0,0.00,0,-425.11
0,0.00,0,-424.96
0,0.00,0,-424.81
0,0.00,0,-424.96
0,0.00,0,-425.11
0,0.00,0,-425.11
0,0.00,0,-425.11
0,0.00,0,-425.11
0,0.00,0,-425.42
0,0.00,0,-425.57
0,0.00,0,-425.42
0,0.00,0,-425.42
0,0.00,0,-425.42
0,0.00,0,-425.57
0,0.00,0,-425.27
0,0.00,0,-424.96
0,0.00,0,-424.81
0,0.00,0,-425.11
0,0.00,0,-425.42
0,0.00,0,-425.42
0,0.00,0,-425.11
0,0.00,0,-424.96
0,0.00,0,-425.42
0,0.00,0,-425.27
0,0.00,0,-425.42
0,0.00,0,-425.57
0,0.00,0,-425.57
0,0.00,0,-425.57
0,0.00,0,-425.27
0,0.00,0,-424.81
0,0.00,0,-424.96
0,0.00,0,-424.66
0,0.00,0,-424.66
0,0.00,0,-424.81
0,0.00,0,-424.96
0,0.00,0,-425.42
0,0.00,0,-425.57
0,0.00,0,-425.57
0,0.00,0,-425.57
0,0.00,0,-425.57
0,0.00,0,-425.57
0,0.00,0,-425.11
0,0.00,0,-424.96
0,0.00,0,-424.81
0,0.00,0,-424.81
0,0.00,0,-424.81
0,0.00,0,-424.81
0,0.00,0,-424.81
0,0.00,0,-425.11
0,0.00,0,-425.42
0,0.00,0,-425.72
0,0.00,0,-425.57
0,0.00,0,-425.57
0,0.00,0,-425.72
0,0.00,0,-425.88
0,0.00,0,-425.57
0,0.00,0,-425.27
0,0.00,0,-424.96
0,0.00,0,-424.66
0,0.00,0,-424.66
0,0.00,0,-424.66
0,0.00,0,-424.81
0,0.00,0,-425.42
0,0.00,0,-425.57
0,0.00,0,-425.57
0,0.00,0,-425.57
0,0.00,0,-425.72
0,0.00,0,-425.72
0,0.00,0,-425.57
0,0.00,0,-424.96
0,0.00,0,-424.96
0,0.00,0,-424.96
0,0.00,0,-424.96
0,0.00,0,-424.66
0,0.00,0,-424.81
0,0.00,0,-424.96
0,0.00,0,-424.96
0,0.00,0,-425.27
0,0.00,0,-425.42
0,0.00,0,-425.72
0,0.00,0,-425.88
0,0.00,0,-425.88
0,0.00,0,-425.57
0,0.00,0,-425.27
0,0.00,0,-424.96
0,0.00,0,-424.81
0,0.00,0,-424.66
0,0.00,0,-424.66
0,0.00,0,-424.81
0,0.00,0,-424.81
0,0.00,0,-425.11
0,0.00,0,-425.27
0,0.00,0,-425.57
0,0.00,0,-425.88
0,0.00,0,-425.88
0,0.00,0,-425.42
0,0.00,0,-425.42
0,0.00,0,-425.57
0,0.00,0,-425.57
0,0.00,0,-425.11
0,0.00,0,-424.81
0,0.00,0,-424.96
0,0.00,0,-425.11
0,0.00,0,-425.11
0,0.00,0,-425.11
0,0.00,0,-424.96
0,0.00,0,-424.96
0,0.00,0,-425.42
0,0.00,0,-425.57
0,0.00,0,-425.57
0,0.00,0,-425.88
0,0.00,0,-425.88
0,0.00,0,-425.57
0,0.00,0,-424.96
0,0.00,0,-424.81
0,0.00,0,-424.81
0,0.00,0,-424.96
0,0.00,0,-424.96
0,0.00,0,-424.96
0,0.00,0,-425.11
0,0.00,0,-425.27
0,0.00,0,-425.27
0,0.00,0,-425.57
0,0.00,0,-425.57
0,0.00,0,-425.57
0,0.00,0,-425.57
0,0.00,0,-425.42
0,0.00,0,-425.42
0,0.00,0,-424.96
0,0.00,0,-424.66
0,0.00,0,-424.81
0,0.00,0,-424.96
0,0.00,0,-425.27
0,0.00,0,-425.42
0,0.00,0,-425.42
0,0.00,0,-425.27
