0,0.00,0,-368.65
0,0.00,0,-365.60
0,0.00,0,-366.51
0,0.00,0,-370.32
0,0.00,0,-373.67
0,0.00,0,-371.99
0,0.00,0,-367.43
0,0.00,0,-366.06
0,0.00,0,-368.65
0,0.00,0,-372.75
0,0.00,0,-372.60
0,0.00,0,-366.82
0,0.00,0,-363.47
0,0.00,0,-364.84
0,0.00,0,-368.80
0,0.00,0,-371.54
0,0.00,0,-368.34
0,0.00,0,-364.99
0,0.00,0,-364.99
0,0.00,0,-368.80
0,0.00,0,-372.75
0,0.00,0,-372.60
0,0.00,0,-368.34
0,0.00,0,-365.30
0,0.00,0,-367.88
0,0.00,0,-371.39
0,0.00,0,-372.75
0,0.00,0,-368.65
0,0.00,0,-363.93
0,0.00,0,-364.08
0,0.00,0,-366.36
0,0.00,0,-369.71
0,0.00,0,-367.58
0,0.00,0,-363.17
0,0.00,0,-361.80
0,0.00,0,-364.69
0,0.00,0,-369.71
0,0.00,0,-371.08
0,0.00,0,-367.12
0,0.00,0,-364.99
0,0.00,0,-366.36
0,0.00,0,-370.78
0,0.00,0,-373.82
0,0.00,0,-371.54
0,0.00,0,-367.12
0,0.00,0,-365.91
0,0.00,0,-368.04
0,0.00,0,-370.93
0,0.00,0,-370.17
0,0.00,0,-364.84
0,0.00,0,-362.10
0,0.00,0,-363.93
0,0.00,0,-367.88
0,0.00,0,-370.32
0,0.00,0,-367.43
0,0.00,0,-364.38
0,0.00,0,-365.45
0,0.00,0,-369.71
0,0.00,0,-373.97
0,0.00,0,-373.52
0,0.00,0,-369.56
0,0.00,0,-368.65
0,0.00,0,-370.78
0,0.00,0,-374.89
0,0.00,0,-375.04
0,0.00,0,-369.56
0,0.00,0,-364.99
0,0.00,0,-364.84
0,0.00,0,-367.58
0,0.00,0,-369.41
0,0.00,0,-366.36
0,0.00,0,-362.10
0,0.00,0,-361.49
0,0.00,0,-364.84
0,0.00,0,-368.95
0,0.00,0,-369.71
0,0.00,0,-365.45
0,0.00,0,-363.93
0,0.00,0,-366.67
0,0.00,0,-371.39
0,0.00,0,-374.43
0,0.00,0,-370.78
0,0.00,0,-367.28
0,0.00,0,-366.67
0,0.00,0,-369.71
0,0.00,0,-372.45
0,0.00,0,-370.32
0,0.00,0,-364.84
0,0.00,0,-362.56
0,0.00,0,-364.38
0,0.00,0,-367.88
0,0.00,0,-368.95
0,0.00,0,-364.99
0,0.00,0,-361.95
0,0.00,0,-363.32
0,0.00,0,-367.88
0,0.00,0,-371.84
0,0.00,0,-370.02
0,0.00,0,-366.67
0,0.00,0,-366.67
0,0.00,0,-370.32
0,0.00,0,-374.28
0,0.00,0,-373.97
0,0.00,0,-369.25
0,0.00,0,-366.51
0,0.00,0,-367.88
0,0.00,0,-370.47
0,0.00,0,-372.15
0,0.00,0,-368.49
0,0.00,0,-364.23
0,0.00,0,-364.08
0,0.00,0,-366.82
0,0.00,0,-370.93
0,0.00,0,-369.56
0,0.00,0,-365.45
0,0.00,0,-364.54
0,0.00,0,-367.73
0,0.00,0,-372.75
0,0.00,0,-373.82
0,0.00,0,-369.71
0,0.00,0,-365.91
0,0.00,0,-367.12
0,0.00,0,-370.47
0,0.00,0,-372.60
0,0.00,0,-369.56
0,0.00,0,-364.69
0,0.00,0,-363.47
0,0.00,0,-365.30
0,0.00,0,-368.65
0,0.00,0,-368.65
0,0.00,0,-364.23
0,0.00,0,-361.80
0,0.00,0,-364.08
0,0.00,0,-369.25
0,0.00,0,-372.30
0,0.00,0,-369.71
0,0.00,0,-366.51
0,0.00,0,-367.43
0,0.00,0,-371.08
0,0.00,0,-374.89
0,0.00,0,-373.82
0,0.00,0,-368.80
0,0.00,0,-366.97
0,0.00,0,-368.49
0,0.00,0,-371.99
0,0.00,0,-372.45
0,0.00,0,-366.97
0,0.00,0,-363.17
0,0.00,0,-363.47
0,0.00,0,-367.43
0,0.00,0,-370.78
0,0.00,0,-368.65
0,0.00,0,-364.54
0,0.00,0,-364.38
0,0.00,0,-368.80
0,0.00,0,-372.91
0,0.00,0,-373.97
0,0.00,0,-369.71
0,0.00,0,-367.43
0,0.00,0,-368.80
0,0.00,0,-372.30
0,0.00,0,-374.43
0,0.00,0,-370.62
0,0.00,0,-366.06
0,0.00,0,-364.69
0,0.00,0,-367.28
0,0.00,0,-370.47
0,0.00,0,-369.41
0,0.00,0,-364.38
0,0.00,0,-362.10
0,0.00,0,-364.38
0,0.00,0,-368.49
0,0.00,0,-370.32
0,0.00,0,-366.97
0,0.00,0,-364.23
0,0.00,0,-365.14
0,0.00,0,-368.80
0,0.00,0,-372.75
0,0.00,0,-371.08
0,0.00,0,-366.67
0,0.00,0,-364.84
0,0.00,0,-367.73
0,0.00,0,-371.39
0,0.00,0,-371.54
0,0.00,0,-366.97
0,0.00,0,-364.23
0,0.00,0,-365.60
0,0.00,0,-368.65
0,0.00,0,-370.78
0,0.00,0,-367.73
0,0.00,0,-364.08
0,0.00,0,-364.38
0,0.00,0,-367.73
0,0.00,0,-372.30
0,0.00,0,-371.84
0,0.00,0,-367.88
0,0.00,0,-366.06
0,0.00,0,-368.34
0,0.00,0,-371.99
0,0.00,0,-373.06
0,0.00,0,-368.95
0,0.00,0,-365.14
0,0.00,0,-365.45
0,0.00,0,-368.95
0,0.00,0,-371.84
0,0.00,0,-369.86
0,0.00,0,-365.14
0,0.00,0,-364.54
0,0.00,0,-367.12
0,0.00,0,-371.08
0,0.00,0,-371.84
0,0.00,0,-367.88
0,0.00,0,-365.30
0,0.00,0,-366.97
0,0.00,0,-371.23
0,0.00,0,-373.97
0,0.00,0,-370.47
0,0.00,0,-366.36
0,0.00,0,-365.75
0,0.00,0,-368.34
0,0.00,0,-371.23
0,0.00,0,-369.86
0,0.00,0,-364.99
0,0.00,0,-362.40
0,0.00,0,-364.08
0,0.00,0,-367.88
0,0.00,0,-369.86
0,0.00,0,-365.75
0,0.00,0,-362.40
0,0.00,0,-363.32
0,0.00,0,-367.88
0,0.00,0,-371.84
0,0.00,0,-370.93
0,0.00,0,-366.67
0,0.00,0,-366.06
0,0.00,0,-368.80
0,0.00,0,-372.60
0,0.00,0,-372.75
0,0.00,0,-368.19
0,0.00,0,-365.30
0,0.00,0,-366.21
0,0.00,0,-369.71
0,0.00,0,-372.30
0,0.00,0,-368.65
0,0.00,0,-364.23
0,0.00,0,-363.62
0,0.00,0,-367.43
0,0.00,0,-371.69
0,0.00,0,-371.69
0,0.00,0,-367.58
0,0.00,0,-366.36
0,0.00,0,-368.80
0,0.00,0,-372.75
0,0.00,0,-374.73
0,0.00,0,-371.23
0,0.00,0,-367.73
0,0.00,0,-367.58
0,0.00,0,-370.93
0,0.00,0,-374.58
0,0.00,0,-373.21
0,0.00,0,-368.49
0,0.00,0,-366.51
0,0.00,0,-368.65
0,0.00,0,-371.54
0,0.00,0,-372.30
0,0.00,0,-367.88
0,0.00,0,-364.84
0,0.00,0,-365.60
0,0.00,0,-369.56
0,0.00,0,-372.75
0,0.00,0,-369.86
0,0.00,0,-366.06
0,0.00,0,-365.14
0,0.00,0,-367.73
0,0.00,0,-371.23
0,0.00,0,-370.93
0,0.00,0,-366.51
0,0.00,0,-364.23
0,0.00,0,-365.60
0,0.00,0,-369.10
0,0.00,0,-370.93
0,0.00,0,-367.28
0,0.00,0,-363.47
0,0.00,0,-363.93
0,0.00,0,-368.04
0,0.00,0,-371.84
0,0.00,0,-370.78
0,0.00,0,-366.97
0,0.00,0,-366.21
0,0.00,0,-368.95
0,0.00,0,-371.99
0,0.00,0,-372.75
0,0.00,0,-368.19
0,0.00,0,-365.14
0,0.00,0,-365.91
0,0.00,0,-369.41
0,0.00,0,-371.99
0,0.00,0,-368.34
0,0.00,0,-363.77
0,0.00,0,-363.62
0,0.00,0,-367.12
0,0.00,0,-370.93
0,0.00,0,-370.32
0,0.00,0,-366.21
0,0.00,0,-364.99
0,0.00,0,-368.04
0,0.00,0,-372.15
0,0.00,0,-373.82
0,0.00,0,-369.86
0,0.00,0,-366.06
0,0.00,0,-366.51
0,0.00,0,-369.71
0,0.00,0,-372.45
0,0.00,0,-370.32
0,0.00,0,-364.69
0,0.00,0,-363.01
0,0.00,0,-365.45
0,0.00,0,-369.41
0,0.00,0,-370.62
0,0.00,0,-365.91
0,0.00,0,-362.86
0,0.00,0,-364.23
0,0.00,0,-368.80
0,0.00,0,-371.84
0,0.00,0,-369.56
0,0.00,0,-365.14
0,0.00,0,-364.69
0,0.00,0,-367.58
0,0.00,0,-371.99
0,0.00,0,-371.54
0,0.00,0,-366.67
0,0.00,0,-364.08
0,0.00,0,-365.30
0,0.00,0,-369.41
0,0.00,0,-370.78
0,0.00,0,-367.12
0,0.00,0,-363.47
0,0.00,0,-363.47
0,0.00,0,-367.43
0,0.00,0,-371.23
0,0.00,0,-370.62
0,0.00,0,-366.06
0,0.00,0,-364.69
0,0.00,0,-367.12
0,0.00,0,-370.93
0,0.00,0,-371.84
0,0.00,0,-367.58
0,0.00,0,-364.69
0,0.00,0,-365.30
0,0.00,0,-368.80
0,0.00,0,-371.69
0,0.00,0,-369.25
0,0.00,0,-365.14
0,0.00,0,-363.47
0,0.00,0,-366.51
0,0.00,0,-370.17
0,0.00,0,-370.78
0,0.00,0,-365.91
0,0.00,0,-363.47
0,0.00,0,-365.30
0,0.00,0,-369.41
0,0.00,0,-371.84
0,0.00,0,-368.19
0,0.00,0,-364.84
0,0.00,0,-365.14
0,0.00,0,-368.34
0,0.00,0,-371.84
0,0.00,0,-370.47
0,0.00,0,-366.21
0,0.00,0,-364.23
0,0.00,0,-366.36
0,0.00,0,-369.56
0,0.00,0,-370.78
0,0.00,0,-366.82
0,0.00,0,-363.62
0,0.00,0,-364.54
0,0.00,0,-368.65
0,0.00,0,-371.84
0,0.00,0,-369.25
0,0.00,0,-365.14
0,0.00,0,-364.69
0,0.00,0,-367.73
0,0.00,0,-371.54
0,0.00,0,-371.08
0,0.00,0,-367.43
0,0.00,0,-365.14
0,0.00,0,-366.82
0,0.00,0,-370.32
0,0.00,0,-371.69
0,0.00,0,-367.58
0,0.00,0,-363.62
0,0.00,0,-363.93
0,0.00,0,-367.28
0,0.00,0,-370.93
0,0.00,0,-369.41
0,0.00,0,-364.84
0,0.00,0,-363.77
0,0.00,0,-366.06
0,0.00,0,-370.32
0,0.00,0,-372.15
0,0.00,0,-368.34
0,0.00,0,-365.75
0,0.00,0,-366.82
0,0.00,0,-371.54
0,0.00,0,-374.43
0,0.00,0,-371.84
0,0.00,0,-366.67
0,0.00,0,-365.14
0,0.00,0,-367.58
0,0.00,0,-371.54
0,0.00,0,-371.69
0,0.00,0,-366.51
0,0.00,0,-363.62
0,0.00,0,-365.14
0,0.00,0,-369.25
0,0.00,0,-371.99
0,0.00,0,-369.10
0,0.00,0,-365.30
0,0.00,0,-365.45
0,0.00,0,-368.80
0,0.00,0,-373.21
0,0.00,0,-373.06
0,0.00,0,-368.49
0,0.00,0,-366.21
0,0.00,0,-367.73
0,0.00,0,-371.23
0,0.00,0,-373.21
0,0.00,0,-368.49
0,0.00,0,-364.84
0,0.00,0,-364.54
0,0.00,0,-367.43
0,0.00,0,-370.17
0,0.00,0,-368.04
0,0.00,0,-363.47
0,0.00,0,-361.80
0,0.00,0,-364.38
0,0.00,0,-368.80
0,0.00,0,-370.32
0,0.00,0,-366.36
0,0.00,0,-363.77
0,0.00,0,-365.60
0,0.00,0,-369.71
0,0.00,0,-372.45
0,0.00,0,-370.02
0,0.00,0,-366.21
0,0.00,0,-365.75
0,0.00,0,-368.19
0,0.00,0,-371.69
0,0.00,0,-370.47
0,0.00,0,-365.75
0,0.00,0,-363.32
0,0.00,0,-364.84
0,0.00,0,-368.19
0,0.00,0,-369.71
0,0.00,0,-366.06
0,0.00,0,-362.86
0,0.00,0,-363.47
0,0.00,0,-367.28
0,0.00,0,-370.93
0,0.00,0,-369.71
0,0.00,0,-366.06
0,0.00,0,-365.45
0,0.00,0,-368.65
0,0.00,0,-373.06
0,0.00,0,-373.67
0,0.00,0,-369.56
0,0.00,0,-366.36
0,0.00,0,-367.43
0,0.00,0,-370.78
0,0.00,0,-372.75
0,0.00,0,-369.25
0,0.00,0,-364.69
0,0.00,0,-364.08
0,0.00,0,-366.97
0,0.00,0,-370.02
0,0.00,0,-369.41
0,0.00,0,-364.84
0,0.00,0,-363.47
0,0.00,0,-365.60
0,0.00,0,-370.32
0,0.00,0,-372.60
0,0.00,0,-369.10
0,0.00,0,-366.36
0,0.00,0,-367.28
0,0.00,0,-370.93
0,0.00,0,-373.82
0,0.00,0,-371.84
0,0.00,0,-367.43
0,0.00,0,-365.60
0,0.00,0,-367.73
0,0.00,0,-371.54
0,0.00,0,-371.54
0,0.00,0,-366.36
0,0.00,0,-363.17
0,0.00,0,-364.54
0,0.00,0,-368.65
0,0.00,0,-371.84
0,0.00,0,-369.41
0,0.00,0,-365.45
0,0.00,0,-365.45
