0,0.00,0,-385.39
0,0.00,0,-389.19
0,0.00,0,-393.15
0,0.00,0,-382.80
0,0.00,0,-364.84
0,0.00,0,-353.12
0,0.00,0,-358.75
0,0.00,0,-367.73
0,0.00,0,-367.88
0,0.00,0,-364.84
0,0.00,0,-368.49
0,0.00,0,-377.02
0,0.00,0,-380.52
0,0.00,0,-373.67
0,0.00,0,-364.08
0,0.00,0,-361.49
0,0.00,0,-364.69
0,0.00,0,-367.12
0,0.00,0,-368.65
0,0.00,0,-371.99
0,0.00,0,-379.30
0,0.00,0,-384.63
0,0.00,0,-382.19
0,0.00,0,-376.10
0,0.00,0,-371.54
0,0.00,0,-371.84
0,0.00,0,-372.15
0,0.00,0,-368.49
0,0.00,0,-360.73
0,0.00,0,-355.10
0,0.00,0,-358.45
0,0.00,0,-367.12
0,0.00,0,-370.62
0,0.00,0,-368.49
0,0.00,0,-371.23
0,0.00,0,-379.00
0,0.00,0,-379.76
0,0.00,0,-372.60
0,0.00,0,-364.08
0,0.00,0,-366.97
0,0.00,0,-377.17
0,0.00,0,-378.54
0,0.00,0,-372.30
0,0.00,0,-368.65
0,0.00,0,-373.21
0,0.00,0,-374.12
0,0.00,0,-364.69
0,0.00,0,-351.90
0,0.00,0,-351.75
0,0.00,0,-368.19
0,0.00,0,-382.34
0,0.00,0,-384.93
0,0.00,0,-380.21
0,0.00,0,-381.89
0,0.00,0,-385.39
0,0.00,0,-378.54
0,0.00,0,-360.43
0,0.00,0,-348.40
0,0.00,0,-358.30
0,0.00,0,-371.99
0,0.00,0,-375.65
0,0.00,0,-368.80
0,0.00,0,-370.17
0,0.00,0,-379.91
0,0.00,0,-384.78
0,0.00,0,-376.10
0,0.00,0,-366.67
0,0.00,0,-368.65
0,0.00,0,-379.76
0,0.00,0,-381.28
0,0.00,0,-375.65
0,0.00,0,-371.54
0,0.00,0,-371.23
0,0.00,0,-371.08
0,0.00,0,-364.23
0,0.00,0,-355.71
0,0.00,0,-353.42
0,0.00,0,-364.38
0,0.00,0,-377.93
0,0.00,0,-384.02
0,0.00,0,-381.43
0,0.00,0,-379.45
0,0.00,0,-384.02
0,0.00,0,-384.78
0,0.00,0,-377.63
0,0.00,0,-367.12
0,0.00,0,-364.38
0,0.00,0,-365.60
0,0.00,0,-360.73
0,0.00,0,-353.73
0,0.00,0,-351.75
0,0.00,0,-363.47
0,0.00,0,-379.91
0,0.00,0,-387.67
0,0.00,0,-385.24
0,0.00,0,-381.43
0,0.00,0,-384.02
0,0.00,0,-389.65
0,0.00,0,-385.54
0,0.00,0,-372.91
0,0.00,0,-363.47
0,0.00,0,-361.64
0,0.00,0,-357.99
0,0.00,0,-349.62
0,0.00,0,-344.75
0,0.00,0,-352.66
0,0.00,0,-373.97
0,0.00,0,-389.95
0,0.00,0,-394.82
0,0.00,0,-393.30
0,0.00,0,-396.04
0,0.00,0,-394.52
0,0.00,0,-379.45
0,0.00,0,-357.38
0,0.00,0,-346.12
0,0.00,0,-353.27
0,0.00,0,-361.34
0,0.00,0,-361.04
0,0.00,0,-358.60
0,0.00,0,-366.21
0,0.00,0,-380.97
0,0.00,0,-384.32
0,0.00,0,-376.10
0,0.00,0,-368.95
0,0.00,0,-378.23
0,0.00,0,-390.26
0,0.00,0,-388.89
0,0.00,0,-376.10
0,0.00,0,-364.99
0,0.00,0,-364.08
0,0.00,0,-364.08
0,0.00,0,-357.69
0,0.00,0,-352.05
0,0.00,0,-355.86
0,0.00,0,-367.12
0,0.00,0,-372.60
0,0.00,0,-373.21
0,0.00,0,-374.89
0,0.00,0,-381.43
0,0.00,0,-390.41
0,0.00,0,-389.35
0,0.00,0,-380.97
0,0.00,0,-368.49
0,0.00,0,-364.38
0,0.00,0,-366.82
0,0.00,0,-365.60
0,0.00,0,-357.84
0,0.00,0,-351.14
0,0.00,0,-358.30
0,0.00,0,-370.93
0,0.00,0,-380.97
0,0.00,0,-381.58
0,0.00,0,-385.08
0,0.00,0,-392.39
0,0.00,0,-391.48
0,0.00,0,-377.32
0,0.00,0,-358.90
0,0.00,0,-351.60
0,0.00,0,-360.58
0,0.00,0,-370.32
0,0.00,0,-371.99
0,0.00,0,-371.84
0,0.00,0,-379.15
0,0.00,0,-387.82
0,0.00,0,-386.30
0,0.00,0,-371.08
0,0.00,0,-359.51
0,0.00,0,-360.43
0,0.00,0,-366.51
0,0.00,0,-369.10
0,0.00,0,-369.56
0,0.00,0,-376.41
0,0.00,0,-385.54
0,0.00,0,-384.93
0,0.00,0,-375.34
0,0.00,0,-365.60
0,0.00,0,-365.45
0,0.00,0,-374.12
0,0.00,0,-376.71
0,0.00,0,-371.23
0,0.00,0,-363.01
0,0.00,0,-363.62
0,0.00,0,-370.32
0,0.00,0,-373.36
0,0.00,0,-368.95
0,0.00,0,-368.04
0,0.00,0,-376.71
0,0.00,0,-379.00
0,0.00,0,-370.02
0,0.00,0,-357.53
0,0.00,0,-357.53
0,0.00,0,-370.62
0,0.00,0,-378.69
0,0.00,0,-375.49
0,0.00,0,-368.95
0,0.00,0,-371.23
0,0.00,0,-378.84
0,0.00,0,-381.13
0,0.00,0,-374.12
0,0.00,0,-369.41
0,0.00,0,-373.82
0,0.00,0,-374.89
0,0.00,0,-366.21
0,0.00,0,-354.79
0,0.00,0,-356.62
0,0.00,0,-371.08
0,0.00,0,-381.28
0,0.00,0,-380.67
0,0.00,0,-374.89
0,0.00,0,-375.34
0,0.00,0,-384.93
0,0.00,0,-389.50
0,0.00,0,-383.87
0,0.00,0,-373.21
0,0.00,0,-370.17
0,0.00,0,-369.10
0,0.00,0,-362.10
0,0.00,0,-348.25
0,0.00,0,-342.47
0,0.00,0,-356.93
0,0.00,0,-377.78
0,0.00,0,-386.91
0,0.00,0,-385.54
0,0.00,0,-387.82
0,0.00,0,-393.91
0,0.00,0,-392.69
0,0.00,0,-377.63
0,0.00,0,-361.95
0,0.00,0,-357.23
0,0.00,0,-365.75
0,0.00,0,-366.82
0,0.00,0,-362.86
0,0.00,0,-361.95
0,0.00,0,-370.17
0,0.00,0,-377.02
0,0.00,0,-375.34
0,0.00,0,-368.04
0,0.00,0,-363.62
0,0.00,0,-370.47
0,0.00,0,-383.11
0,0.00,0,-388.28
0,0.00,0,-385.08
0,0.00,0,-380.52
0,0.00,0,-380.06
0,0.00,0,-375.95
0,0.00,0,-363.47
0,0.00,0,-350.53
0,0.00,0,-349.77
0,0.00,0,-365.14
0,0.00,0,-375.80
0,0.00,0,-376.41
0,0.00,0,-374.58
0,0.00,0,-382.95
0,0.00,0,-389.19
0,0.00,0,-381.28
0,0.00,0,-362.71
0,0.00,0,-353.58
0,0.00,0,-366.06
0,0.00,0,-379.15
0,0.00,0,-380.37
0,0.00,0,-374.73
0,0.00,0,-376.86
0,0.00,0,-383.26
0,0.00,0,-380.06
0,0.00,0,-365.30
0,0.00,0,-352.36
0,0.00,0,-352.51
0,0.00,0,-356.93
0,0.00,0,-354.34
0,0.00,0,-354.03
0,0.00,0,-365.30
0,0.00,0,-389.35
0,0.00,0,-405.94
0,0.00,0,-405.78
0,0.00,0,-397.41
0,0.00,0,-389.95
0,0.00,0,-381.28
0,0.00,0,-366.36
0,0.00,0,-350.84
0,0.00,0,-341.40
0,0.00,0,-341.55
0,0.00,0,-351.75
0,0.00,0,-360.73
0,0.00,0,-367.58
0,0.00,0,-372.75
0,0.00,0,-383.26
0,0.00,0,-398.63
0,0.00,0,-407.15
0,0.00,0,-401.52
0,0.00,0,-386.91
0,0.00,0,-378.54
0,0.00,0,-373.36
0,0.00,0,-364.69
0,0.00,0,-351.60
0,0.00,0,-346.73
0,0.00,0,-353.58
0,0.00,0,-358.75
0,0.00,0,-357.08
0,0.00,0,-354.19
0,0.00,0,-363.47
0,0.00,0,-377.78
0,0.00,0,-382.50
0,0.00,0,-380.21
0,0.00,0,-380.37
0,0.00,0,-392.24
0,0.00,0,-402.13
0,0.00,0,-396.80
0,0.00,0,-381.58
0,0.00,0,-368.65
0,0.00,0,-361.19
0,0.00,0,-351.90
0,0.00,0,-338.97
0,0.00,0,-330.29
0,0.00,0,-335.46
0,0.00,0,-357.84
0,0.00,0,-379.45
0,0.00,0,-393.15
0,0.00,0,-397.26
0,0.00,0,-402.59
0,0.00,0,-406.70
0,0.00,0,-401.37
0,0.00,0,-385.08
0,0.00,0,-367.58
0,0.00,0,-359.97
0,0.00,0,-352.97
0,0.00,0,-342.16
0,0.00,0,-333.33
0,0.00,0,-338.20
0,0.00,0,-358.30
0,0.00,0,-379.45
0,0.00,0,-391.93
0,0.00,0,-397.56
0,0.00,0,-401.98
0,0.00,0,-404.26
0,0.00,0,-398.17
0,0.00,0,-383.26
0,0.00,0,-365.60
0,0.00,0,-356.77
0,0.00,0,-354.95
0,0.00,0,-350.99
0,0.00,0,-345.66
0,0.00,0,-346.42
0,0.00,0,-357.84
0,0.00,0,-371.08
0,0.00,0,-381.28
0,0.00,0,-385.24
0,0.00,0,-389.65
0,0.00,0,-395.89
0,0.00,0,-398.63
0,0.00,0,-391.63
0,0.00,0,-377.02
0,0.00,0,-364.84
0,0.00,0,-357.53
0,0.00,0,-349.77
0,0.00,0,-341.70
0,0.00,0,-339.12
0,0.00,0,-348.55
0,0.00,0,-365.45
0,0.00,0,-378.39
0,0.00,0,-385.39
0,0.00,0,-391.48
0,0.00,0,-399.70
0,0.00,0,-399.70
0,0.00,0,-389.04
0,0.00,0,-373.67
0,0.00,0,-362.40
0,0.00,0,-360.27
0,0.00,0,-357.69
0,0.00,0,-352.21
0,0.00,0,-347.49
0,0.00,0,-352.21
0,0.00,0,-363.47
0,0.00,0,-373.67
0,0.00,0,-378.39
0,0.00,0,-380.82
0,0.00,0,-388.58
0,0.00,0,-398.17
0,0.00,0,-398.33
0,0.00,0,-386.45
0,0.00,0,-372.75
0,0.00,0,-364.84
0,0.00,0,-358.45
0,0.00,0,-350.68
0,0.00,0,-344.14
0,0.00,0,-346.88
0,0.00,0,-359.36
0,0.00,0,-368.80
0,0.00,0,-370.02
0,0.00,0,-368.65
0,0.00,0,-379.91
0,0.00,0,-396.80
0,0.00,0,-403.50
0,0.00,0,-392.54
0,0.00,0,-377.47
0,0.00,0,-370.47
0,0.00,0,-369.10
0,0.00,0,-362.71
0,0.00,0,-352.05
0,0.00,0,-349.32
0,0.00,0,-356.77
0,0.00,0,-363.01
0,0.00,0,-362.25
0,0.00,0,-361.04
0,0.00,0,-366.51
0,0.00,0,-378.54
0,0.00,0,-388.58
0,0.00,0,-391.17
0,0.00,0,-389.04
0,0.00,0,-388.28
0,0.00,0,-384.17
0,0.00,0,-373.21
0,0.00,0,-360.12
0,0.00,0,-350.08
0,0.00,0,-349.32
0,0.00,0,-355.10
0,0.00,0,-358.45
0,0.00,0,-358.75
0,0.00,0,-362.40
0,0.00,0,-373.82
0,0.00,0,-388.58
0,0.00,0,-395.13
0,0.00,0,-391.48
0,0.00,0,-386.91
0,0.00,0,-384.93
0,0.00,0,-376.71
0,0.00,0,-361.80
0,0.00,0,-347.18
0,0.00,0,-346.27
0,0.00,0,-356.32
0,0.00,0,-363.32
0,0.00,0,-364.84
0,0.00,0,-370.62
0,0.00,0,-383.71
0,0.00,0,-392.39
0,0.00,0,-386.30
0,0.00,0,-375.04
0,0.00,0,-371.99
0,0.00,0,-380.97
0,0.00,0,-384.63
0,0.00,0,-375.19
0,0.00,0,-362.25
0,0.00,0,-358.75
0,0.00,0,-363.01
0,0.00,0,-362.71
0,0.00,0,-357.84
0,0.00,0,-358.14
0,0.00,0,-368.80
0,0.00,0,-380.97
0,0.00,0,-385.24
0,0.00,0,-384.02
0,0.00,0,-382.95
0,0.00,0,-383.26
0,0.00,0,-381.89
0,0.00,0,-376.86
0,0.00,0,-368.19
0,0.00,0,-359.82
0,0.00,0,-358.90
0,0.00,0,-363.77
0,0.00,0,-366.06
0,0.00,0,-363.62
0,0.00,0,-365.60
0,0.00,0,-375.80
0,0.00,0,-384.63
0,0.00,0,-384.02
0,0.00,0,-379.45
0,0.00,0,-382.04
0,0.00,0,-385.24
0,0.00,0,-377.02
0,0.00,0,-361.80
0,0.00,0,-354.64
0,0.00,0,-360.43
0,0.00,0,-370.02
0,0.00,0,-370.17
0,0.00,0,-368.19
0,0.00,0,-372.60
0,0.00,0,-381.43
0,0.00,0,-382.50
0,0.00,0,-372.75
0,0.00,0,-363.62
0,0.00,0,-369.71
0,0.00,0,-382.65
0,0.00,0,-385.69
0,0.00,0,-377.32
0,0.00,0,-369.56
0,0.00,0,-371.08
0,0.00,0,-373.82
0,0.00,0,-368.80
0,0.00,0,-361.34
0,0.00,0,-361.04
0,0.00,0,-368.65
0,0.00,0,-374.73
0,0.00,0,-374.73
0,0.00,0,-373.97
0,0.00,0,-375.95
0,0.00,0,-382.34
0,0.00,0,-385.84
0,0.00,0,-382.65
0,0.00,0,-372.60
0,0.00,0,-368.19
0,0.00,0,-371.99
