0,0.00,0,-396.04
0,0.00,0,-395.13
0,0.00,0,-391.32
0,0.00,0,-388.89
0,0.00,0,-390.11
0,0.00,0,-392.85
0,0.00,0,-394.82
0,0.00,0,-393.00
0,0.00,0,-389.95
0,0.00,0,-388.74
0,0.00,0,-391.02
0,0.00,0,-394.67
0,0.00,0,-396.35
0,0.00,0,-394.67
0,0.00,0,-391.78
0,0.00,0,-391.02
0,0.00,0,-392.54
0,0.00,0,-394.82
0,0.00,0,-395.13
0,0.00,0,-392.09
0,0.00,0,-389.50
0,0.00,0,-390.11
0,0.00,0,-393.46
0,0.00,0,-396.04
0,0.00,0,-396.35
0,0.00,0,-393.00
0,0.00,0,-391.02
0,0.00,0,-391.93
0,0.00,0,-395.43
0,0.00,0,-397.41
0,0.00,0,-396.04
0,0.00,0,-392.24
0,0.00,0,-390.26
0,0.00,0,-391.63
0,0.00,0,-394.37
0,0.00,0,-395.74
0,0.00,0,-394.22
0,0.00,0,-391.32
0,0.00,0,-390.72
0,0.00,0,-393.15
0,0.00,0,-396.50
0,0.00,0,-397.72
0,0.00,0,-395.13
0,0.00,0,-392.24
0,0.00,0,-391.63
0,0.00,0,-393.76
0,0.00,0,-395.89
0,0.00,0,-395.74
0,0.00,0,-392.54
0,0.00,0,-389.80
0,0.00,0,-390.72
0,0.00,0,-393.46
0,0.00,0,-396.04
0,0.00,0,-395.28
0,0.00,0,-392.09
0,0.00,0,-389.80
0,0.00,0,-390.87
0,0.00,0,-393.76
0,0.00,0,-395.59
0,0.00,0,-394.06
0,0.00,0,-390.41
0,0.00,0,-388.58
0,0.00,0,-390.56
0,0.00,0,-393.30
0,0.00,0,-394.67
0,0.00,0,-392.54
0,0.00,0,-389.65
0,0.00,0,-389.35
0,0.00,0,-392.09
0,0.00,0,-395.28
0,0.00,0,-395.59
0,0.00,0,-393.15
0,0.00,0,-390.11
0,0.00,0,-390.56
0,0.00,0,-392.85
0,0.00,0,-395.28
0,0.00,0,-394.82
0,0.00,0,-391.32
0,0.00,0,-389.50
0,0.00,0,-390.56
0,0.00,0,-394.52
0,0.00,0,-396.80
0,0.00,0,-395.74
0,0.00,0,-392.09
0,0.00,0,-389.65
0,0.00,0,-391.32
0,0.00,0,-393.76
0,0.00,0,-395.28
0,0.00,0,-393.00
0,0.00,0,-389.80
0,0.00,0,-388.89
0,0.00,0,-391.78
0,0.00,0,-395.74
0,0.00,0,-397.26
0,0.00,0,-395.59
0,0.00,0,-392.39
0,0.00,0,-391.78
0,0.00,0,-393.00
0,0.00,0,-395.13
0,0.00,0,-394.98
0,0.00,0,-391.48
0,0.00,0,-388.43
0,0.00,0,-388.89
0,0.00,0,-392.09
0,0.00,0,-395.43
0,0.00,0,-395.13
0,0.00,0,-392.39
0,0.00,0,-390.72
0,0.00,0,-392.24
0,0.00,0,-394.98
0,0.00,0,-396.65
0,0.00,0,-394.52
0,0.00,0,-390.72
0,0.00,0,-388.74
0,0.00,0,-389.95
0,0.00,0,-392.69
0,0.00,0,-393.91
0,0.00,0,-392.54
0,0.00,0,-389.65
0,0.00,0,-389.50
0,0.00,0,-392.39
0,0.00,0,-395.74
0,0.00,0,-397.11
0,0.00,0,-394.37
0,0.00,0,-391.32
0,0.00,0,-390.56
0,0.00,0,-393.00
0,0.00,0,-394.67
0,0.00,0,-393.61
0,0.00,0,-390.11
0,0.00,0,-387.37
0,0.00,0,-388.43
0,0.00,0,-391.93
0,0.00,0,-394.98
0,0.00,0,-394.82
0,0.00,0,-392.09
0,0.00,0,-391.17
0,0.00,0,-393.00
0,0.00,0,-395.89
0,0.00,0,-397.26
0,0.00,0,-395.13
0,0.00,0,-391.02
0,0.00,0,-389.50
0,0.00,0,-390.87
0,0.00,0,-393.30
0,0.00,0,-394.37
0,0.00,0,-392.39
0,0.00,0,-389.65
0,0.00,0,-389.80
0,0.00,0,-392.85
0,0.00,0,-396.65
0,0.00,0,-397.41
0,0.00,0,-394.67
0,0.00,0,-391.63
0,0.00,0,-391.63
0,0.00,0,-394.06
0,0.00,0,-395.59
0,0.00,0,-394.37
0,0.00,0,-390.26
0,0.00,0,-388.43
0,0.00,0,-390.26
0,0.00,0,-394.22
0,0.00,0,-396.96
0,0.00,0,-396.35
0,0.00,0,-393.91
0,0.00,0,-392.69
0,0.00,0,-394.22
0,0.00,0,-396.50
0,0.00,0,-397.26
0,0.00,0,-394.22
0,0.00,0,-389.80
0,0.00,0,-388.28
0,0.00,0,-390.56
0,0.00,0,-394.22
0,0.00,0,-395.59
0,0.00,0,-393.61
0,0.00,0,-391.17
0,0.00,0,-391.78
0,0.00,0,-395.28
0,0.00,0,-397.72
0,0.00,0,-397.72
0,0.00,0,-394.52
0,0.00,0,-391.48
0,0.00,0,-391.78
0,0.00,0,-393.76
0,0.00,0,-395.59
0,0.00,0,-394.52
0,0.00,0,-391.48
0,0.00,0,-389.50
0,0.00,0,-390.87
0,0.00,0,-394.22
0,0.00,0,-396.96
0,0.00,0,-395.89
0,0.00,0,-392.54
0,0.00,0,-391.32
0,0.00,0,-392.85
0,0.00,0,-396.04
0,0.00,0,-397.11
0,0.00,0,-394.67
0,0.00,0,-391.32
0,0.00,0,-390.87
0,0.00,0,-393.30
0,0.00,0,-395.43
0,0.00,0,-396.35
0,0.00,0,-393.46
0,0.00,0,-391.02
0,0.00,0,-391.48
0,0.00,0,-394.22
0,0.00,0,-397.11
0,0.00,0,-396.96
0,0.00,0,-393.76
0,0.00,0,-391.02
0,0.00,0,-391.48
0,0.00,0,-393.76
0,0.00,0,-395.28
0,0.00,0,-393.61
0,0.00,0,-389.50
0,0.00,0,-388.13
0,0.00,0,-390.11
0,0.00,0,-393.61
0,0.00,0,-395.74
0,0.00,0,-394.06
0,0.00,0,-391.02
0,0.00,0,-389.80
0,0.00,0,-391.78
0,0.00,0,-394.22
0,0.00,0,-394.98
0,0.00,0,-392.39
0,0.00,0,-389.50
0,0.00,0,-389.19
0,0.00,0,-391.48
0,0.00,0,-394.52
0,0.00,0,-394.98
0,0.00,0,-392.24
0,0.00,0,-389.50
0,0.00,0,-390.26
0,0.00,0,-393.46
0,0.00,0,-395.74
0,0.00,0,-394.98
0,0.00,0,-391.32
0,0.00,0,-389.35
0,0.00,0,-390.87
0,0.00,0,-393.76
0,0.00,0,-395.89
0,0.00,0,-393.91
0,0.00,0,-390.87
0,0.00,0,-389.65
0,0.00,0,-391.63
0,0.00,0,-394.82
0,0.00,0,-396.35
0,0.00,0,-394.52
0,0.00,0,-391.02
0,0.00,0,-390.41
0,0.00,0,-392.54
0,0.00,0,-395.43
0,0.00,0,-395.74
0,0.00,0,-392.54
0,0.00,0,-389.95
0,0.00,0,-389.35
0,0.00,0,-392.39
0,0.00,0,-394.67
0,0.00,0,-394.67
0,0.00,0,-391.63
0,0.00,0,-389.80
0,0.00,0,-391.32
0,0.00,0,-394.52
0,0.00,0,-396.80
0,0.00,0,-395.59
0,0.00,0,-392.09
0,0.00,0,-389.80
0,0.00,0,-390.72
0,0.00,0,-393.46
0,0.00,0,-394.22
0,0.00,0,-392.69
0,0.00,0,-389.50
0,0.00,0,-389.04
0,0.00,0,-391.32
0,0.00,0,-394.67
0,0.00,0,-396.04
0,0.00,0,-393.91
0,0.00,0,-391.48
0,0.00,0,-391.32
0,0.00,0,-393.91
0,0.00,0,-396.19
0,0.00,0,-395.89
0,0.00,0,-392.69
0,0.00,0,-389.80
0,0.00,0,-390.72
0,0.00,0,-393.15
0,0.00,0,-395.74
0,0.00,0,-394.82
0,0.00,0,-391.93
0,0.00,0,-390.56
0,0.00,0,-392.09
0,0.00,0,-395.89
0,0.00,0,-397.72
0,0.00,0,-396.35
0,0.00,0,-392.54
0,0.00,0,-390.87
0,0.00,0,-392.39
0,0.00,0,-394.98
0,0.00,0,-395.74
0,0.00,0,-392.69
0,0.00,0,-389.50
0,0.00,0,-389.19
0,0.00,0,-392.69
0,0.00,0,-396.19
0,0.00,0,-397.56
0,0.00,0,-395.28
0,0.00,0,-392.69
0,0.00,0,-392.85
0,0.00,0,-395.43
0,0.00,0,-397.72
0,0.00,0,-397.11
0,0.00,0,-392.85
0,0.00,0,-389.50
0,0.00,0,-389.19
0,0.00,0,-391.78
0,0.00,0,-393.76
0,0.00,0,-393.30
0,0.00,0,-390.87
0,0.00,0,-390.56
0,0.00,0,-393.00
0,0.00,0,-396.65
0,0.00,0,-398.78
0,0.00,0,-396.80
0,0.00,0,-393.00
0,0.00,0,-391.17
0,0.00,0,-392.69
0,0.00,0,-394.82
0,0.00,0,-394.82
0,0.00,0,-391.63
0,0.00,0,-387.82
0,0.00,0,-387.67
0,0.00,0,-390.87
0,0.00,0,-394.67
0,0.00,0,-395.74
0,0.00,0,-393.61
0,0.00,0,-391.78
0,0.00,0,-393.00
0,0.00,0,-395.59
0,0.00,0,-397.41
0,0.00,0,-395.59
0,0.00,0,-391.32
0,0.00,0,-388.13
0,0.00,0,-388.89
0,0.00,0,-391.63
0,0.00,0,-393.76
0,0.00,0,-392.85
0,0.00,0,-390.56
0,0.00,0,-389.95
0,0.00,0,-392.39
0,0.00,0,-396.04
0,0.00,0,-397.56
0,0.00,0,-395.28
0,0.00,0,-391.63
0,0.00,0,-390.26
0,0.00,0,-391.32
0,0.00,0,-393.00
0,0.00,0,-393.15
0,0.00,0,-390.11
0,0.00,0,-387.82
0,0.00,0,-388.58
0,0.00,0,-392.09
0,0.00,0,-395.28
0,0.00,0,-395.28
0,0.00,0,-392.85
0,0.00,0,-390.41
0,0.00,0,-391.63
0,0.00,0,-394.06
0,0.00,0,-396.04
0,0.00,0,-394.06
0,0.00,0,-390.11
0,0.00,0,-387.52
0,0.00,0,-388.89
0,0.00,0,-392.09
0,0.00,0,-394.52
0,0.00,0,-393.46
0,0.00,0,-391.32
0,0.00,0,-391.32
0,0.00,0,-394.52
0,0.00,0,-397.87
0,0.00,0,-398.63
0,0.00,0,-395.43
0,0.00,0,-391.93
0,0.00,0,-390.41
0,0.00,0,-391.63
0,0.00,0,-393.46
0,0.00,0,-392.69
0,0.00,0,-389.95
0,0.00,0,-387.67
0,0.00,0,-389.19
0,0.00,0,-393.76
0,0.00,0,-397.87
0,0.00,0,-398.48
0,0.00,0,-395.28
0,0.00,0,-393.15
0,0.00,0,-393.30
0,0.00,0,-394.98
0,0.00,0,-395.43
0,0.00,0,-392.85
0,0.00,0,-388.74
0,0.00,0,-387.06
0,0.00,0,-389.19
0,0.00,0,-393.00
0,0.00,0,-395.43
0,0.00,0,-394.82
0,0.00,0,-392.54
0,0.00,0,-392.24
0,0.00,0,-394.52
0,0.00,0,-397.41
0,0.00,0,-397.87
0,0.00,0,-394.52
0,0.00,0,-390.87
0,0.00,0,-390.11
0,0.00,0,-391.93
0,0.00,0,-393.61
0,0.00,0,-393.61
0,0.00,0,-390.56
0,0.00,0,-388.58
0,0.00,0,-389.95
0,0.00,0,-393.61
0,0.00,0,-396.65
0,0.00,0,-396.65
0,0.00,0,-393.91
0,0.00,0,-391.78
0,0.00,0,-392.85
0,0.00,0,-395.13
0,0.00,0,-395.89
0,0.00,0,-393.15
0,0.00,0,-389.04
0,0.00,0,-387.98
0,0.00,0,-390.11
0,0.00,0,-393.76
0,0.00,0,-395.74
0,0.00,0,-394.37
0,0.00,0,-392.39
0,0.00,0,-392.69
0,0.00,0,-395.13
0,0.00,0,-397.56
0,0.00,0,-397.26
0,0.00,0,-393.76
0,0.00,0,-390.26
0,0.00,0,-389.95
0,0.00,0,-391.78
0,0.00,0,-394.22
0,0.00,0,-393.46
0,0.00,0,-391.02
0,0.00,0,-389.35
0,0.00,0,-391.63
0,0.00,0,-395.59
0,0.00,0,-398.02
0,0.00,0,-397.11
0,0.00,0,-393.76
0,0.00,0,-392.24
0,0.00,0,-393.00
0,0.00,0,-394.52
0,0.00,0,-394.52
0,0.00,0,-391.48
0,0.00,0,-388.13
0,0.00,0,-387.67
0,0.00,0,-391.02
0,0.00,0,-394.82
0,0.00,0,-396.80
0,0.00,0,-395.43
0,0.00,0,-393.15
0,0.00,0,-393.15
0,0.00,0,-395.28
0,0.00,0,-397.11
0,0.00,0,-395.89
0,0.00,0,-391.32
0,0.00,0,-388.43
0,0.00,0,-389.04
0,0.00,0,-392.24
0,0.00,0,-394.52
0,0.00,0,-394.52
0,0.00,0,-392.39
0,0.00,0,-391.93
0,0.00,0,-394.67
0,0.00,0,-398.02
0,0.00,0,-400.00
0,0.00,0,-397.72
0,0.00,0,-393.76
0,0.00,0,-391.78
0,0.00,0,-392.69
0,0.00,0,-394.52
0,0.00,0,-395.13
0,0.00,0,-393.15
0,0.00,0,-389.80
0,0.00,0,-389.65
0,0.00,0,-392.39
0,0.00,0,-395.89
0,0.00,0,-396.65
0,0.00,0,-394.06
0,0.00,0,-391.63
0,0.00,0,-391.63
0,0.00,0,-394.37
0,0.00,0,-396.04
0,0.00,0,-394.37
0,0.00,0,-390.26
