0,0.00,0,-806.39
0,0.00,0,-806.54
0,0.00,0,-806.54
0,0.00,0,-807.00
0,0.00,0,-806.70
0,0.00,0,-806.39
0,0.00,0,-805.94
0,0.00,0,-806.39
0,0.00,0,-806.24
0,0.00,0,-806.39
0,0.00,0,-806.09
0,0.00,0,-806.09
0,0.00,0,-806.70
0,0.00,0,-807.00
0,0.00,0,-807.15
0,0.00,0,-806.24
0,0.00,0,-806.24
0,0.00,0,-805.94
0,0.00,0,-806.09
0,0.00,0,-805.63
0,0.00,0,-805.94
0,0.00,0,-805.78
0,0.00,0,-806.24
0,0.00,0,-806.09
0,0.00,0,-806.39
0,0.00,0,-807.00
0,0.00,0,-807.15
0,0.00,0,-807.15
0,0.00,0,-806.09
0,0.00,0,-806.39
0,0.00,0,-805.94
0,0.00,0,-806.70
0,0.00,0,-806.09
0,0.00,0,-806.39
0,0.00,0,-805.78
0,0.00,0,-806.24
0,0.00,0,-806.70
0,0.00,0,-806.85
0,0.00,0,-806.54
0,0.00,0,-806.54
0,0.00,0,-806.85
0,0.00,0,-806.39
0,0.00,0,-806.54
0,0.00,0,-805.94
0,0.00,0,-805.94
0,0.00,0,-805.78
0,0.00,0,-806.09
0,0.00,0,-806.09
0,0.00,0,-806.54
0,0.00,0,-806.54
0,0.00,0,-806.85
0,0.00,0,-806.85
0,0.00,0,-806.54
0,0.00,0,-806.85
0,0.00,0,-806.09
0,0.00,0,-805.94
0,0.00,0,-805.63
0,0.00,0,-806.24
0,0.00,0,-806.39
0,0.00,0,-806.54
0,0.00,0,-806.85
0,0.00,0,-806.70
0,0.00,0,-807.15
0,0.00,0,-806.85
0,0.00,0,-806.70
0,0.00,0,-806.39
0,0.00,0,-806.39
0,0.00,0,-805.33
0,0.00,0,-805.33
0,0.00,0,-805.48
0,0.00,0,-805.78
0,0.00,0,-806.39
0,0.00,0,-806.54
0,0.00,0,-806.70
0,0.00,0,-806.70
0,0.00,0,-807.00
0,0.00,0,-806.54
0,0.00,0,-806.24
0,0.00,0,-805.48
0,0.00,0,-805.94
0,0.00,0,-805.78
0,0.00,0,-805.78
0,0.00,0,-806.09
0,0.00,0,-806.09
0,0.00,0,-806.70
0,0.00,0,-807.15
0,0.00,0,-807.31
0,0.00,0,-807.00
0,0.00,0,-806.70
0,0.00,0,-806.24
0,0.00,0,-806.09
0,0.00,0,-805.78
0,0.00,0,-805.78
0,0.00,0,-805.78
0,0.00,0,-805.63
0,0.00,0,-806.39
0,0.00,0,-807.00
0,0.00,0,-807.31
0,0.00,0,-807.46
0,0.00,0,-807.31
0,0.00,0,-806.54
0,0.00,0,-806.39
0,0.00,0,-805.94
0,0.00,0,-805.78
0,0.00,0,-805.63
0,0.00,0,-806.09
0,0.00,0,-806.70
0,0.00,0,-806.70
0,0.00,0,-806.54
0,0.00,0,-806.54
0,0.00,0,-807.15
0,0.00,0,-807.00
0,0.00,0,-807.00
0,0.00,0,-806.39
0,0.00,0,-806.09
0,0.00,0,-805.78
0,0.00,0,-805.78
0,0.00,0,-806.09
0,0.00,0,-806.09
0,0.00,0,-806.39
0,0.00,0,-807.00
0,0.00,0,-807.00
0,0.00,0,-806.54
0,0.00,0,-806.54
0,0.00,0,-806.39
0,0.00,0,-806.24
0,0.00,0,-806.24
0,0.00,0,-805.63
0,0.00,0,-805.63
0,0.00,0,-805.94
0,0.00,0,-806.54
0,0.00,0,-806.39
0,0.00,0,-806.70
0,0.00,0,-806.85
0,0.00,0,-806.70
0,0.00,0,-806.85
0,0.00,0,-806.54
0,0.00,0,-806.09
0,0.00,0,-806.24
0,0.00,0,-805.94
0,0.00,0,-805.63
0,0.00,0,-805.48
0,0.00,0,-806.39
0,0.00,0,-806.54
0,0.00,0,-806.24
0,0.00,0,-806.39
0,0.00,0,-806.85
0,0.00,0,-806.85
0,0.00,0,-807.00
0,0.00,0,-806.85
0,0.00,0,-806.39
0,0.00,0,-806.24
0,0.00,0,-805.78
0,0.00,0,-805.94
0,0.00,0,-805.94
0,0.00,0,-805.78
0,0.00,0,-806.54
0,0.00,0,-807.00
0,0.00,0,-806.39
0,0.00,0,-806.39
0,0.00,0,-806.39
0,0.00,0,-806.24
0,0.00,0,-806.24
0,0.00,0,-806.09
0,0.00,0,-806.09
0,0.00,0,-806.24
0,0.00,0,-806.54
0,0.00,0,-806.09
0,0.00,0,-806.39
0,0.00,0,-806.70
0,0.00,0,-806.54
0,0.00,0,-806.70
0,0.00,0,-806.54
0,0.00,0,-806.39
0,0.00,0,-805.94
0,0.00,0,-805.94
0,0.00,0,-805.94
0,0.00,0,-806.24
0,0.00,0,-806.09
0,0.00,0,-806.24
0,0.00,0,-806.24
0,0.00,0,-806.70
0,0.00,0,-806.39
0,0.00,0,-806.39
0,0.00,0,-806.39
0,0.00,0,-806.70
0,0.00,0,-806.54
0,0.00,0,-805.78
0,0.00,0,-805.94
0,0.00,0,-805.78
0,0.00,0,-806.24
0,0.00,0,-806.24
0,0.00,0,-806.39
0,0.00,0,-806.54
0,0.00,0,-806.39
0,0.00,0,-806.39
0,0.00,0,-806.09
0,0.00,0,-805.78
0,0.00,0,-806.09
0,0.00,0,-806.24
0,0.00,0,-806.24
0,0.00,0,-806.09
0,0.00,0,-806.09
0,0.00,0,-806.54
0,0.00,0,-806.54
0,0.00,0,-806.39
0,0.00,0,-806.24
0,0.00,0,-806.39
0,0.00,0,-806.54
0,0.00,0,-806.70
0,0.00,0,-806.54
0,0.00,0,-805.63
0,0.00,0,-805.48
0,0.00,0,-805.78
0,0.00,0,-806.54
0,0.00,0,-806.70
0,0.00,0,-807.00
0,0.00,0,-807.00
0,0.00,0,-807.00
0,0.00,0,-806.54
0,0.00,0,-806.39
0,0.00,0,-806.24
0,0.00,0,-805.78
0,0.00,0,-805.63
0,0.00,0,-805.63
0,0.00,0,-806.09
0,0.00,0,-806.24
0,0.00,0,-806.54
0,0.00,0,-806.70
0,0.00,0,-806.85
0,0.00,0,-807.00
0,0.00,0,-806.85
0,0.00,0,-806.85
0,0.00,0,-806.39
0,0.00,0,-806.39
0,0.00,0,-806.09
0,0.00,0,-806.09
0,0.00,0,-806.09
0,0.00,0,-806.54
0,0.00,0,-806.85
0,0.00,0,-807.15
0,0.00,0,-806.85
0,0.00,0,-806.54
0,0.00,0,-806.39
0,0.00,0,-806.24
0,0.00,0,-806.09
0,0.00,0,-806.24
0,0.00,0,-806.39
0,0.00,0,-806.24
0,0.00,0,-805.94
0,0.00,0,-806.39
0,0.00,0,-806.39
0,0.00,0,-806.39
0,0.00,0,-806.54
0,0.00,0,-806.70
0,0.00,0,-806.24
0,0.00,0,-805.94
0,0.00,0,-805.94
0,0.00,0,-806.24
0,0.00,0,-805.78
0,0.00,0,-805.78
0,0.00,0,-805.94
0,0.00,0,-806.24
0,0.00,0,-806.24
0,0.00,0,-806.54
0,0.00,0,-806.70
0,0.00,0,-806.85
0,0.00,0,-807.31
0,0.00,0,-806.54
0,0.00,0,-806.24
0,0.00,0,-806.09
0,0.00,0,-805.94
0,0.00,0,-805.94
0,0.00,0,-806.24
0,0.00,0,-806.54
0,0.00,0,-806.70
0,0.00,0,-807.00
0,0.00,0,-806.70
0,0.00,0,-807.00
0,0.00,0,-806.54
0,0.00,0,-806.39
0,0.00,0,-806.09
0,0.00,0,-805.94
0,0.00,0,-805.78
0,0.00,0,-805.94
0,0.00,0,-805.94
0,0.00,0,-805.94
0,0.00,0,-806.39
0,0.00,0,-806.54
0,0.00,0,-806.70
0,0.00,0,-806.54
0,0.00,0,-807.00
0,0.00,0,-806.85
0,0.00,0,-806.39
0,0.00,0,-806.39
0,0.00,0,-805.94
0,0.00,0,-806.09
0,0.00,0,-806.24
0,0.00,0,-806.70
0,0.00,0,-806.85
0,0.00,0,-807.00
0,0.00,0,-807.00
0,0.00,0,-807.00
0,0.00,0,-806.85
0,0.00,0,-806.70
0,0.00,0,-805.94
0,0.00,0,-805.94
0,0.00,0,-805.94
0,0.00,0,-805.94
0,0.00,0,-806.24
0,0.00,0,-806.24
0,0.00,0,-806.70
0,0.00,0,-806.54
0,0.00,0,-806.85
0,0.00,0,-806.54
0,0.00,0,-806.85
0,0.00,0,-806.24
0,0.00,0,-805.94
0,0.00,0,-805.94
0,0.00,0,-805.94
0,0.00,0,-806.09
0,0.00,0,-805.94
0,0.00,0,-806.09
0,0.00,0,-806.24
0,0.00,0,-806.85
0,0.00,0,-806.70
0,0.00,0,-806.85
0,0.00,0,-807.00
0,0.00,0,-807.31
0,0.00,0,-806.70
0,0.00,0,-806.24
0,0.00,0,-806.09
0,0.00,0,-805.48
0,0.00,0,-805.78
0,0.00,0,-806.54
0,0.00,0,-806.85
0,0.00,0,-806.54
0,0.00,0,-806.85
0,0.00,0,-806.85
0,0.00,0,-806.85
0,0.00,0,-806.39
0,0.00,0,-806.54
0,0.00,0,-806.09
0,0.00,0,-805.94
0,0.00,0,-806.09
0,0.00,0,-806.09
0,0.00,0,-806.39
0,0.00,0,-806.24
0,0.00,0,-806.70
0,0.00,0,-806.85
0,0.00,0,-807.00
0,0.00,0,-806.39
0,0.00,0,-806.24
0,0.00,0,-806.54
0,0.00,0,-806.24
0,0.00,0,-806.09
0,0.00,0,-805.33
0,0.00,0,-805.63
0,0.00,0,-805.94
0,0.00,0,-806.70
0,0.00,0,-806.70
0,0.00,0,-807.00
0,0.00,0,-806.85
0,0.00,0,-806.85
0,0.00,0,-806.54
0,0.00,0,-806.24
0,0.00,0,-806.39
0,0.00,0,-805.94
0,0.00,0,-806.24
0,0.00,0,-806.09
0,0.00,0,-807.15
0,0.00,0,-806.70
0,0.00,0,-806.54
0,0.00,0,-806.24
0,0.00,0,-806.54
0,0.00,0,-807.00
0,0.00,0,-806.70
0,0.00,0,-806.39
0,0.00,0,-805.94
0,0.00,0,-806.39
0,0.00,0,-806.24
0,0.00,0,-806.24
0,0.00,0,-806.09
0,0.00,0,-806.54
0,0.00,0,-806.39
0,0.00,0,-806.70
0,0.00,0,-807.15
0,0.00,0,-806.70
0,0.00,0,-806.70
0,0.00,0,-806.39
0,0.00,0,-806.39
0,0.00,0,-805.94
0,0.00,0,-805.63
0,0.00,0,-806.09
0,0.00,0,-806.09
0,0.00,0,-806.09
0,0.00,0,-806.39
0,0.00,0,-807.00
0,0.00,0,-807.00
0,0.00,0,-806.85
0,0.00,0,-806.85
0,0.00,0,-806.70
0,0.00,0,-806.24
0,0.00,0,-805.94
0,0.00,0,-806.09
0,0.00,0,-806.24
0,0.00,0,-806.24
0,0.00,0,-805.94
0,0.00,0,-806.09
0,0.00,0,-806.54
0,0.00,0,-806.85
0,0.00,0,-806.85
0,0.00,0,-806.70
0,0.00,0,-805.94
0,0.00,0,-806.09
0,0.00,0,-806.09
0,0.00,0,-805.94
0,0.00,0,-805.94
0,0.00,0,-805.94
0,0.00,0,-806.09
0,0.00,0,-806.39
0,0.00,0,-806.70
0,0.00,0,-806.54
0,0.00,0,-806.85
0,0.00,0,-806.54
0,0.00,0,-806.24
0,0.00,0,-806.09
0,0.00,0,-806.09
0,0.00,0,-806.09
0,0.00,0,-805.63
0,0.00,0,-805.48
0,0.00,0,-805.94
0,0.00,0,-806.39
0,0.00,0,-806.54
0,0.00,0,-806.70
0,0.00,0,-806.85
0,0.00,0,-806.70
0,0.00,0,-806.24
0,0.00,0,-806.24
0,0.00,0,-806.39
0,0.00,0,-805.94
0,0.00,0,-805.78
0,0.00,0,-805.94
0,0.00,0,-806.39
0,0.00,0,-806.70
0,0.00,0,-806.70
0,0.00,0,-806.39
0,0.00,0,-806.70
0,0.00,0,-806.85
0,0.00,0,-806.70
0,0.00,0,-806.54
0,0.00,0,-806.24
0,0.00,0,-805.94
0,0.00,0,-805.17
0,0.00,0,-805.48
0,0.00,0,-805.78
0,0.00,0,-806.39
0,0.00,0,-806.54
0,0.00,0,-807.15
0,0.00,0,-807.61
0,0.00,0,-807.00
0,0.00,0,-806.54
0,0.00,0,-806.09
0,0.00,0,-806.24
0,0.00,0,-806.24
0,0.00,0,-805.78
0,0.00,0,-805.63
0,0.00,0,-806.24
0,0.00,0,-806.09
0,0.00,0,-806.39
0,0.00,0,-806.85
0,0.00,0,-807.15
0,0.00,0,-807.15
0,0.00,0,-806.85
0,0.00,0,-806.85
0,0.00,0,-806.09
0,0.00,0,-805.94
0,0.00,0,-805.78
0,0.00,0,-805.78
0,0.00,0,-805.94
0,0.00,0,-806.39
0,0.00,0,-806.85
0,0.00,0,-807.15
0,0.00,0,-807.46
0,0.00,0,-807.46
0,0.00,0,-807.31
0,0.00,0,-806.70
0,0.00,0,-806.09
0,0.00,0,-805.48
0,0.00,0,-805.63
0,0.00,0,-805.63
0,0.00,0,-805.78
0,0.00,0,-805.94
0,0.00,0,-806.54
0,0.00,0,-807.00
0,0.00,0,-807.31
0,0.00,0,-807.46
0,0.00,0,-807.00
0,0.00,0,-806.54
0,0.00,0,-806.09
