0,0.00,0,-825.72
0,0.00,0,-826.03
0,0.00,0,-753.27
0,0.00,0,-800.91
0,0.00,0,-759.51
0,0.00,0,-840.49
0,0.00,0,-806.09
0,0.00,0,-755.25
0,0.00,0,-810.20
0,0.00,0,-766.51
0,0.00,0,-849.01
0,0.00,0,-793.91
0,0.00,0,-764.08
0,0.00,0,-793.30
0,0.00,0,-766.82
0,0.00,0,-858.30
0,0.00,0,-773.67
0,0.00,0,-777.17
0,0.00,0,-800.00
0,0.00,0,-777.78
0,0.00,0,-857.23
0,0.00,0,-765.60
0,0.00,0,-782.95
0,0.00,0,-776.56
0,0.00,0,-788.74
0,0.00,0,-853.12
0,0.00,0,-750.84
0,0.00,0,-799.39
0,0.00,0,-779.60
0,0.00,0,-802.59
0,0.00,0,-844.90
0,0.00,0,-751.60
0,0.00,0,-799.85
0,0.00,0,-763.32
0,0.00,0,-822.22
0,0.00,0,-830.44
0,0.00,0,-749.77
0,0.00,0,-814.00
0,0.00,0,-768.65
0,0.00,0,-833.94
0,0.00,0,-818.26
0,0.00,0,-754.79
0,0.00,0,-799.24
0,0.00,0,-758.30
0,0.00,0,-847.49
0,0.00,0,-796.19
0,0.00,0,-763.17
0,0.00,0,-808.68
0,0.00,0,-768.19
0,0.00,0,-853.73
0,0.00,0,-783.56
0,0.00,0,-771.08
0,0.00,0,-785.08
0,0.00,0,-772.45
0,0.00,0,-858.75
0,0.00,0,-764.38
0,0.00,0,-787.98
0,0.00,0,-794.06
0,0.00,0,-787.21
0,0.00,0,-853.73
0,0.00,0,-761.19
0,0.00,0,-791.63
0,0.00,0,-768.80
0,0.00,0,-803.65
0,0.00,0,-844.44
0,0.00,0,-747.95
0,0.00,0,-806.70
0,0.00,0,-774.58
0,0.00,0,-816.59
0,0.00,0,-834.40
0,0.00,0,-751.90
0,0.00,0,-797.11
0,0.00,0,-757.23
0,0.00,0,-833.79
0,0.00,0,-815.98
0,0.00,0,-752.97
0,0.00,0,-813.85
0,0.00,0,-768.19
0,0.00,0,-842.16
0,0.00,0,-806.54
0,0.00,0,-762.86
0,0.00,0,-796.19
0,0.00,0,-761.19
0,0.00,0,-853.42
0,0.00,0,-784.32
0,0.00,0,-770.78
0,0.00,0,-806.54
0,0.00,0,-770.78
0,0.00,0,-854.03
0,0.00,0,-773.21
0,0.00,0,-774.73
0,0.00,0,-775.34
0,0.00,0,-778.39
0,0.00,0,-857.99
0,0.00,0,-756.16
0,0.00,0,-795.13
0,0.00,0,-788.13
0,0.00,0,-794.52
0,0.00,0,-852.36
0,0.00,0,-756.01
0,0.00,0,-793.91
0,0.00,0,-766.21
0,0.00,0,-812.02
0,0.00,0,-841.70
0,0.00,0,-747.95
0,0.00,0,-812.63
0,0.00,0,-775.19
0,0.00,0,-819.79
0,0.00,0,-830.14
0,0.00,0,-752.51
0,0.00,0,-797.41
0,0.00,0,-756.32
0,0.00,0,-838.05
0,0.00,0,-810.35
0,0.00,0,-756.32
0,0.00,0,-813.09
0,0.00,0,-766.21
0,0.00,0,-844.90
0,0.00,0,-797.11
0,0.00,0,-764.08
0,0.00,0,-789.04
0,0.00,0,-764.38
0,0.00,0,-856.77
0,0.00,0,-775.34
0,0.00,0,-778.08
0,0.00,0,-804.72
0,0.00,0,-777.47
0,0.00,0,-856.16
0,0.00,0,-770.93
0,0.00,0,-781.74
0,0.00,0,-775.65
0,0.00,0,-786.91
0,0.00,0,-854.49
0,0.00,0,-753.58
0,0.00,0,-798.78
0,0.00,0,-783.71
0,0.00,0,-799.54
0,0.00,0,-844.75
0,0.00,0,-753.58
0,0.00,0,-793.46
0,0.00,0,-758.30
0,0.00,0,-819.03
0,0.00,0,-830.44
0,0.00,0,-749.01
0,0.00,0,-813.24
0,0.00,0,-770.93
0,0.00,0,-830.59
0,0.00,0,-819.03
0,0.00,0,-757.23
0,0.00,0,-794.22
0,0.00,0,-756.47
0,0.00,0,-845.05
0,0.00,0,-797.11
0,0.00,0,-763.77
0,0.00,0,-810.35
0,0.00,0,-768.49
0,0.00,0,-849.32
0,0.00,0,-787.52
0,0.00,0,-769.56
0,0.00,0,-780.97
0,0.00,0,-771.08
0,0.00,0,-857.69
0,0.00,0,-767.12
0,0.00,0,-786.30
0,0.00,0,-798.48
0,0.00,0,-786.00
0,0.00,0,-854.95
0,0.00,0,-765.45
0,0.00,0,-785.84
0,0.00,0,-767.43
0,0.00,0,-796.65
0,0.00,0,-848.55
0,0.00,0,-751.29
0,0.00,0,-807.46
0,0.00,0,-782.95
0,0.00,0,-808.98
0,0.00,0,-838.81
0,0.00,0,-755.25
0,0.00,0,-792.39
0,0.00,0,-757.69
0,0.00,0,-828.01
0,0.00,0,-817.66
0,0.00,0,-749.01
0,0.00,0,-815.83
0,0.00,0,-772.45
0,0.00,0,-840.33
0,0.00,0,-811.87
0,0.00,0,-751.29
0,0.00,0,-796.96
0,0.00,0,-758.90
0,0.00,0,-859.82
0,0.00,0,-795.74
0,0.00,0,-754.79
0,0.00,0,-817.20
0,0.00,0,-770.78
0,0.00,0,-859.06
0,0.00,0,-794.98
0,0.00,0,-767.28
0,0.00,0,-791.02
0,0.00,0,-758.75
0,0.00,0,-854.49
0,0.00,0,-772.75
0,0.00,0,-783.87
0,0.00,0,-801.98
0,0.00,0,-776.71
0,0.00,0,-845.36
0,0.00,0,-765.91
0,0.00,0,-779.45
0,0.00,0,-766.06
0,0.00,0,-801.22
0,0.00,0,-839.88
0,0.00,0,-752.82
0,0.00,0,-811.57
0,0.00,0,-788.43
0,0.00,0,-816.13
0,0.00,0,-837.90
0,0.00,0,-756.77
0,0.00,0,-799.24
0,0.00,0,-766.21
0,0.00,0,-833.79
0,0.00,0,-819.33
0,0.00,0,-753.12
0,0.00,0,-809.59
0,0.00,0,-766.21
0,0.00,0,-838.36
0,0.00,0,-805.94
0,0.00,0,-760.27
0,0.00,0,-787.21
0,0.00,0,-756.93
0,0.00,0,-842.31
0,0.00,0,-784.78
0,0.00,0,-778.39
0,0.00,0,-805.17
0,0.00,0,-780.52
0,0.00,0,-847.64
0,0.00,0,-781.28
0,0.00,0,-784.17
0,0.00,0,-778.08
0,0.00,0,-791.02
0,0.00,0,-852.21
0,0.00,0,-760.73
0,0.00,0,-798.78
0,0.00,0,-795.28
0,0.00,0,-797.56
0,0.00,0,-846.73
0,0.00,0,-758.75
0,0.00,0,-786.91
0,0.00,0,-761.03
0,0.00,0,-810.81
0,0.00,0,-835.77
0,0.00,0,-750.53
0,0.00,0,-805.63
0,0.00,0,-769.10
0,0.00,0,-824.66
0,0.00,0,-823.44
0,0.00,0,-756.32
0,0.00,0,-793.15
0,0.00,0,-757.23
0,0.00,0,-838.05
0,0.00,0,-803.20
0,0.00,0,-764.69
0,0.00,0,-814.31
0,0.00,0,-776.10
0,0.00,0,-847.03
0,0.00,0,-795.43
0,0.00,0,-770.17
0,0.00,0,-785.24
0,0.00,0,-769.56
0,0.00,0,-856.01
0,0.00,0,-774.73
0,0.00,0,-779.76
0,0.00,0,-801.37
0,0.00,0,-777.63
0,0.00,0,-852.21
0,0.00,0,-768.95
0,0.00,0,-778.69
0,0.00,0,-769.71
0,0.00,0,-789.35
0,0.00,0,-849.01
0,0.00,0,-754.79
0,0.00,0,-802.59
0,0.00,0,-783.41
0,0.00,0,-804.87
0,0.00,0,-842.31
0,0.00,0,-756.47
0,0.00,0,-795.13
0,0.00,0,-760.43
0,0.00,0,-821.46
0,0.00,0,-827.25
0,0.00,0,-750.38
0,0.00,0,-813.55
0,0.00,0,-772.45
0,0.00,0,-830.59
0,0.00,0,-817.50
0,0.00,0,-756.93
0,0.00,0,-791.17
0,0.00,0,-756.77
0,0.00,0,-845.05
0,0.00,0,-798.93
0,0.00,0,-764.54
0,0.00,0,-811.11
0,0.00,0,-768.80
0,0.00,0,-847.79
0,0.00,0,-791.32
0,0.00,0,-770.17
0,0.00,0,-783.87
0,0.00,0,-771.84
0,0.00,0,-854.34
0,0.00,0,-770.62
0,0.00,0,-787.52
0,0.00,0,-795.28
0,0.00,0,-785.54
0,0.00,0,-850.23
0,0.00,0,-764.54
0,0.00,0,-786.61
0,0.00,0,-766.36
0,0.00,0,-798.78
0,0.00,0,-844.14
0,0.00,0,-754.64
0,0.00,0,-808.68
0,0.00,0,-781.28
0,0.00,0,-814.31
0,0.00,0,-837.90
0,0.00,0,-758.75
0,0.00,0,-792.85
0,0.00,0,-758.75
0,0.00,0,-829.38
0,0.00,0,-819.79
0,0.00,0,-756.16
0,0.00,0,-813.85
0,0.00,0,-770.62
0,0.00,0,-834.09
0,0.00,0,-807.76
0,0.00,0,-761.49
0,0.00,0,-787.37
0,0.00,0,-762.71
0,0.00,0,-849.47
0,0.00,0,-787.67
0,0.00,0,-773.21
0,0.00,0,-806.24
0,0.00,0,-777.47
0,0.00,0,-852.82
0,0.00,0,-781.74
0,0.00,0,-779.76
0,0.00,0,-781.13
0,0.00,0,-779.30
0,0.00,0,-854.95
0,0.00,0,-763.62
0,0.00,0,-793.91
0,0.00,0,-793.61
0,0.00,0,-791.78
0,0.00,0,-848.86
0,0.00,0,-763.01
0,0.00,0,-786.45
0,0.00,0,-761.34
0,0.00,0,-803.81
0,0.00,0,-839.57
0,0.00,0,-752.36
0,0.00,0,-811.87
0,0.00,0,-780.52
0,0.00,0,-816.29
0,0.00,0,-831.96
0,0.00,0,-757.23
0,0.00,0,-794.67
0,0.00,0,-760.27
0,0.00,0,-834.55
0,0.00,0,-812.18
0,0.00,0,-757.99
0,0.00,0,-813.09
0,0.00,0,-768.19
0,0.00,0,-839.88
0,0.00,0,-802.44
0,0.00,0,-764.08
0,0.00,0,-789.50
0,0.00,0,-762.10
0,0.00,0,-851.45
0,0.00,0,-783.10
0,0.00,0,-777.17
0,0.00,0,-803.96
0,0.00,0,-777.32
0,0.00,0,-852.66
0,0.00,0,-777.17
0,0.00,0,-779.00
0,0.00,0,-774.43
0,0.00,0,-782.04
0,0.00,0,-851.45
0,0.00,0,-761.49
0,0.00,0,-798.02
0,0.00,0,-790.11
0,0.00,0,-797.56
0,0.00,0,-845.05
0,0.00,0,-761.49
0,0.00,0,-790.87
0,0.00,0,-762.40
0,0.00,0,-813.09
0,0.00,0,-834.09
0,0.00,0,-754.49
0,0.00,0,-812.02
0,0.00,0,-775.04
0,0.00,0,-824.20
0,0.00,0,-825.88
0,0.00,0,-758.75
0,0.00,0,-793.00
0,0.00,0,-756.77
0,0.00,0,-836.99
0,0.00,0,-804.26
0,0.00,0,-762.56
0,0.00,0,-807.00
0,0.00,0,-770.78
0,0.00,0,-846.12
0,0.00,0,-793.61
0,0.00,0,-769.71
0,0.00,0,-781.74
0,0.00,0,-767.88
0,0.00,0,-852.36
0,0.00,0,-774.28
0,0.00,0,-783.41
0,0.00,0,-800.61
0,0.00,0,-783.41
0,0.00,0,-850.99
0,0.00,0,-770.47
0,0.00,0,-782.04
0,0.00,0,-768.65
0,0.00,0,-793.61
0,0.00,0,-849.62
0,0.00,0,-755.10
0,0.00,0,-802.28
0,0.00,0,-784.78
0,0.00,0,-804.41
0,0.00,0,-842.31
0,0.00,0,-755.71
0,0.00,0,-792.39
0,0.00,0,-758.75
0,0.00,0,-820.70
0,0.00,0,-828.77
0,0.00,0,-752.51
0,0.00,0,-813.24
0,0.00,0,-772.60
0,0.00,0,-831.35
0,0.00,0,-820.70
0,0.00,0,-758.90
0,0.00,0,-793.15
0,0.00,0,-756.47
0,0.00,0,-842.77
0,0.00,0,-801.22
0,0.00,0,-763.17
0,0.00,0,-812.48
0,0.00,0,-771.84
0,0.00,0,-847.49
0,0.00,0,-792.85
0,0.00,0,-767.73
0,0.00,0,-782.50
0,0.00,0,-769.71
0,0.00,0,-853.88
0,0.00,0,-772.60
0,0.00,0,-786.15
0,0.00,0,-801.22
0,0.00,0,-781.89
0,0.00,0,-852.51
0,0.00,0,-769.56
0,0.00,0,-784.63
0,0.00,0,-771.39
0,0.00,0,-793.30
0,0.00,0,-848.40
0,0.00,0,-754.79
0,0.00,0,-805.17
0,0.00,0,-784.63
0,0.00,0,-807.76
0,0.00,0,-841.86
0,0.00,0,-755.86
0,0.00,0,-792.85
0,0.00,0,-758.45
0,0.00,0,-822.37
0,0.00,0,-826.03
0,0.00,0,-751.90
0,0.00,0,-814.61
0,0.00,0,-772.75
0,0.00,0,-832.42
0,0.00,0,-815.98
0,0.00,0,-757.84
0,0.00,0,-789.80
0,0.00,0,-760.12
0,0.00,0,-849.01
0,0.00,0,-793.91
0,0.00,0,-766.06
0,0.00,0,-810.65
0,0.00,0,-774.12
0,0.00,0,-849.32
0,0.00,0,-786.76
0,0.00,0,-770.17
0,0.00,0,-778.39
0,0.00,0,-774.89
0,0.00,0,-854.03
0,0.00,0,-767.28
0,0.00,0,-789.35
0,0.00,0,-795.43
0,0.00,0,-789.35
0,0.00,0,-850.38
0,0.00,0,-764.99
0,0.00,0,-786.15
0,0.00,0,-764.84
0,0.00,0,-801.07
0,0.00,0,-843.84
0,0.00,0,-753.73
0,0.00,0,-807.00
0,0.00,0,-780.37
0,0.00,0,-814.76
0,0.00,0,-834.70
0,0.00,0,-756.32
0,0.00,0,-793.00
0,0.00,0,-757.99
0,0.00,0,-829.22
0,0.00,0,-817.35
0,0.00,0,-754.49
0,0.00,0,-815.98
0,0.00,0,-772.15
0,0.00,0,-836.83
0,0.00,0,-808.07
0,0.00,0,-761.34
0,0.00,0,-791.63
0,0.00,0,-762.56
0,0.00,0,-851.60
0,0.00,0,-787.37
0,0.00,0,-772.45
0,0.00,0,-808.52
0,0.00,0,-774.12
0,0.00,0,-854.03
0,0.00,0,-780.37
0,0.00,0,-774.73
0,0.00,0,-777.32
0,0.00,0,-778.39
0,0.00,0,-856.01
0,0.00,0,-761.49
0,0.00,0,-793.91
0,0.00,0,-793.76
0,0.00,0,-795.59
0,0.00,0,-850.23
0,0.00,0,-760.43
0,0.00,0,-789.65
0,0.00,0,-765.14
0,0.00,0,-811.26
0,0.00,0,-838.96
0,0.00,0,-752.36
0,0.00,0,-810.81
0,0.00,0,-776.86
0,0.00,0,-820.24
0,0.00,0,-826.03
0,0.00,0,-758.14
0,0.00,0,-789.95
0,0.00,0,-757.99
0,0.00,0,-837.75
0,0.00,0,-806.39
0,0.00,0,-762.10
0,0.00,0,-808.07
0,0.00,0,-771.08
0,0.00,0,-844.60
0,0.00,0,-797.11
0,0.00,0,-768.04
0,0.00,0,-781.28
0,0.00,0,-768.34
0,0.00,0,-853.12
0,0.00,0,-776.56
0,0.00,0,-781.58
0,0.00,0,-804.11
0,0.00,0,-783.41
0,0.00,0,-852.82
0,0.00,0,-773.82
0,0.00,0,-781.28
0,0.00,0,-770.62
0,0.00,0,-787.52
0,0.00,0,-851.75
0,0.00,0,-756.01
0,0.00,0,-800.76
0,0.00,0,-788.74
0,0.00,0,-800.46
0,0.00,0,-845.81
0,0.00,0,-756.01
0,0.00,0,-790.56
0,0.00,0,-759.06
0,0.00,0,-815.68
0,0.00,0,-833.94
0,0.00,0,-749.16
0,0.00,0,-814.46
0,0.00,0,-773.97
0,0.00,0,-825.11
0,0.00,0,-825.27
0,0.00,0,-755.56
0,0.00,0,-794.37
0,0.00,0,-756.32
0,0.00,0,-840.33
0,0.00,0,-804.26
0,0.00,0,-760.58
0,0.00,0,-816.29
0,0.00,0,-769.25
0,0.00,0,-844.60
0,0.00,0,-796.19
0,0.00,0,-765.14
0,0.00,0,-782.50
0,0.00,0,-766.67
0,0.00,0,-854.19
0,0.00,0,-775.80
0,0.00,0,-784.32
0,0.00,0,-802.59
0,0.00,0,-783.10
0,0.00,0,-851.29
0,0.00,0,-770.62
0,0.00,0,-780.67
0,0.00,0,-768.65
0,0.00,0,-794.22
0,0.00,0,-846.88
0,0.00,0,-757.53
0,0.00,0,-804.57
0,0.00,0,-784.47
0,0.00,0,-807.91
0,0.00,0,-838.96
0,0.00,0,-758.14
0,0.00,0,-788.89
0,0.00,0,-757.99
0,0.00,0,-824.35
0,0.00,0,-822.98
0,0.00,0,-754.79
0,0.00,0,-812.33
0,0.00,0,-773.82
0,0.00,0,-833.49
0,0.00,0,-814.76
0,0.00,0,-761.64
0,0.00,0,-787.67
0,0.00,0,-758.45
0,0.00,0,-846.73
0,0.00,0,-794.67
0,0.00,0,-768.04
0,0.00,0,-810.20
0,0.00,0,-773.52
0,0.00,0,-849.32
0,0.00,0,-788.13
0,0.00,0,-770.62
0,0.00,0,-777.17
0,0.00,0,-773.21
0,0.00,0,-853.73
0,0.00,0,-768.34
0,0.00,0,-789.65
0,0.00,0,-799.70
0,0.00,0,-787.52
0,0.00,0,-850.84
0,0.00,0,-766.82
0,0.00,0,-784.93
0,0.00,0,-766.06
0,0.00,0,-796.04
0,0.00,0,-845.66
0,0.00,0,-752.21
0,0.00,0,-807.76
0,0.00,0,-784.17
0,0.00,0,-808.98
0,0.00,0,-838.96
0,0.00,0,-755.10
0,0.00,0,-789.95
0,0.00,0,-755.71
0,0.00,0,-825.42
0,0.00,0,-821.61
0,0.00,0,-754.79
0,0.00,0,-813.70
0,0.00,0,-771.54
0,0.00,0,-835.62
0,0.00,0,-811.87
0,0.00,0,-762.25
0,0.00,0,-790.72
0,0.00,0,-762.10
0,0.00,0,-848.71
0,0.00,0,-790.11
0,0.00,0,-771.54
0,0.00,0,-811.11
0,0.00,0,-776.10
0,0.00,0,-849.47
0,0.00,0,-783.26
0,0.00,0,-772.75
0,0.00,0,-775.04
0,0.00,0,-776.86
0,0.00,0,-852.82
0,0.00,0,-765.45
0,0.00,0,-792.54
0,0.00,0,-791.48
0,0.00,0,-792.85
0,0.00,0,-848.40
0,0.00,0,-762.40
0,0.00,0,-787.06
0,0.00,0,-763.32
0,0.00,0,-807.76
0,0.00,0,-838.96
0,0.00,0,-755.71
0,0.00,0,-808.22
0,0.00,0,-776.71
0,0.00,0,-820.85
0,0.00,0,-828.77
0,0.00,0,-759.06
0,0.00,0,-791.32
0,0.00,0,-757.08
0,0.00,0,-833.94
0,0.00,0,-809.59
0,0.00,0,-760.88
0,0.00,0,-810.35
0,0.00,0,-771.08
0,0.00,0,-842.31
0,0.00,0,-799.54
0,0.00,0,-767.43
0,0.00,0,-784.93
0,0.00,0,-766.67
0,0.00,0,-853.12
0,0.00,0,-780.06
0,0.00,0,-779.30
0,0.00,0,-801.52
0,0.00,0,-781.13
0,0.00,0,-854.95
0,0.00,0,-772.91
0,0.00,0,-779.91
0,0.00,0,-773.52
0,0.00,0,-785.69
0,0.00,0,-853.58
0,0.00,0,-756.77
0,0.00,0,-797.87
0,0.00,0,-789.04
0,0.00,0,-798.48
0,0.00,0,-848.40
0,0.00,0,-757.23
0,0.00,0,-791.78
0,0.00,0,-761.34
0,0.00,0,-811.26
0,0.00,0,-838.36
0,0.00,0,-749.32
0,0.00,0,-811.87
0,0.00,0,-774.28
0,0.00,0,-821.46
0,0.00,0,-828.77
0,0.00,0,-753.42
0,0.00,0,-793.76
0,0.00,0,-756.77
0,0.00,0,-839.12
0,0.00,0,-808.68
0,0.00,0,-757.69
0,0.00,0,-816.44
0,0.00,0,-771.23
0,0.00,0,-844.90
0,0.00,0,-800.46
0,0.00,0,-764.99
0,0.00,0,-790.41
0,0.00,0,-765.75
0,0.00,0,-853.12
0,0.00,0,-778.23
0,0.00,0,-780.06
0,0.00,0,-805.02
0,0.00,0,-779.30
0,0.00,0,-851.29
0,0.00,0,-772.45
0,0.00,0,-780.37
0,0.00,0,-772.75
0,0.00,0,-789.80
0,0.00,0,-848.40
0,0.00,0,-756.16
0,0.00,0,-801.22
0,0.00,0,-786.30
0,0.00,0,-804.87
0,0.00,0,-842.01
0,0.00,0,-757.99
0,0.00,0,-792.54
0,0.00,0,-760.88
0,0.00,0,-819.63
0,0.00,0,-827.40
0,0.00,0,-751.75
0,0.00,0,-813.70
0,0.00,0,-774.28
0,0.00,0,-829.38
0,0.00,0,-819.63
0,0.00,0,-759.97
0,0.00,0,-793.00
0,0.00,0,-759.21
0,0.00,0,-842.92
0,0.00,0,-798.63
0,0.00,0,-766.36
0,0.00,0,-809.44
0,0.00,0,-771.08
0,0.00,0,-847.49
0,0.00,0,-787.21
0,0.00,0,-770.32
0,0.00,0,-779.76
0,0.00,0,-773.36
0,0.00,0,-853.42
0,0.00,0,-769.41
0,0.00,0,-787.52
0,0.00,0,-795.89
0,0.00,0,-790.26
0,0.00,0,-850.84
0,0.00,0,-766.21
0,0.00,0,-788.89
0,0.00,0,-769.86
0,0.00,0,-799.70
0,0.00,0,-843.68
0,0.00,0,-755.56
0,0.00,0,-807.46
0,0.00,0,-781.28
0,0.00,0,-811.11
0,0.00,0,-834.55
0,0.00,0,-756.32
0,0.00,0,-790.72
0,0.00,0,-756.77
0,0.00,0,-827.09
0,0.00,0,-819.18
0,0.00,0,-757.69
0,0.00,0,-811.72
0,0.00,0,-770.62
0,0.00,0,-838.36
0,0.00,0,-808.22
0,0.00,0,-763.93
0,0.00,0,-791.93
0,0.00,0,-762.86
0,0.00,0,-848.71
0,0.00,0,-787.37
0,0.00,0,-773.82
0,0.00,0,-805.48
0,0.00,0,-777.17
0,0.00,0,-852.36
0,0.00,0,-780.52
0,0.00,0,-776.56
0,0.00,0,-774.73
0,0.00,0,-780.97
0,0.00,0,-852.82
0,0.00,0,-764.54
0,0.00,0,-796.35
0,0.00,0,-791.17
0,0.00,0,-796.96
0,0.00,0,-848.40
0,0.00,0,-764.08
0,0.00,0,-791.17
0,0.00,0,-763.93
0,0.00,0,-808.83
0,0.00,0,-837.60
0,0.00,0,-754.49
0,0.00,0,-808.98
0,0.00,0,-775.34
0,0.00,0,-820.55
0,0.00,0,-828.92
0,0.00,0,-756.62
0,0.00,0,-791.78
0,0.00,0,-754.79
0,0.00,0,-833.64
0,0.00,0,-809.89
0,0.00,0,-757.99
0,0.00,0,-812.94
0,0.00,0,-770.78
0,0.00,0,-843.68
0,0.00,0,-803.04
0,0.00,0,-766.21
0,0.00,0,-789.80
0,0.00,0,-763.47
0,0.00,0,-851.90
0,0.00,0,-780.97
0,0.00,0,-776.86
0,0.00,0,-805.02
0,0.00,0,-775.95
0,0.00,0,-852.97
0,0.00,0,-773.82
0,0.00,0,-776.71
0,0.00,0,-770.62
0,0.00,0,-780.52
0,0.00,0,-851.90
0,0.00,0,-757.38
0,0.00,0,-797.26
0,0.00,0,-787.06
0,0.00,0,-797.72
0,0.00,0,-847.64
0,0.00,0,-758.90
0,0.00,0,-794.52
0,0.00,0,-762.56
0,0.00,0,-813.09
0,0.00,0,-836.53
0,0.00,0,-750.84
0,0.00,0,-813.39
0,0.00,0,-776.10
0,0.00,0,-822.37
0,0.00,0,-826.48
0,0.00,0,-755.56
0,0.00,0,-791.32
0,0.00,0,-753.88
0,0.00,0,-836.83
0,0.00,0,-807.15
0,0.00,0,-760.27
0,0.00,0,-810.05
0,0.00,0,-768.19
0,0.00,0,-844.60
0,0.00,0,-795.28
0,0.00,0,-768.04
0,0.00,0,-786.00
0,0.00,0,-768.80
0,0.00,0,-853.88
0,0.00,0,-776.26
0,0.00,0,-783.41
0,0.00,0,-802.13
0,0.00,0,-782.65
0,0.00,0,-853.42
0,0.00,0,-771.99
0,0.00,0,-782.95
0,0.00,0,-771.23
0,0.00,0,-787.82
0,0.00,0,-848.86
0,0.00,0,-754.79
0,0.00,0,-800.00
0,0.00,0,-783.10
0,0.00,0,-803.20
0,0.00,0,-841.70
0,0.00,0,-755.86
0,0.00,0,-792.69
0,0.00,0,-758.45
0,0.00,0,-820.24
0,0.00,0,-829.22
0,0.00,0,-752.66
0,0.00,0,-814.61
0,0.00,0,-772.91
0,0.00,0,-830.14
0,0.00,0,-821.31
0,0.00,0,-758.90
0,0.00,0,-796.04
0,0.00,0,-758.30
0,0.00,0,-844.14
0,0.00,0,-801.52
0,0.00,0,-762.10
0,0.00,0,-814.31
0,0.00,0,-770.62
0,0.00,0,-848.25
0,0.00,0,-794.37
0,0.00,0,-768.04
0,0.00,0,-786.91
0,0.00,0,-765.91
0,0.00,0,-854.95
0,0.00,0,-773.06
0,0.00,0,-783.10
0,0.00,0,-803.35
0,0.00,0,-780.97
0,0.00,0,-854.95
0,0.00,0,-770.32
0,0.00,0,-784.17
0,0.00,0,-773.82
0,0.00,0,-789.35
0,0.00,0,-850.23
0,0.00,0,-753.27
0,0.00,0,-802.13
0,0.00,0,-783.71
0,0.00,0,-803.35
0,0.00,0,-842.01
0,0.00,0,-755.40
0,0.00,0,-794.52
0,0.00,0,-759.51
0,0.00,0,-819.79
0,0.00,0,-827.55
0,0.00,0,-753.27
0,0.00,0,-817.50
0,0.00,0,-773.82
0,0.00,0,-831.81
0,0.00,0,-819.03
0,0.00,0,-759.82
0,0.00,0,-796.35
0,0.00,0,-760.88
0,0.00,0,-845.66
0,0.00,0,-796.65
0,0.00,0,-766.06
0,0.00,0,-808.07
0,0.00,0,-772.30
0,0.00,0,-850.23
0,0.00,0,-785.39
0,0.00,0,-771.08
0,0.00,0,-780.37
0,0.00,0,-773.52
0,0.00,0,-852.66
0,0.00,0,-766.36
0,0.00,0,-788.89
0,0.00,0,-796.96
0,0.00,0,-791.48
0,0.00,0,-851.75
0,0.00,0,-766.36
0,0.00,0,-787.98
0,0.00,0,-768.65
0,0.00,0,-802.13
0,0.00,0,-843.84
0,0.00,0,-754.03
0,0.00,0,-807.61
0,0.00,0,-779.60
0,0.00,0,-812.63
0,0.00,0,-835.46
0,0.00,0,-756.62
0,0.00,0,-793.91
0,0.00,0,-757.99
0,0.00,0,-829.53
0,0.00,0,-817.66
0,0.00,0,-754.95
0,0.00,0,-812.79
0,0.00,0,-770.02
0,0.00,0,-838.81
0,0.00,0,-809.28
0,0.00,0,-762.40
0,0.00,0,-794.22
0,0.00,0,-760.58
0,0.00,0,-849.77
0,0.00,0,-788.43
0,0.00,0,-770.17
0,0.00,0,-807.00
0,0.00,0,-772.91
0,0.00,0,-850.53
0,0.00,0,-778.54
0,0.00,0,-771.84
0,0.00,0,-774.58
0,0.00,0,-775.95
0,0.00,0,-853.88
0,0.00,0,-761.34
0,0.00,0,-791.17
0,0.00,0,-790.56
0,0.00,0,-791.78
0,0.00,0,-850.38
0,0.00,0,-760.43
0,0.00,0,-791.02
0,0.00,0,-767.12
0,0.00,0,-807.76
0,0.00,0,-842.31
0,0.00,0,-752.82
0,0.00,0,-810.20
0,0.00,0,-775.34
0,0.00,0,-818.11
0,0.00,0,-831.66
0,0.00,0,-757.08
0,0.00,0,-795.28
0,0.00,0,-757.53
0,0.00,0,-833.33
0,0.00,0,-812.02
0,0.00,0,-760.12
0,0.00,0,-810.05
0,0.00,0,-770.32
0,0.00,0,-843.38
0,0.00,0,-799.85
0,0.00,0,-766.97
0,0.00,0,-787.37
0,0.00,0,-767.43
0,0.00,0,-853.27
0,0.00,0,-780.21
0,0.00,0,-780.21
0,0.00,0,-801.52
0,0.00,0,-780.82
0,0.00,0,-850.99
0,0.00,0,-771.99
0,0.00,0,-779.30
0,0.00,0,-769.10
0,0.00,0,-789.04
0,0.00,0,-848.25
0,0.00,0,-757.69
0,0.00,0,-800.00
0,0.00,0,-783.26
0,0.00,0,-804.26
0,0.00,0,-841.86
0,0.00,0,-760.58
0,0.00,0,-793.61
0,0.00,0,-759.36
0,0.00,0,-819.33
0,0.00,0,-830.29
0,0.00,0,-754.34
0,0.00,0,-812.02
0,0.00,0,-772.45
0,0.00,0,-828.16
0,0.00,0,-821.77
0,0.00,0,-758.14
0,0.00,0,-792.69
0,0.00,0,-755.71
0,0.00,0,-842.62
0,0.00,0,-802.13
0,0.00,0,-760.27
0,0.00,0,-812.33
0,0.00,0,-769.41
0,0.00,0,-847.03
0,0.00,0,-794.22
0,0.00,0,-768.19
0,0.00,0,-786.61
0,0.00,0,-765.30
0,0.00,0,-854.64
0,0.00,0,-773.82
0,0.00,0,-782.50
0,0.00,0,-801.07
0,0.00,0,-779.45
0,0.00,0,-853.88
0,0.00,0,-770.32
0,0.00,0,-783.10
0,0.00,0,-770.93
0,0.00,0,-789.50
0,0.00,0,-851.29
0,0.00,0,-756.32
0,0.00,0,-802.44
0,0.00,0,-783.56
0,0.00,0,-803.50
0,0.00,0,-842.77
0,0.00,0,-756.62
0,0.00,0,-793.76
0,0.00,0,-759.97
0,0.00,0,-821.16
0,0.00,0,-827.85
0,0.00,0,-754.49
0,0.00,0,-814.16
0,0.00,0,-771.99
0,0.00,0,-831.66
0,0.00,0,-817.35
0,0.00,0,-762.40
0,0.00,0,-794.52
0,0.00,0,-757.84
0,0.00,0,-844.60
0,0.00,0,-796.50
0,0.00,0,-768.95
0,0.00,0,-808.68
0,0.00,0,-772.60
0,0.00,0,-849.47
0,0.00,0,-787.37
0,0.00,0,-773.97
0,0.00,0,-779.30
0,0.00,0,-773.52
0,0.00,0,-853.58
0,0.00,0,-768.34
0,0.00,0,-787.52
0,0.00,0,-795.13
0,0.00,0,-788.89
0,0.00,0,-850.53
0,0.00,0,-766.67
0,0.00,0,-787.06
0,0.00,0,-766.36
0,0.00,0,-799.39
0,0.00,0,-844.75
0,0.00,0,-755.56
0,0.00,0,-806.09
0,0.00,0,-781.58
0,0.00,0,-811.87
0,0.00,0,-836.99
0,0.00,0,-758.14
0,0.00,0,-795.74
0,0.00,0,-758.60
0,0.00,0,-825.42
0,0.00,0,-821.16
0,0.00,0,-754.49
0,0.00,0,-813.55
0,0.00,0,-770.17
0,0.00,0,-834.40
0,0.00,0,-811.57
0,0.00,0,-759.67
0,0.00,0,-789.95
0,0.00,0,-758.30
0,0.00,0,-847.95
0,0.00,0,-790.56
0,0.00,0,-768.34
0,0.00,0,-811.26
0,0.00,0,-771.84
0,0.00,0,-849.47
0,0.00,0,-786.61
0,0.00,0,-773.67
0,0.00,0,-781.89
0,0.00,0,-774.43
0,0.00,0,-855.10
0,0.00,0,-767.28
0,0.00,0,-790.56
0,0.00,0,-796.35
0,0.00,0,-787.21
0,0.00,0,-851.60
0,0.00,0,-764.84
0,0.00,0,-785.84
0,0.00,0,-764.69
0,0.00,0,-799.24
0,0.00,0,-844.29
0,0.00,0,-753.88
0,0.00,0,-807.00
0,0.00,0,-778.84
0,0.00,0,-814.31
0,0.00,0,-834.09
0,0.00,0,-758.30
0,0.00,0,-793.91
0,0.00,0,-757.84
0,0.00,0,-829.98
0,0.00,0,-815.37
0,0.00,0,-759.82
0,0.00,0,-812.63
0,0.00,0,-771.54
0,0.00,0,-837.29
0,0.00,0,-801.98
0,0.00,0,-766.06
0,0.00,0,-785.08
0,0.00,0,-766.51
0,0.00,0,-850.38
0,0.00,0,-783.56
0,0.00,0,-779.45
0,0.00,0,-801.37
0,0.00,0,-780.82
0,0.00,0,-850.08
0,0.00,0,-775.95
0,0.00,0,-779.76
0,0.00,0,-771.39
0,0.00,0,-785.69
0,0.00,0,-849.62
0,0.00,0,-761.34
0,0.00,0,-798.02
0,0.00,0,-787.52
0,0.00,0,-801.22
0,0.00,0,-845.51
0,0.00,0,-762.40
0,0.00,0,-791.17
0,0.00,0,-761.19
0,0.00,0,-813.09
0,0.00,0,-833.79
0,0.00,0,-753.12
0,0.00,0,-810.81
0,0.00,0,-775.04
0,0.00,0,-820.40
0,0.00,0,-825.42
0,0.00,0,-758.60
0,0.00,0,-790.87
0,0.00,0,-755.86
0,0.00,0,-836.99
0,0.00,0,-807.91
0,0.00,0,-762.10
0,0.00,0,-813.39
0,0.00,0,-770.32
0,0.00,0,-842.47
0,0.00,0,-801.67
0,0.00,0,-768.34
0,0.00,0,-787.98
0,0.00,0,-765.91
0,0.00,0,-851.14
0,0.00,0,-780.97
0,0.00,0,-781.28
0,0.00,0,-807.46
0,0.00,0,-779.15
0,0.00,0,-850.99
0,0.00,0,-776.86
0,0.00,0,-780.67
0,0.00,0,-773.97
0,0.00,0,-784.17
0,0.00,0,-851.14
0,0.00,0,-759.36
0,0.00,0,-799.09
0,0.00,0,-788.89
0,0.00,0,-796.96
0,0.00,0,-843.68
0,0.00,0,-760.73
0,0.00,0,-787.98
0,0.00,0,-758.75
0,0.00,0,-813.55
0,0.00,0,-831.35
0,0.00,0,-756.01
0,0.00,0,-811.72
0,0.00,0,-775.19
0,0.00,0,-825.72
0,0.00,0,-821.61
0,0.00,0,-760.12
0,0.00,0,-790.56
0,0.00,0,-759.06
0,0.00,0,-839.27
0,0.00,0,-802.74
0,0.00,0,-766.97
0,0.00,0,-811.42
0,0.00,0,-773.97
0,0.00,0,-843.99
0,0.00,0,-794.98
0,0.00,0,-770.02
0,0.00,0,-778.23
0,0.00,0,-770.17
0,0.00,0,-850.23
0,0.00,0,-775.34
0,0.00,0,-785.24
0,0.00,0,-799.70
0,0.00,0,-785.24
0,0.00,0,-849.47
0,0.00,0,-774.28
0,0.00,0,-782.65
0,0.00,0,-768.04
0,0.00,0,-791.93
0,0.00,0,-847.64
0,0.00,0,-757.99
0,0.00,0,-801.52
0,0.00,0,-786.91
0,0.00,0,-802.89
0,0.00,0,-841.70
0,0.00,0,-761.64
0,0.00,0,-789.50
0,0.00,0,-757.53
0,0.00,0,-816.89
0,0.00,0,-827.85
0,0.00,0,-754.49
0,0.00,0,-812.63
0,0.00,0,-774.58
0,0.00,0,-826.94
0,0.00,0,-819.63
0,0.00,0,-760.43
0,0.00,0,-789.95
0,0.00,0,-759.36
0,0.00,0,-841.70
0,0.00,0,-801.67
0,0.00,0,-766.21
0,0.00,0,-813.39
0,0.00,0,-774.73
0,0.00,0,-845.81
0,0.00,0,-794.82
0,0.00,0,-770.47
0,0.00,0,-780.37
0,0.00,0,-769.71
0,0.00,0,-851.45
0,0.00,0,-775.19
0,0.00,0,-784.17
0,0.00,0,-798.33
0,0.00,0,-783.56
0,0.00,0,-847.95
0,0.00,0,-771.23
0,0.00,0,-781.89
0,0.00,0,-765.60
0,0.00,0,-796.50
0,0.00,0,-843.53
0,0.00,0,-761.03
0,0.00,0,-805.48
0,0.00,0,-786.61
0,0.00,0,-810.65
0,0.00,0,-836.53
0,0.00,0,-763.17
0,0.00,0,-788.58
0,0.00,0,-759.06
0,0.00,0,-822.83
0,0.00,0,-820.24
0,0.00,0,-760.12
0,0.00,0,-810.05
0,0.00,0,-771.99
0,0.00,0,-830.75
0,0.00,0,-811.87
0,0.00,0,-764.23
0,0.00,0,-781.58
0,0.00,0,-760.27
0,0.00,0,-843.07
0,0.00,0,-792.69
0,0.00,0,-774.28
0,0.00,0,-807.31
0,0.00,0,-778.54
0,0.00,0,-847.18
0,0.00,0,-789.35
0,0.00,0,-775.04
0,0.00,0,-772.60
0,0.00,0,-775.65
0,0.00,0,-850.23
0,0.00,0,-770.17
0,0.00,0,-790.26
0,0.00,0,-794.52
0,0.00,0,-789.95
0,0.00,0,-846.27
0,0.00,0,-770.32
0,0.00,0,-787.37
0,0.00,0,-764.23
0,0.00,0,-802.44
0,0.00,0,-841.40
0,0.00,0,-759.36
0,0.00,0,-808.83
0,0.00,0,-781.58
0,0.00,0,-810.65
0,0.00,0,-834.70
0,0.00,0,-761.80
0,0.00,0,-788.28
0,0.00,0,-754.64
0,0.00,0,-825.42
0,0.00,0,-819.94
0,0.00,0,-757.69
0,0.00,0,-813.39
0,0.00,0,-773.82
0,0.00,0,-833.18
0,0.00,0,-813.70
0,0.00,0,-764.84
0,0.00,0,-787.06
0,0.00,0,-760.88
0,0.00,0,-845.66
0,0.00,0,-793.30
0,0.00,0,-773.97
0,0.00,0,-809.59
0,0.00,0,-774.28
0,0.00,0,-844.60
0,0.00,0,-785.39
0,0.00,0,-774.89
0,0.00,0,-771.99
0,0.00,0,-776.56
0,0.00,0,-848.25
0,0.00,0,-768.95
0,0.00,0,-792.85
0,0.00,0,-791.78
0,0.00,0,-794.06
0,0.00,0,-845.51
0,0.00,0,-769.41
0,0.00,0,-787.67
0,0.00,0,-762.56
0,0.00,0,-805.78
0,0.00,0,-838.66
0,0.00,0,-759.97
0,0.00,0,-809.74
0,0.00,0,-786.30
0,0.00,0,-814.76
0,0.00,0,-832.57
0,0.00,0,-764.23
0,0.00,0,-786.91
0,0.00,0,-757.53
0,0.00,0,-827.09
0,0.00,0,-814.92
0,0.00,0,-761.03
0,0.00,0,-809.74
0,0.00,0,-771.84
0,0.00,0,-833.79
0,0.00,0,-805.94
0,0.00,0,-766.21
0,0.00,0,-781.28
0,0.00,0,-763.17
0,0.00,0,-845.97
0,0.00,0,-788.13
0,0.00,0,-779.45
0,0.00,0,-809.59
0,0.00,0,-782.65
0,0.00,0,-847.64
0,0.00,0,-787.98
0,0.00,0,-780.97
0,0.00,0,-775.65
0,0.00,0,-781.28
0,0.00,0,-848.71
0,0.00,0,-766.36
0,0.00,0,-791.93
0,0.00,0,-791.93
0,0.00,0,-791.17
0,0.00,0,-842.92
0,0.00,0,-764.99
0,0.00,0,-781.13
0,0.00,0,-757.08
0,0.00,0,-803.20
0,0.00,0,-835.77
0,0.00,0,-759.21
0,0.00,0,-809.74
0,0.00,0,-780.82
0,0.00,0,-816.59
0,0.00,0,-832.12
0,0.00,0,-764.54
0,0.00,0,-790.26
0,0.00,0,-756.77
0,0.00,0,-828.46
0,0.00,0,-814.00
0,0.00,0,-762.40
0,0.00,0,-813.85
0,0.00,0,-774.43
0,0.00,0,-834.55
0,0.00,0,-807.15
0,0.00,0,-767.28
0,0.00,0,-781.13
0,0.00,0,-763.93
0,0.00,0,-845.66
0,0.00,0,-786.30
0,0.00,0,-779.60
0,0.00,0,-807.91
0,0.00,0,-780.67
0,0.00,0,-847.64
0,0.00,0,-784.93
0,0.00,0,-779.30
0,0.00,0,-772.91
0,0.00,0,-782.95
0,0.00,0,-849.47
0,0.00,0,-766.82
0,0.00,0,-794.67
0,0.00,0,-793.76
0,0.00,0,-796.80
0,0.00,0,-843.84
0,0.00,0,-767.88
0,0.00,0,-785.54
0,0.00,0,-761.19
0,0.00,0,-806.85
0,0.00,0,-833.94
0,0.00,0,-759.21
0,0.00,0,-809.28
0,0.00,0,-780.67
0,0.00,0,-817.05
0,0.00,0,-827.70
0,0.00,0,-763.47
0,0.00,0,-785.84
0,0.00,0,-756.01
0,0.00,0,-832.12
0,0.00,0,-810.20
0,0.00,0,-763.47
0,0.00,0,-813.09
0,0.00,0,-775.34
0,0.00,0,-837.14
0,0.00,0,-805.94
0,0.00,0,-767.88
0,0.00,0,-781.74
0,0.00,0,-764.54
0,0.00,0,-847.79
0,0.00,0,-785.39
0,0.00,0,-778.23
0,0.00,0,-808.83
0,0.00,0,-779.00
0,0.00,0,-846.42
0,0.00,0,-783.10
0,0.00,0,-776.10
0,0.00,0,-771.08
0,0.00,0,-781.89
0,0.00,0,-848.25
0,0.00,0,-763.62
0,0.00,0,-797.41
0,0.00,0,-796.96
0,0.00,0,-796.19
0,0.00,0,-845.97
0,0.00,0,-768.34
0,0.00,0,-787.21
0,0.00,0,-762.25
0,0.00,0,-806.54
0,0.00,0,-837.75
0,0.00,0,-756.93
0,0.00,0,-809.44
0,0.00,0,-781.43
0,0.00,0,-815.53
0,0.00,0,-828.01
0,0.00,0,-760.27
0,0.00,0,-784.63
0,0.00,0,-756.93
0,0.00,0,-831.51
0,0.00,0,-810.35
0,0.00,0,-765.30
0,0.00,0,-812.79
0,0.00,0,-777.02
0,0.00,0,-837.14
0,0.00,0,-804.41
0,0.00,0,-769.71
0,0.00,0,-779.91
0,0.00,0,-767.73
0,0.00,0,-845.51
0,0.00,0,-784.02
0,0.00,0,-782.50
0,0.00,0,-803.20
0,0.00,0,-783.41
0,0.00,0,-844.14
0,0.00,0,-780.06
0,0.00,0,-778.08
0,0.00,0,-765.60
0,0.00,0,-786.61
0,0.00,0,-842.16
0,0.00,0,-764.84
0,0.00,0,-797.56
0,0.00,0,-790.26
0,0.00,0,-801.52
0,0.00,0,-839.27
0,0.00,0,-769.56
0,0.00,0,-787.21
0,0.00,0,-761.95
0,0.00,0,-815.07
0,0.00,0,-830.75
0,0.00,0,-761.49
0,0.00,0,-811.57
0,0.00,0,-782.65
0,0.00,0,-819.94
0,0.00,0,-824.96
0,0.00,0,-765.60
0,0.00,0,-783.41
0,0.00,0,-756.77
0,0.00,0,-833.33
0,0.00,0,-807.31
0,0.00,0,-765.14
0,0.00,0,-810.20
0,0.00,0,-775.19
0,0.00,0,-838.05
0,0.00,0,-801.22
0,0.00,0,-769.25
0,0.00,0,-777.63
0,0.00,0,-768.95
0,0.00,0,-846.12
0,0.00,0,-781.28
0,0.00,0,-783.71
0,0.00,0,-804.87
0,0.00,0,-784.17
0,0.00,0,-845.51
0,0.00,0,-781.43
0,0.00,0,-779.45
0,0.00,0,-766.67
0,0.00,0,-788.28
0,0.00,0,-843.53
0,0.00,0,-765.75
0,0.00,0,-800.61
0,0.00,0,-789.35
0,0.00,0,-800.46
0,0.00,0,-838.20
0,0.00,0,-768.04
0,0.00,0,-784.02
0,0.00,0,-756.77
0,0.00,0,-812.48
0,0.00,0,-826.79
0,0.00,0,-761.34
0,0.00,0,-810.20
0,0.00,0,-778.08
0,0.00,0,-822.07
0,0.00,0,-819.94
0,0.00,0,-765.75
0,0.00,0,-783.10
0,0.00,0,-758.60
0,0.00,0,-835.77
0,0.00,0,-803.35
0,0.00,0,-769.86
0,0.00,0,-812.02
0,0.00,0,-779.60
0,0.00,0,-839.57
0,0.00,0,-801.52
0,0.00,0,-772.91
0,0.00,0,-777.78
0,0.00,0,-768.80
0,0.00,0,-846.58
0,0.00,0,-780.82
0,0.00,0,-783.71
0,0.00,0,-805.78
0,0.00,0,-784.63
0,0.00,0,-845.97
0,0.00,0,-780.82
0,0.00,0,-778.54
0,0.00,0,-765.91
0,0.00,0,-788.43
0,0.00,0,-844.29
0,0.00,0,-765.45
0,0.00,0,-801.37
0,0.00,0,-791.17
0,0.00,0,-800.76
0,0.00,0,-838.36
0,0.00,0,-766.06
0,0.00,0,-783.71
0,0.00,0,-756.47
0,0.00,0,-813.09
0,0.00,0,-826.03
0,0.00,0,-760.73
0,0.00,0,-811.72
0,0.00,0,-780.67
0,0.00,0,-824.81
0,0.00,0,-820.40
0,0.00,0,-766.36
0,0.00,0,-781.89
0,0.00,0,-760.12
0,0.00,0,-836.38
0,0.00,0,-801.83
0,0.00,0,-771.84
0,0.00,0,-809.74
0,0.00,0,-779.00
0,0.00,0,-837.44
0,0.00,0,-795.43
0,0.00,0,-771.54
0,0.00,0,-771.54
0,0.00,0,-771.84
0,0.00,0,-843.23
0,0.00,0,-778.69
0,0.00,0,-787.67
0,0.00,0,-801.52
0,0.00,0,-789.04
0,0.00,0,-843.68
0,0.00,0,-781.74
0,0.00,0,-781.43
0,0.00,0,-765.45
0,0.00,0,-793.00
0,0.00,0,-842.16
0,0.00,0,-765.14
0,0.00,0,-801.07
0,0.00,0,-793.30
0,0.00,0,-804.41
0,0.00,0,-838.36
0,0.00,0,-770.47
0,0.00,0,-781.89
0,0.00,0,-757.99
0,0.00,0,-813.70
0,0.00,0,-826.03
0,0.00,0,-760.43
0,0.00,0,-809.28
0,0.00,0,-780.37
0,0.00,0,-821.31
0,0.00,0,-820.40
0,0.00,0,-763.93
0,0.00,0,-780.06
0,0.00,0,-757.99
0,0.00,0,-835.16
0,0.00,0,-803.50
0,0.00,0,-770.62
0,0.00,0,-813.09
0,0.00,0,-779.30
0,0.00,0,-838.96
0,0.00,0,-801.37
0,0.00,0,-772.30
0,0.00,0,-777.47
0,0.00,0,-773.82
0,0.00,0,-845.81
0,0.00,0,-780.97
0,0.00,0,-785.54
0,0.00,0,-805.94
0,0.00,0,-788.89
0,0.00,0,-842.92
0,0.00,0,-780.97
0,0.00,0,-777.02
0,0.00,0,-764.08
0,0.00,0,-790.87
0,0.00,0,-839.12
0,0.00,0,-766.51
0,0.00,0,-799.85
0,0.00,0,-789.35
0,0.00,0,-803.96
0,0.00,0,-834.86
0,0.00,0,-769.41
0,0.00,0,-781.58
0,0.00,0,-758.60
0,0.00,0,-815.98
0,0.00,0,-823.14
0,0.00,0,-764.69
0,0.00,0,-809.44
0,0.00,0,-785.84
0,0.00,0,-824.20
0,0.00,0,-820.55
0,0.00,0,-769.56
0,0.00,0,-779.60
0,0.00,0,-761.03
0,0.00,0,-832.57
0,0.00,0,-802.13
0,0.00,0,-769.71
0,0.00,0,-810.50
0,0.00,0,-781.89
0,0.00,0,-835.31
0,0.00,0,-800.46
0,0.00,0,-771.08
0,0.00,0,-772.30
0,0.00,0,-771.23
0,0.00,0,-841.86
0,0.00,0,-780.97
0,0.00,0,-784.93
0,0.00,0,-805.33
0,0.00,0,-788.58
0,0.00,0,-841.55
0,0.00,0,-783.41
0,0.00,0,-777.78
0,0.00,0,-764.08
0,0.00,0,-789.95
0,0.00,0,-839.42
0,0.00,0,-766.21
0,0.00,0,-801.52
0,0.00,0,-791.78
0,0.00,0,-801.83
0,0.00,0,-835.92
0,0.00,0,-768.80
0,0.00,0,-780.82
0,0.00,0,-757.84
0,0.00,0,-813.85
0,0.00,0,-824.81
0,0.00,0,-764.08
0,0.00,0,-813.24
0,0.00,0,-783.87
0,0.00,0,-822.37
0,0.00,0,-822.68
0,0.00,0,-769.25
0,0.00,0,-784.47
0,0.00,0,-760.88
0,0.00,0,-834.09
0,0.00,0,-804.41
0,0.00,0,-771.69
0,0.00,0,-813.24
0,0.00,0,-780.21
0,0.00,0,-836.68
0,0.00,0,-800.15
0,0.00,0,-772.30
0,0.00,0,-773.97
0,0.00,0,-769.86
0,0.00,0,-844.29
0,0.00,0,-782.04
0,0.00,0,-786.00
0,0.00,0,-805.78
0,0.00,0,-789.50
0,0.00,0,-841.40
0,0.00,0,-782.50
0,0.00,0,-777.17
0,0.00,0,-765.30
0,0.00,0,-793.61
0,0.00,0,-841.25
0,0.00,0,-768.49
0,0.00,0,-800.00
0,0.00,0,-793.15
0,0.00,0,-804.11
0,0.00,0,-834.86
0,0.00,0,-771.08
0,0.00,0,-780.21
0,0.00,0,-758.14
0,0.00,0,-813.70
0,0.00,0,-823.59
0,0.00,0,-764.99
0,0.00,0,-808.52
0,0.00,0,-785.69
0,0.00,0,-822.68
0,0.00,0,-820.70
0,0.00,0,-770.62
0,0.00,0,-780.97
0,0.00,0,-762.71
0,0.00,0,-832.42
0,0.00,0,-805.33
0,0.00,0,-769.71
0,0.00,0,-811.42
0,0.00,0,-782.95
0,0.00,0,-833.03
0,0.00,0,-801.22
0,0.00,0,-770.02
0,0.00,0,-772.45
0,0.00,0,-770.02
0,0.00,0,-840.94
0,0.00,0,-782.50
0,0.00,0,-784.02
0,0.00,0,-804.26
0,0.00,0,-788.13
0,0.00,0,-841.55
0,0.00,0,-783.71
0,0.00,0,-776.86
0,0.00,0,-765.14
0,0.00,0,-790.56
0,0.00,0,-840.33
0,0.00,0,-767.12
0,0.00,0,-799.09
0,0.00,0,-794.98
0,0.00,0,-803.50
0,0.00,0,-837.60
0,0.00,0,-772.15
0,0.00,0,-782.65
0,0.00,0,-759.21
0,0.00,0,-811.11
0,0.00,0,-827.09
0,0.00,0,-761.34
0,0.00,0,-809.74
0,0.00,0,-782.65
0,0.00,0,-819.03
0,0.00,0,-823.59
0,0.00,0,-766.97
0,0.00,0,-779.76
0,0.00,0,-759.97
0,0.00,0,-832.72
0,0.00,0,-804.41
0,0.00,0,-769.86
0,0.00,0,-813.85
0,0.00,0,-782.65
0,0.00,0,-835.77
0,0.00,0,-802.28
0,0.00,0,-771.39
0,0.00,0,-776.56
0,0.00,0,-773.06
0,0.00,0,-842.92
0,0.00,0,-783.10
0,0.00,0,-785.24
0,0.00,0,-803.35
0,0.00,0,-787.52
0,0.00,0,-840.33
0,0.00,0,-781.58
0,0.00,0,-774.58
0,0.00,0,-762.71
0,0.00,0,-790.11
0,0.00,0,-839.73
0,0.00,0,-767.88
0,0.00,0,-799.39
0,0.00,0,-795.74
0,0.00,0,-804.11
0,0.00,0,-836.99
0,0.00,0,-774.58
0,0.00,0,-783.56
0,0.00,0,-763.17
0,0.00,0,-813.39
0,0.00,0,-825.42
0,0.00,0,-764.54
0,0.00,0,-810.50
0,0.00,0,-784.78
0,0.00,0,-819.48
0,0.00,0,-821.31
0,0.00,0,-766.97
0,0.00,0,-778.84
0,0.00,0,-758.30
0,0.00,0,-831.20
0,0.00,0,-804.57
0,0.00,0,-769.86
0,0.00,0,-813.85
0,0.00,0,-783.71
0,0.00,0,-837.29
0,0.00,0,-803.96
0,0.00,0,-771.84
0,0.00,0,-777.47
0,0.00,0,-770.47
0,0.00,0,-843.68
0,0.00,0,-783.26
0,0.00,0,-782.04
0,0.00,0,-806.39
0,0.00,0,-785.24
0,0.00,0,-841.86
0,0.00,0,-783.56
0,0.00,0,-776.10
0,0.00,0,-766.67
0,0.00,0,-789.80
0,0.00,0,-841.86
0,0.00,0,-767.43
0,0.00,0,-800.00
0,0.00,0,-795.74
0,0.00,0,-802.59
0,0.00,0,-839.27
0,0.00,0,-772.15
0,0.00,0,-783.10
0,0.00,0,-761.03
0,0.00,0,-812.02
0,0.00,0,-827.55
0,0.00,0,-762.10
0,0.00,0,-809.44
0,0.00,0,-781.74
0,0.00,0,-820.40
0,0.00,0,-820.09
0,0.00,0,-764.84
0,0.00,0,-779.60
0,0.00,0,-759.36
0,0.00,0,-831.35
0,0.00,0,-803.50
0,0.00,0,-770.32
0,0.00,0,-811.57
0,0.00,0,-781.89
0,0.00,0,-836.68
0,0.00,0,-802.13
0,0.00,0,-772.91
0,0.00,0,-775.49
0,0.00,0,-772.30
0,0.00,0,-844.60
0,0.00,0,-780.06
0,0.00,0,-782.80
0,0.00,0,-806.54
0,0.00,0,-787.52
0,0.00,0,-842.62
0,0.00,0,-782.19
0,0.00,0,-775.49
0,0.00,0,-764.84
0,0.00,0,-787.37
0,0.00,0,-842.47
0,0.00,0,-765.60
0,0.00,0,-797.56
0,0.00,0,-793.61
0,0.00,0,-800.76
0,0.00,0,-838.36
0,0.00,0,-769.41
0,0.00,0,-783.71
0,0.00,0,-761.19
0,0.00,0,-814.61
0,0.00,0,-827.85
0,0.00,0,-760.73
0,0.00,0,-811.42
0,0.00,0,-782.80
0,0.00,0,-820.40
0,0.00,0,-821.16
0,0.00,0,-763.47
0,0.00,0,-780.67
0,0.00,0,-757.08
0,0.00,0,-833.03
0,0.00,0,-801.98
0,0.00,0,-767.73
0,0.00,0,-812.02
0,0.00,0,-777.78
0,0.00,0,-839.42
0,0.00,0,-800.91
0,0.00,0,-771.84
0,0.00,0,-778.23
0,0.00,0,-772.15
0,0.00,0,-846.42
0,0.00,0,-780.97
0,0.00,0,-786.00
0,0.00,0,-805.78
0,0.00,0,-786.91
0,0.00,0,-845.21
0,0.00,0,-780.82
0,0.00,0,-777.93
0,0.00,0,-765.30
0,0.00,0,-789.50
0,0.00,0,-841.40
0,0.00,0,-763.77
0,0.00,0,-800.15
0,0.00,0,-789.50
0,0.00,0,-803.65
0,0.00,0,-837.29
0,0.00,0,-766.51
0,0.00,0,-783.26
0,0.00,0,-759.51
0,0.00,0,-815.83
0,0.00,0,-824.96
0,0.00,0,-763.01
0,0.00,0,-811.42
0,0.00,0,-783.41
0,0.00,0,-824.20
0,0.00,0,-820.55
0,0.00,0,-767.88
0,0.00,0,-781.89
0,0.00,0,-762.71
0,0.00,0,-836.53
0,0.00,0,-801.67
0,0.00,0,-770.47
0,0.00,0,-809.28
0,0.00,0,-779.91
0,0.00,0,-839.27
0,0.00,0,-795.89
0,0.00,0,-771.39
0,0.00,0,-773.67
0,0.00,0,-774.73
0,0.00,0,-845.51
0,0.00,0,-777.93
0,0.00,0,-787.82
0,0.00,0,-799.70
0,0.00,0,-791.17
0,0.00,0,-844.90
0,0.00,0,-779.30
0,0.00,0,-782.04
