0,0.00,0,-724.05
0,0.00,0,-677.78
0,0.00,0,-668.80
0,0.00,0,-679.76
0,0.00,0,-692.24
0,0.00,0,-728.92
0,0.00,0,-731.66
0,0.00,0,-752.97
0,0.00,0,-787.52
0,0.00,0,-823.14
0,0.00,0,-835.31
0,0.00,0,-818.72
0,0.00,0,-804.26
0,0.00,0,-798.78
0,0.00,0,-795.28
0,0.00,0,-755.86
0,0.00,0,-717.96
0,0.00,0,-698.02
0,0.00,0,-690.11
0,0.00,0,-692.39
0,0.00,0,-682.34
0,0.00,0,-680.37
0,0.00,0,-705.02
0,0.00,0,-741.10
0,0.00,0,-772.30
0,0.00,0,-785.54
0,0.00,0,-805.94
0,0.00,0,-837.75
0,0.00,0,-854.79
0,0.00,0,-840.64
0,0.00,0,-811.72
0,0.00,0,-781.74
0,0.00,0,-777.63
0,0.00,0,-765.45
0,0.00,0,-729.07
0,0.00,0,-697.56
0,0.00,0,-693.61
0,0.00,0,-710.35
0,0.00,0,-729.68
0,0.00,0,-733.03
0,0.00,0,-737.75
0,0.00,0,-766.97
0,0.00,0,-802.59
0,0.00,0,-815.53
0,0.00,0,-808.37
0,0.00,0,-800.00
0,0.00,0,-805.17
0,0.00,0,-811.72
0,0.00,0,-787.82
0,0.00,0,-754.19
0,0.00,0,-734.55
0,0.00,0,-737.44
0,0.00,0,-740.94
0,0.00,0,-728.77
0,0.00,0,-718.72
0,0.00,0,-733.33
0,0.00,0,-767.28
0,0.00,0,-790.56
0,0.00,0,-791.32
0,0.00,0,-787.52
0,0.00,0,-799.39
0,0.00,0,-820.40
0,0.00,0,-811.87
0,0.00,0,-787.82
0,0.00,0,-764.54
0,0.00,0,-763.17
0,0.00,0,-764.99
0,0.00,0,-747.95
0,0.00,0,-728.46
0,0.00,0,-728.46
0,0.00,0,-754.19
0,0.00,0,-774.28
0,0.00,0,-773.82
0,0.00,0,-768.65
0,0.00,0,-781.74
0,0.00,0,-810.96
0,0.00,0,-813.70
0,0.00,0,-794.82
0,0.00,0,-776.10
0,0.00,0,-771.84
0,0.00,0,-781.28
0,0.00,0,-768.65
0,0.00,0,-743.53
0,0.00,0,-728.92
0,0.00,0,-741.10
0,0.00,0,-757.99
0,0.00,0,-760.88
0,0.00,0,-756.01
0,0.00,0,-762.86
0,0.00,0,-791.02
0,0.00,0,-806.85
0,0.00,0,-801.22
0,0.00,0,-788.58
0,0.00,0,-788.28
0,0.00,0,-800.30
0,0.00,0,-791.63
0,0.00,0,-763.93
0,0.00,0,-743.68
0,0.00,0,-750.53
0,0.00,0,-764.99
0,0.00,0,-763.93
0,0.00,0,-749.01
0,0.00,0,-748.40
0,0.00,0,-774.89
0,0.00,0,-800.15
0,0.00,0,-800.91
0,0.00,0,-788.74
0,0.00,0,-789.04
0,0.00,0,-805.17
0,0.00,0,-806.24
0,0.00,0,-787.21
0,0.00,0,-762.25
0,0.00,0,-760.12
0,0.00,0,-769.41
0,0.00,0,-766.36
0,0.00,0,-749.16
0,0.00,0,-740.03
0,0.00,0,-761.34
0,0.00,0,-784.17
0,0.00,0,-791.02
0,0.00,0,-780.21
0,0.00,0,-782.04
0,0.00,0,-803.96
0,0.00,0,-817.35
0,0.00,0,-803.65
0,0.00,0,-778.39
0,0.00,0,-771.84
0,0.00,0,-778.69
0,0.00,0,-779.15
0,0.00,0,-757.84
0,0.00,0,-738.20
0,0.00,0,-747.18
0,0.00,0,-766.21
0,0.00,0,-773.52
0,0.00,0,-763.01
0,0.00,0,-762.56
0,0.00,0,-786.45
0,0.00,0,-808.07
0,0.00,0,-805.33
0,0.00,0,-787.82
0,0.00,0,-781.89
0,0.00,0,-791.48
0,0.00,0,-796.19
0,0.00,0,-774.89
0,0.00,0,-750.38
0,0.00,0,-746.88
0,0.00,0,-759.06
0,0.00,0,-767.43
0,0.00,0,-756.01
0,0.00,0,-747.95
0,0.00,0,-762.25
0,0.00,0,-788.58
0,0.00,0,-795.28
0,0.00,0,-784.63
0,0.00,0,-777.47
0,0.00,0,-789.19
0,0.00,0,-802.74
0,0.00,0,-787.21
0,0.00,0,-764.69
0,0.00,0,-753.42
0,0.00,0,-763.32
0,0.00,0,-768.65
0,0.00,0,-754.19
0,0.00,0,-740.94
0,0.00,0,-746.42
0,0.00,0,-771.39
0,0.00,0,-778.54
0,0.00,0,-769.71
0,0.00,0,-761.95
0,0.00,0,-774.73
0,0.00,0,-793.91
0,0.00,0,-785.24
0,0.00,0,-759.82
0,0.00,0,-742.31
0,0.00,0,-749.77
0,0.00,0,-757.08
0,0.00,0,-745.05
0,0.00,0,-722.83
0,0.00,0,-721.92
0,0.00,0,-743.68
0,0.00,0,-763.32
0,0.00,0,-763.32
0,0.00,0,-755.40
0,0.00,0,-763.01
0,0.00,0,-777.17
0,0.00,0,-768.04
0,0.00,0,-738.66
0,0.00,0,-718.11
0,0.00,0,-724.96
0,0.00,0,-738.66
0,0.00,0,-742.62
0,0.00,0,-734.55
0,0.00,0,-743.23
0,0.00,0,-779.00
0,0.00,0,-806.54
0,0.00,0,-814.46
0,0.00,0,-806.09
0,0.00,0,-809.74
0,0.00,0,-822.98
0,0.00,0,-813.39
0,0.00,0,-782.34
0,0.00,0,-747.64
0,0.00,0,-734.55
0,0.00,0,-737.44
0,0.00,0,-732.88
0,0.00,0,-719.48
0,0.00,0,-716.29
0,0.00,0,-742.16
0,0.00,0,-768.34
0,0.00,0,-789.80
0,0.00,0,-784.93
0,0.00,0,-787.98
0,0.00,0,-812.02
0,0.00,0,-814.76
0,0.00,0,-796.35
0,0.00,0,-756.93
0,0.00,0,-740.64
0,0.00,0,-731.20
0,0.00,0,-720.24
0,0.00,0,-693.61
0,0.00,0,-676.10
0,0.00,0,-696.96
0,0.00,0,-718.57
0,0.00,0,-746.58
0,0.00,0,-748.71
0,0.00,0,-768.19
0,0.00,0,-805.33
0,0.00,0,-835.46
0,0.00,0,-843.84
0,0.00,0,-826.94
0,0.00,0,-811.11
0,0.00,0,-807.00
0,0.00,0,-788.74
0,0.00,0,-750.08
0,0.00,0,-715.53
0,0.00,0,-705.33
0,0.00,0,-705.78
0,0.00,0,-708.07
0,0.00,0,-700.46
0,0.00,0,-706.39
0,0.00,0,-743.53
0,0.00,0,-787.52
0,0.00,0,-812.63
0,0.00,0,-817.05
0,0.00,0,-817.50
0,0.00,0,-823.90
0,0.00,0,-824.81
0,0.00,0,-780.21
0,0.00,0,-731.51
0,0.00,0,-698.17
0,0.00,0,-692.09
0,0.00,0,-697.41
0,0.00,0,-688.28
0,0.00,0,-696.19
0,0.00,0,-724.51
0,0.00,0,-774.89
0,0.00,0,-812.63
0,0.00,0,-826.48
0,0.00,0,-836.07
0,0.00,0,-848.86
0,0.00,0,-863.93
0,0.00,0,-833.33
0,0.00,0,-793.46
0,0.00,0,-755.25
0,0.00,0,-734.55
0,0.00,0,-721.92
0,0.00,0,-693.91
0,0.00,0,-677.47
0,0.00,0,-688.58
0,0.00,0,-720.40
0,0.00,0,-756.01
0,0.00,0,-771.39
0,0.00,0,-783.10
0,0.00,0,-808.98
0,0.00,0,-835.01
0,0.00,0,-833.03
0,0.00,0,-803.04
0,0.00,0,-766.36
0,0.00,0,-740.49
0,0.00,0,-720.24
0,0.00,0,-685.24
0,0.00,0,-657.69
0,0.00,0,-673.36
0,0.00,0,-683.10
0,0.00,0,-708.83
0,0.00,0,-752.66
0,0.00,0,-762.56
0,0.00,0,-812.94
0,0.00,0,-847.03
0,0.00,0,-870.17
0,0.00,0,-861.34
0,0.00,0,-838.66
0,0.00,0,-815.98
0,0.00,0,-800.30
0,0.00,0,-766.21
0,0.00,0,-706.70
0,0.00,0,-680.52
0,0.00,0,-669.25
0,0.00,0,-672.91
0,0.00,0,-684.78
0,0.00,0,-676.41
0,0.00,0,-707.91
0,0.00,0,-743.38
0,0.00,0,-788.13
0,0.00,0,-798.93
0,0.00,0,-796.35
0,0.00,0,-808.37
0,0.00,0,-826.03
0,0.00,0,-833.79
0,0.00,0,-800.61
0,0.00,0,-782.50
0,0.00,0,-766.51
0,0.00,0,-771.54
0,0.00,0,-754.34
0,0.00,0,-727.25
0,0.00,0,-723.29
0,0.00,0,-731.51
0,0.00,0,-758.14
0,0.00,0,-756.77
0,0.00,0,-758.90
0,0.00,0,-767.43
0,0.00,0,-798.17
0,0.00,0,-818.72
0,0.00,0,-804.26
0,0.00,0,-793.00
0,0.00,0,-777.93
0,0.00,0,-794.37
0,0.00,0,-783.41
0,0.00,0,-756.93
0,0.00,0,-731.81
0,0.00,0,-730.29
0,0.00,0,-751.45
0,0.00,0,-749.62
0,0.00,0,-745.36
0,0.00,0,-744.14
0,0.00,0,-772.45
0,0.00,0,-798.78
0,0.00,0,-801.07
0,0.00,0,-791.02
0,0.00,0,-786.76
0,0.00,0,-806.09
0,0.00,0,-808.07
0,0.00,0,-785.69
0,0.00,0,-760.12
0,0.00,0,-748.71
0,0.00,0,-758.45
0,0.00,0,-755.56
0,0.00,0,-738.51
0,0.00,0,-729.68
0,0.00,0,-747.95
0,0.00,0,-776.86
0,0.00,0,-785.08
0,0.00,0,-781.28
0,0.00,0,-782.34
0,0.00,0,-801.52
0,0.00,0,-816.89
0,0.00,0,-803.96
0,0.00,0,-782.04
0,0.00,0,-769.56
0,0.00,0,-777.32
0,0.00,0,-778.69
0,0.00,0,-758.90
0,0.00,0,-738.20
0,0.00,0,-738.96
0,0.00,0,-757.69
0,0.00,0,-769.10
0,0.00,0,-762.40
0,0.00,0,-757.08
0,0.00,0,-772.60
0,0.00,0,-795.59
0,0.00,0,-794.22
0,0.00,0,-777.47
0,0.00,0,-763.32
0,0.00,0,-768.04
0,0.00,0,-772.75
0,0.00,0,-751.45
0,0.00,0,-719.94
0,0.00,0,-707.91
0,0.00,0,-717.66
0,0.00,0,-723.44
0,0.00,0,-714.61
0,0.00,0,-708.83
0,0.00,0,-727.70
0,0.00,0,-756.16
0,0.00,0,-779.91
0,0.00,0,-781.43
0,0.00,0,-784.47
0,0.00,0,-810.05
0,0.00,0,-831.81
0,0.00,0,-824.66
0,0.00,0,-798.02
0,0.00,0,-777.47
0,0.00,0,-771.23
0,0.00,0,-764.08
0,0.00,0,-735.77
0,0.00,0,-708.22
0,0.00,0,-705.02
0,0.00,0,-726.03
0,0.00,0,-745.05
0,0.00,0,-738.81
0,0.00,0,-734.70
0,0.00,0,-746.12
0,0.00,0,-767.58
0,0.00,0,-775.49
0,0.00,0,-765.45
0,0.00,0,-756.62
0,0.00,0,-769.25
0,0.00,0,-787.52
0,0.00,0,-775.34
0,0.00,0,-754.64
0,0.00,0,-746.58
0,0.00,0,-759.97
0,0.00,0,-769.41
0,0.00,0,-761.64
0,0.00,0,-745.51
0,0.00,0,-745.97
0,0.00,0,-772.15
0,0.00,0,-779.76
0,0.00,0,-770.17
0,0.00,0,-755.71
0,0.00,0,-768.65
0,0.00,0,-781.13
0,0.00,0,-779.15
0,0.00,0,-763.32
0,0.00,0,-746.73
0,0.00,0,-757.08
0,0.00,0,-765.14
0,0.00,0,-754.34
0,0.00,0,-727.25
0,0.00,0,-721.61
0,0.00,0,-732.12
0,0.00,0,-742.01
0,0.00,0,-739.12
0,0.00,0,-725.57
0,0.00,0,-729.68
0,0.00,0,-749.92
0,0.00,0,-762.40
0,0.00,0,-747.03
0,0.00,0,-736.53
0,0.00,0,-745.51
0,0.00,0,-765.30
0,0.00,0,-770.02
0,0.00,0,-757.53
0,0.00,0,-753.58
0,0.00,0,-771.39
0,0.00,0,-795.89
0,0.00,0,-788.74
0,0.00,0,-775.34
0,0.00,0,-763.17
0,0.00,0,-770.47
0,0.00,0,-767.28
0,0.00,0,-739.42
0,0.00,0,-713.55
0,0.00,0,-711.57
0,0.00,0,-728.61
0,0.00,0,-735.92
0,0.00,0,-736.99
0,0.00,0,-741.70
0,0.00,0,-770.02
0,0.00,0,-806.09
0,0.00,0,-819.63
0,0.00,0,-810.35
0,0.00,0,-805.02
0,0.00,0,-807.15
0,0.00,0,-805.78
0,0.00,0,-777.93
0,0.00,0,-735.77
0,0.00,0,-716.29
0,0.00,0,-716.29
0,0.00,0,-718.57
0,0.00,0,-697.11
0,0.00,0,-686.30
0,0.00,0,-698.02
0,0.00,0,-726.94
0,0.00,0,-761.49
0,0.00,0,-771.08
0,0.00,0,-775.80
0,0.00,0,-799.85
0,0.00,0,-823.29
0,0.00,0,-814.92
0,0.00,0,-793.30
0,0.00,0,-770.93
0,0.00,0,-764.38
0,0.00,0,-756.62
0,0.00,0,-732.42
0,0.00,0,-707.00
0,0.00,0,-705.02
0,0.00,0,-733.94
0,0.00,0,-752.05
0,0.00,0,-760.27
0,0.00,0,-762.10
0,0.00,0,-787.98
0,0.00,0,-819.18
0,0.00,0,-824.05
0,0.00,0,-811.26
0,0.00,0,-784.02
0,0.00,0,-783.41
0,0.00,0,-778.69
0,0.00,0,-753.27
0,0.00,0,-717.20
0,0.00,0,-696.35
0,0.00,0,-703.96
0,0.00,0,-711.11
0,0.00,0,-718.11
0,0.00,0,-713.24
0,0.00,0,-732.42
0,0.00,0,-770.47
0,0.00,0,-790.41
0,0.00,0,-789.95
0,0.00,0,-773.21
0,0.00,0,-777.17
0,0.00,0,-787.06
0,0.00,0,-779.76
0,0.00,0,-758.30
0,0.00,0,-733.79
0,0.00,0,-737.90
0,0.00,0,-746.73
0,0.00,0,-745.05
0,0.00,0,-730.90
0,0.00,0,-739.27
0,0.00,0,-770.62
0,0.00,0,-794.67
0,0.00,0,-797.26
0,0.00,0,-783.26
0,0.00,0,-783.56
0,0.00,0,-796.19
0,0.00,0,-794.22
0,0.00,0,-763.01
0,0.00,0,-735.92
0,0.00,0,-731.66
0,0.00,0,-739.42
0,0.00,0,-738.05
0,0.00,0,-717.35
0,0.00,0,-716.13
0,0.00,0,-735.62
0,0.00,0,-769.86
0,0.00,0,-782.95
0,0.00,0,-782.19
0,0.00,0,-788.89
0,0.00,0,-808.83
0,0.00,0,-822.07
0,0.00,0,-800.00
0,0.00,0,-778.39
0,0.00,0,-759.36
0,0.00,0,-762.10
0,0.00,0,-749.62
0,0.00,0,-722.07
0,0.00,0,-707.91
0,0.00,0,-718.72
0,0.00,0,-746.27
0,0.00,0,-758.90
0,0.00,0,-755.71
0,0.00,0,-755.56
0,0.00,0,-781.43
0,0.00,0,-807.31
0,0.00,0,-805.78
0,0.00,0,-789.95
0,0.00,0,-776.26
0,0.00,0,-781.13
0,0.00,0,-778.84
0,0.00,0,-755.86
0,0.00,0,-729.98
0,0.00,0,-726.18
0,0.00,0,-738.20
0,0.00,0,-745.66
0,0.00,0,-737.29
0,0.00,0,-733.79
0,0.00,0,-755.86
0,0.00,0,-786.76
0,0.00,0,-797.87
0,0.00,0,-786.76
0,0.00,0,-779.76
0,0.00,0,-788.28
0,0.00,0,-797.72
0,0.00,0,-780.52
0,0.00,0,-750.84
0,0.00,0,-735.31
0,0.00,0,-737.75
0,0.00,0,-737.90
0,0.00,0,-718.72
0,0.00,0,-702.28
0,0.00,0,-708.52
0,0.00,0,-731.96
0,0.00,0,-752.97
0,0.00,0,-752.66
0,0.00,0,-754.03
0,0.00,0,-766.82
0,0.00,0,-794.82
0,0.00,0,-793.00
0,0.00,0,-775.04
0,0.00,0,-764.08
0,0.00,0,-771.54
0,0.00,0,-779.15
0,0.00,0,-753.12
0,0.00,0,-724.51
0,0.00,0,-704.26
0,0.00,0,-711.57
0,0.00,0,-721.16
0,0.00,0,-723.59
0,0.00,0,-726.33
0,0.00,0,-745.97
0,0.00,0,-782.95
0,0.00,0,-798.33
0,0.00,0,-800.76
0,0.00,0,-798.78
0,0.00,0,-812.33
0,0.00,0,-827.25
0,0.00,0,-801.52
0,0.00,0,-763.77
0,0.00,0,-725.72
0,0.00,0,-714.76
0,0.00,0,-705.94
0,0.00,0,-686.91
0,0.00,0,-667.88
0,0.00,0,-685.39
0,0.00,0,-714.61
0,0.00,0,-750.84
0,0.00,0,-782.19
0,0.00,0,-790.87
0,0.00,0,-825.42
0,0.00,0,-848.71
0,0.00,0,-854.03
0,0.00,0,-823.90
0,0.00,0,-788.89
0,0.00,0,-769.41
0,0.00,0,-755.71
0,0.00,0,-725.88
0,0.00,0,-685.84
0,0.00,0,-678.39
0,0.00,0,-686.15
0,0.00,0,-708.98
0,0.00,0,-731.51
0,0.00,0,-738.96
0,0.00,0,-773.67
0,0.00,0,-809.89
0,0.00,0,-835.31
0,0.00,0,-826.03
0,0.00,0,-811.72
0,0.00,0,-800.61
0,0.00,0,-797.11
0,0.00,0,-777.47
0,0.00,0,-728.01
0,0.00,0,-704.26
0,0.00,0,-693.61
0,0.00,0,-702.59
0,0.00,0,-708.83
0,0.00,0,-704.57
0,0.00,0,-725.88
0,0.00,0,-756.77
0,0.00,0,-798.63
0,0.00,0,-804.72
0,0.00,0,-800.91
0,0.00,0,-794.82
0,0.00,0,-797.87
0,0.00,0,-787.06
0,0.00,0,-743.23
0,0.00,0,-715.98
0,0.00,0,-702.89
0,0.00,0,-718.11
0,0.00,0,-724.66
0,0.00,0,-722.68
0,0.00,0,-728.77
0,0.00,0,-759.51
0,0.00,0,-801.37
0,0.00,0,-810.81
0,0.00,0,-804.87
0,0.00,0,-800.91
0,0.00,0,-812.33
0,0.00,0,-808.68
0,0.00,0,-781.58
0,0.00,0,-745.36
0,0.00,0,-724.05
0,0.00,0,-720.09
0,0.00,0,-720.40
0,0.00,0,-705.18
0,0.00,0,-696.35
0,0.00,0,-717.96
0,0.00,0,-742.77
0,0.00,0,-766.67
0,0.00,0,-772.45
0,0.00,0,-780.37
0,0.00,0,-808.68
0,0.00,0,-827.85
0,0.00,0,-821.77
0,0.00,0,-788.58
0,0.00,0,-765.75
0,0.00,0,-759.97
0,0.00,0,-751.90
0,0.00,0,-727.70
0,0.00,0,-694.98
0,0.00,0,-696.65
0,0.00,0,-712.02
0,0.00,0,-734.40
0,0.00,0,-744.44
0,0.00,0,-748.71
0,0.00,0,-777.78
0,0.00,0,-808.37
0,0.00,0,-819.94
0,0.00,0,-805.33
0,0.00,0,-792.09
0,0.00,0,-786.15
0,0.00,0,-779.15
0,0.00,0,-752.21
0,0.00,0,-708.83
0,0.00,0,-693.61
0,0.00,0,-696.96
0,0.00,0,-702.89
0,0.00,0,-699.39
0,0.00,0,-693.30
0,0.00,0,-717.66
0,0.00,0,-760.58
0,0.00,0,-799.54
0,0.00,0,-808.37
0,0.00,0,-811.57
0,0.00,0,-823.44
0,0.00,0,-829.98
0,0.00,0,-808.98
0,0.00,0,-761.19
0,0.00,0,-720.40
0,0.00,0,-706.39
0,0.00,0,-701.98
0,0.00,0,-695.28
0,0.00,0,-675.80
0,0.00,0,-691.17
0,0.00,0,-720.40
0,0.00,0,-757.08
0,0.00,0,-783.41
0,0.00,0,-797.41
0,0.00,0,-828.61
0,0.00,0,-857.69
0,0.00,0,-867.58
0,0.00,0,-838.05
0,0.00,0,-808.83
0,0.00,0,-782.80
0,0.00,0,-761.64
0,0.00,0,-728.92
0,0.00,0,-679.60
0,0.00,0,-669.10
0,0.00,0,-671.54
0,0.00,0,-678.08
0,0.00,0,-710.81
0,0.00,0,-715.98
0,0.00,0,-754.49
0,0.00,0,-789.65
0,0.00,0,-821.16
0,0.00,0,-819.94
0,0.00,0,-794.98
0,0.00,0,-794.52
0,0.00,0,-792.39
0,0.00,0,-785.24
0,0.00,0,-745.05
0,0.00,0,-723.90
0,0.00,0,-723.29
0,0.00,0,-737.90
0,0.00,0,-752.51
0,0.00,0,-739.42
0,0.00,0,-750.68
0,0.00,0,-771.23
0,0.00,0,-803.81
0,0.00,0,-803.35
0,0.00,0,-793.46
0,0.00,0,-787.37
0,0.00,0,-795.89
0,0.00,0,-800.76
0,0.00,0,-768.04
0,0.00,0,-739.42
0,0.00,0,-720.85
0,0.00,0,-728.16
0,0.00,0,-723.74
0,0.00,0,-706.24
0,0.00,0,-703.04
0,0.00,0,-718.57
0,0.00,0,-751.29
0,0.00,0,-764.38
0,0.00,0,-757.69
0,0.00,0,-755.56
0,0.00,0,-774.28
0,0.00,0,-794.06
0,0.00,0,-785.54
0,0.00,0,-770.47
0,0.00,0,-764.08
0,0.00,0,-785.24
0,0.00,0,-795.89
0,0.00,0,-781.28
0,0.00,0,-764.99
0,0.00,0,-759.51
0,0.00,0,-780.67
0,0.00,0,-779.60
0,0.00,0,-763.01
0,0.00,0,-747.95
0,0.00,0,-754.95
0,0.00,0,-777.78
0,0.00,0,-772.60
0,0.00,0,-761.95
0,0.00,0,-754.34
0,0.00,0,-774.28
0,0.00,0,-793.46
0,0.00,0,-786.76
0,0.00,0,-771.69
0,0.00,0,-763.47
0,0.00,0,-781.89
0,0.00,0,-781.28
0,0.00,0,-766.97
0,0.00,0,-746.42
0,0.00,0,-745.51
0,0.00,0,-759.51
0,0.00,0,-760.88
0,0.00,0,-744.14
0,0.00,0,-731.20
0,0.00,0,-745.66
0,0.00,0,-767.73
0,0.00,0,-772.45
0,0.00,0,-758.90
0,0.00,0,-755.56
0,0.00,0,-771.08
0,0.00,0,-789.80
0,0.00,0,-783.26
0,0.00,0,-765.60
0,0.00,0,-757.69
0,0.00,0,-769.71
0,0.00,0,-773.67
0,0.00,0,-755.40
0,0.00,0,-739.88
0,0.00,0,-741.25
0,0.00,0,-762.40
0,0.00,0,-768.19
0,0.00,0,-755.56
0,0.00,0,-741.70
0,0.00,0,-751.14
0,0.00,0,-770.78
0,0.00,0,-770.93
0,0.00,0,-756.32
0,0.00,0,-745.66
0,0.00,0,-756.16
0,0.00,0,-760.43
0,0.00,0,-746.88
0,0.00,0,-722.83
0,0.00,0,-721.61
0,0.00,0,-741.70
0,0.00,0,-755.71
0,0.00,0,-755.56
0,0.00,0,-741.25
0,0.00,0,-749.32
0,0.00,0,-769.56
0,0.00,0,-778.08
0,0.00,0,-769.25
0,0.00,0,-757.99
0,0.00,0,-770.62
0,0.00,0,-780.06
0,0.00,0,-776.10
0,0.00,0,-751.60
0,0.00,0,-743.84
0,0.00,0,-756.32
0,0.00,0,-765.45
0,0.00,0,-760.58
0,0.00,0,-744.14
0,0.00,0,-751.14
0,0.00,0,-767.28
0,0.00,0,-785.24
0,0.00,0,-773.21
0,0.00,0,-757.38
0,0.00,0,-763.93
0,0.00,0,-781.43
0,0.00,0,-783.26
0,0.00,0,-759.97
0,0.00,0,-744.90
0,0.00,0,-749.92
0,0.00,0,-765.30
0,0.00,0,-764.84
0,0.00,0,-747.79
0,0.00,0,-745.81
0,0.00,0,-762.71
0,0.00,0,-780.67
0,0.00,0,-773.36
0,0.00,0,-761.49
0,0.00,0,-763.17
0,0.00,0,-783.56
0,0.00,0,-793.61
0,0.00,0,-775.80
0,0.00,0,-754.19
0,0.00,0,-749.32
0,0.00,0,-764.69
0,0.00,0,-763.77
0,0.00,0,-749.32
0,0.00,0,-737.60
0,0.00,0,-749.32
0,0.00,0,-768.80
0,0.00,0,-770.93
0,0.00,0,-760.43
0,0.00,0,-762.71
0,0.00,0,-785.08
0,0.00,0,-798.63
0,0.00,0,-781.89
0,0.00,0,-758.60
0,0.00,0,-750.84
0,0.00,0,-760.73
0,0.00,0,-768.65
0,0.00,0,-747.34
0,0.00,0,-731.05
0,0.00,0,-735.01
0,0.00,0,-756.01
0,0.00,0,-767.58
0,0.00,0,-761.49
0,0.00,0,-762.86
0,0.00,0,-777.78
0,0.00,0,-800.91
0,0.00,0,-792.85
0,0.00,0,-772.30
0,0.00,0,-762.10
0,0.00,0,-766.97
0,0.00,0,-770.62
0,0.00,0,-747.79
0,0.00,0,-726.64
0,0.00,0,-721.61
0,0.00,0,-742.47
0,0.00,0,-757.23
0,0.00,0,-754.03
0,0.00,0,-751.90
0,0.00,0,-769.10
0,0.00,0,-796.19
0,0.00,0,-804.11
0,0.00,0,-789.19
0,0.00,0,-774.28
0,0.00,0,-774.58
0,0.00,0,-776.86
0,0.00,0,-753.12
0,0.00,0,-716.13
0,0.00,0,-707.31
0,0.00,0,-712.48
0,0.00,0,-728.92
0,0.00,0,-730.14
0,0.00,0,-725.72
0,0.00,0,-741.86
0,0.00,0,-768.65
0,0.00,0,-789.80
0,0.00,0,-777.63
0,0.00,0,-765.30
0,0.00,0,-766.36
0,0.00,0,-777.17
0,0.00,0,-771.84
0,0.00,0,-740.18
0,0.00,0,-724.05
0,0.00,0,-724.20
0,0.00,0,-739.88
0,0.00,0,-743.84
0,0.00,0,-741.40
0,0.00,0,-749.16
0,0.00,0,-776.86
0,0.00,0,-802.28
0,0.00,0,-801.98
0,0.00,0,-794.37
0,0.00,0,-790.72
0,0.00,0,-798.02
0,0.00,0,-786.30
0,0.00,0,-754.95
0,0.00,0,-728.46
0,0.00,0,-725.42
0,0.00,0,-728.46
0,0.00,0,-725.42
0,0.00,0,-705.18
0,0.00,0,-711.11
0,0.00,0,-741.70
0,0.00,0,-780.97
0,0.00,0,-801.07
0,0.00,0,-798.78
0,0.00,0,-809.13
0,0.00,0,-828.01
0,0.00,0,-838.05
0,0.00,0,-812.63
0,0.00,0,-780.82
0,0.00,0,-756.16
0,0.00,0,-744.60
0,0.00,0,-735.16
0,0.00,0,-703.65
0,0.00,0,-692.24
0,0.00,0,-701.22
0,0.00,0,-721.77
0,0.00,0,-736.99
0,0.00,0,-733.64
0,0.00,0,-745.66
0,0.00,0,-771.23
0,0.00,0,-801.83
0,0.00,0,-800.61
0,0.00,0,-781.74
0,0.00,0,-768.80
0,0.00,0,-776.71
0,0.00,0,-778.23
0,0.00,0,-757.08
0,0.00,0,-731.81
0,0.00,0,-727.55
0,0.00,0,-744.29
0,0.00,0,-759.21
0,0.00,0,-756.62
0,0.00,0,-756.01
0,0.00,0,-778.23
0,0.00,0,-806.70
0,0.00,0,-814.46
0,0.00,0,-800.61
0,0.00,0,-792.69
0,0.00,0,-796.50
0,0.00,0,-802.89
0,0.00,0,-782.19
0,0.00,0,-751.29
0,0.00,0,-740.49
0,0.00,0,-745.21
0,0.00,0,-757.69
0,0.00,0,-745.51
0,0.00,0,-737.75
0,0.00,0,-750.23
0,0.00,0,-779.60
0,0.00,0,-798.02
0,0.00,0,-786.00
0,0.00,0,-776.10
0,0.00,0,-775.04
0,0.00,0,-792.69
0,0.00,0,-781.28
0,0.00,0,-756.62
0,0.00,0,-738.66
0,0.00,0,-733.49
0,0.00,0,-745.51
0,0.00,0,-730.29
0,0.00,0,-711.57
0,0.00,0,-710.20
0,0.00,0,-730.29
0,0.00,0,-746.88
0,0.00,0,-744.29
0,0.00,0,-741.10
0,0.00,0,-752.05
0,0.00,0,-782.95
0,0.00,0,-798.02
0,0.00,0,-785.84
0,0.00,0,-777.17
0,0.00,0,-784.17
0,0.00,0,-799.09
0,0.00,0,-784.47
0,0.00,0,-748.86
0,0.00,0,-719.79
0,0.00,0,-706.85
0,0.00,0,-712.63
0,0.00,0,-707.15
0,0.00,0,-702.28
0,0.00,0,-715.98
0,0.00,0,-749.47
0,0.00,0,-783.41
0,0.00,0,-791.78
0,0.00,0,-797.41
0,0.00,0,-810.65
0,0.00,0,-833.94
0,0.00,0,-827.70
0,0.00,0,-794.06
0,0.00,0,-758.75
0,0.00,0,-735.46
0,0.00,0,-728.31
0,0.00,0,-704.72
0,0.00,0,-684.32
0,0.00,0,-684.47
0,0.00,0,-705.18
0,0.00,0,-736.07
0,0.00,0,-757.69
0,0.00,0,-760.43
0,0.00,0,-786.00
0,0.00,0,-816.89
0,0.00,0,-838.05
0,0.00,0,-825.11
0,0.00,0,-804.87
0,0.00,0,-792.39
0,0.00,0,-792.09
0,0.00,0,-782.65
0,0.00,0,-740.64
0,0.00,0,-721.00
0,0.00,0,-716.74
0,0.00,0,-730.90
0,0.00,0,-736.99
0,0.00,0,-726.94
0,0.00,0,-738.05
0,0.00,0,-764.38
0,0.00,0,-798.93
0,0.00,0,-798.48
0,0.00,0,-785.24
0,0.00,0,-777.02
0,0.00,0,-782.04
0,0.00,0,-781.74
0,0.00,0,-753.27
0,0.00,0,-727.85
0,0.00,0,-718.26
0,0.00,0,-725.27
0,0.00,0,-726.18
0,0.00,0,-715.22
0,0.00,0,-716.13
0,0.00,0,-741.25
0,0.00,0,-774.43
0,0.00,0,-792.09
0,0.00,0,-787.06
0,0.00,0,-787.37
0,0.00,0,-804.57
0,0.00,0,-820.85
0,0.00,0,-800.61
0,0.00,0,-768.04
0,0.00,0,-746.58
0,0.00,0,-745.21
0,0.00,0,-743.68
0,0.00,0,-724.20
0,0.00,0,-709.74
0,0.00,0,-719.33
0,0.00,0,-747.49
0,0.00,0,-768.95
0,0.00,0,-769.10
0,0.00,0,-769.25
0,0.00,0,-791.02
0,0.00,0,-813.39
0,0.00,0,-806.39
0,0.00,0,-781.28
0,0.00,0,-761.19
0,0.00,0,-763.32
0,0.00,0,-767.73
0,0.00,0,-748.71
0,0.00,0,-725.42
0,0.00,0,-722.83
0,0.00,0,-738.36
0,0.00,0,-752.51
0,0.00,0,-752.51
0,0.00,0,-750.38
0,0.00,0,-765.60
0,0.00,0,-792.09
0,0.00,0,-799.54
0,0.00,0,-785.54
0,0.00,0,-770.02
0,0.00,0,-774.89
0,0.00,0,-789.65
0,0.00,0,-781.89
0,0.00,0,-756.01
0,0.00,0,-740.03
0,0.00,0,-747.49
0,0.00,0,-759.97
0,0.00,0,-755.56
0,0.00,0,-738.20
0,0.00,0,-737.90
0,0.00,0,-753.88
0,0.00,0,-759.36
0,0.00,0,-748.55
0,0.00,0,-728.77
0,0.00,0,-732.12
0,0.00,0,-748.86
0,0.00,0,-753.88
0,0.00,0,-742.62
0,0.00,0,-730.59
0,0.00,0,-752.05
0,0.00,0,-774.43
0,0.00,0,-788.43
0,0.00,0,-783.71
0,0.00,0,-789.50
0,0.00,0,-810.65
0,0.00,0,-824.20
0,0.00,0,-811.11
0,0.00,0,-779.76
0,0.00,0,-770.17
0,0.00,0,-767.73
0,0.00,0,-762.71
0,0.00,0,-733.18
0,0.00,0,-708.37
0,0.00,0,-712.48
0,0.00,0,-723.59
0,0.00,0,-739.27
0,0.00,0,-724.81
0,0.00,0,-726.79
0,0.00,0,-744.60
0,0.00,0,-769.10
0,0.00,0,-779.15
0,0.00,0,-766.06
0,0.00,0,-768.65
0,0.00,0,-777.02
0,0.00,0,-799.70
0,0.00,0,-782.95
0,0.00,0,-763.77
0,0.00,0,-764.54
0,0.00,0,-781.58
0,0.00,0,-796.65
0,0.00,0,-778.84
0,0.00,0,-764.08
0,0.00,0,-759.97
0,0.00,0,-782.50
0,0.00,0,-784.47
0,0.00,0,-767.12
0,0.00,0,-759.51
0,0.00,0,-764.69
0,0.00,0,-787.21
0,0.00,0,-779.60
0,0.00,0,-766.51
0,0.00,0,-756.93
0,0.00,0,-775.65
0,0.00,0,-794.67
0,0.00,0,-782.80
0,0.00,0,-770.32
0,0.00,0,-766.36
0,0.00,0,-786.61
0,0.00,0,-791.78
0,0.00,0,-779.15
0,0.00,0,-759.36
0,0.00,0,-763.93
0,0.00,0,-783.26
0,0.00,0,-781.43
0,0.00,0,-768.95
0,0.00,0,-750.99
0,0.00,0,-766.06
0,0.00,0,-782.34
0,0.00,0,-785.24
0,0.00,0,-770.17
0,0.00,0,-760.58
0,0.00,0,-780.52
0,0.00,0,-788.28
0,0.00,0,-785.08
0,0.00,0,-760.43
0,0.00,0,-761.80
0,0.00,0,-774.43
0,0.00,0,-779.30
0,0.00,0,-769.86
0,0.00,0,-747.64
0,0.00,0,-758.75
0,0.00,0,-772.60
0,0.00,0,-780.52
0,0.00,0,-765.30
0,0.00,0,-755.86
0,0.00,0,-773.82
0,0.00,0,-788.89
0,0.00,0,-791.32
0,0.00,0,-770.32
0,0.00,0,-764.69
0,0.00,0,-778.84
0,0.00,0,-789.65
0,0.00,0,-779.91
0,0.00,0,-756.62
0,0.00,0,-758.30
0,0.00,0,-774.73
0,0.00,0,-786.45
0,0.00,0,-774.89
0,0.00,0,-760.58
0,0.00,0,-768.65
0,0.00,0,-789.80
0,0.00,0,-793.30
0,0.00,0,-775.95
0,0.00,0,-763.47
0,0.00,0,-771.84
0,0.00,0,-787.98
0,0.00,0,-781.74
0,0.00,0,-763.01
0,0.00,0,-754.19
0,0.00,0,-770.47
0,0.00,0,-784.47
0,0.00,0,-775.95
0,0.00,0,-761.64
0,0.00,0,-761.34
0,0.00,0,-783.56
0,0.00,0,-792.54
0,0.00,0,-780.37
0,0.00,0,-765.60
0,0.00,0,-770.78
0,0.00,0,-791.02
0,0.00,0,-790.11
0,0.00,0,-772.91
0,0.00,0,-759.21
0,0.00,0,-771.84
0,0.00,0,-787.82
0,0.00,0,-782.95
0,0.00,0,-765.91
0,0.00,0,-758.45
0,0.00,0,-776.71
0,0.00,0,-791.02
0,0.00,0,-781.58
0,0.00,0,-764.08
0,0.00,0,-764.08
0,0.00,0,-784.17
0,0.00,0,-790.56
0,0.00,0,-775.95
0,0.00,0,-757.84
0,0.00,0,-761.49
0,0.00,0,-777.78
0,0.00,0,-779.45
0,0.00,0,-762.71
0,0.00,0,-747.95
0,0.00,0,-757.69
0,0.00,0,-770.78
0,0.00,0,-764.08
0,0.00,0,-743.07
0,0.00,0,-733.94
0,0.00,0,-747.34
0,0.00,0,-756.32
0,0.00,0,-746.58
0,0.00,0,-731.35
0,0.00,0,-732.12
0,0.00,0,-748.10
0,0.00,0,-754.64
0,0.00,0,-741.40
0,0.00,0,-733.64
0,0.00,0,-753.12
0,0.00,0,-781.74
0,0.00,0,-789.65
0,0.00,0,-778.84
0,0.00,0,-769.25
0,0.00,0,-787.82
0,0.00,0,-807.91
0,0.00,0,-799.09
0,0.00,0,-780.52
0,0.00,0,-765.45
0,0.00,0,-770.62
0,0.00,0,-771.39
0,0.00,0,-746.42
0,0.00,0,-721.31
0,0.00,0,-716.74
0,0.00,0,-735.77
0,0.00,0,-746.12
0,0.00,0,-738.96
0,0.00,0,-739.12
0,0.00,0,-754.49
0,0.00,0,-786.45
0,0.00,0,-793.30
0,0.00,0,-784.78
0,0.00,0,-779.45
0,0.00,0,-790.72
0,0.00,0,-810.81
0,0.00,0,-790.72
0,0.00,0,-767.73
0,0.00,0,-749.92
0,0.00,0,-754.19
0,0.00,0,-757.08
0,0.00,0,-736.23
0,0.00,0,-721.00
0,0.00,0,-719.33
0,0.00,0,-747.18
0,0.00,0,-760.12
0,0.00,0,-755.71
0,0.00,0,-754.95
0,0.00,0,-771.08
0,0.00,0,-799.09
0,0.00,0,-799.39
0,0.00,0,-783.41
0,0.00,0,-770.78
0,0.00,0,-779.00
0,0.00,0,-784.93
0,0.00,0,-763.93
0,0.00,0,-737.60
0,0.00,0,-729.98
0,0.00,0,-747.49
0,0.00,0,-762.40
0,0.00,0,-755.40
0,0.00,0,-746.58
0,0.00,0,-761.03
0,0.00,0,-789.50
0,0.00,0,-803.20
0,0.00,0,-794.67
0,0.00,0,-783.56
0,0.00,0,-784.63
0,0.00,0,-793.15
0,0.00,0,-775.95
0,0.00,0,-743.84
0,0.00,0,-724.20
0,0.00,0,-726.48
0,0.00,0,-731.51
0,0.00,0,-723.59
0,0.00,0,-710.50
0,0.00,0,-715.37
0,0.00,0,-739.12
0,0.00,0,-757.08
0,0.00,0,-756.47
0,0.00,0,-748.10
0,0.00,0,-763.47
0,0.00,0,-791.02
0,0.00,0,-797.72
0,0.00,0,-787.06
0,0.00,0,-773.67
0,0.00,0,-781.13
0,0.00,0,-795.59
0,0.00,0,-787.21
0,0.00,0,-758.45
0,0.00,0,-742.01
0,0.00,0,-743.84
0,0.00,0,-747.34
0,0.00,0,-740.03
0,0.00,0,-719.48
0,0.00,0,-722.22
0,0.00,0,-744.29
0,0.00,0,-766.82
0,0.00,0,-765.45
0,0.00,0,-763.17
0,0.00,0,-783.26
0,0.00,0,-810.50
0,0.00,0,-822.22
0,0.00,0,-805.48
0,0.00,0,-784.17
0,0.00,0,-783.10
0,0.00,0,-785.08
0,0.00,0,-766.97
0,0.00,0,-739.12
0,0.00,0,-726.18
0,0.00,0,-734.86
0,0.00,0,-751.29
0,0.00,0,-753.42
0,0.00,0,-745.36
0,0.00,0,-761.19
0,0.00,0,-790.87
0,0.00,0,-807.76
0,0.00,0,-799.85
0,0.00,0,-787.37
0,0.00,0,-789.35
0,0.00,0,-800.00
0,0.00,0,-790.72
0,0.00,0,-755.40
0,0.00,0,-730.14
0,0.00,0,-725.42
0,0.00,0,-732.42
0,0.00,0,-722.98
0,0.00,0,-702.89
0,0.00,0,-700.61
0,0.00,0,-720.24
0,0.00,0,-745.51
0,0.00,0,-748.25
0,0.00,0,-743.38
0,0.00,0,-749.01
0,0.00,0,-779.76
0,0.00,0,-794.06
0,0.00,0,-789.19
0,0.00,0,-780.06
0,0.00,0,-779.15
0,0.00,0,-791.32
0,0.00,0,-773.97
0,0.00,0,-748.71
0,0.00,0,-728.92
0,0.00,0,-742.47
0,0.00,0,-745.81
0,0.00,0,-737.14
0,0.00,0,-722.53
0,0.00,0,-722.07
0,0.00,0,-753.58
0,0.00,0,-772.75
0,0.00,0,-775.95
0,0.00,0,-754.64
0,0.00,0,-758.14
0,0.00,0,-766.21
0,0.00,0,-767.28
0,0.00,0,-750.38
0,0.00,0,-725.72
0,0.00,0,-735.92
0,0.00,0,-749.62
0,0.00,0,-763.93
0,0.00,0,-751.60
0,0.00,0,-754.03
0,0.00,0,-777.32
0,0.00,0,-793.76
0,0.00,0,-795.74
0,0.00,0,-776.26
0,0.00,0,-772.30
0,0.00,0,-783.26
0,0.00,0,-788.43
0,0.00,0,-764.54
0,0.00,0,-739.57
0,0.00,0,-737.14
0,0.00,0,-748.71
0,0.00,0,-751.14
0,0.00,0,-736.83
0,0.00,0,-721.00
0,0.00,0,-728.77
0,0.00,0,-750.84
0,0.00,0,-754.64
0,0.00,0,-750.53
0,0.00,0,-745.51
0,0.00,0,-768.49
0,0.00,0,-785.39
0,0.00,0,-783.10
0,0.00,0,-765.14
0,0.00,0,-756.47
0,0.00,0,-775.65
0,0.00,0,-778.23
0,0.00,0,-766.06
0,0.00,0,-746.12
0,0.00,0,-749.92
0,0.00,0,-764.84
0,0.00,0,-774.28
0,0.00,0,-761.95
0,0.00,0,-748.10
0,0.00,0,-760.43
0,0.00,0,-785.39
0,0.00,0,-790.56
0,0.00,0,-774.58
0,0.00,0,-768.34
0,0.00,0,-779.15
0,0.00,0,-795.28
0,0.00,0,-785.69
0,0.00,0,-763.17
0,0.00,0,-757.23
0,0.00,0,-769.56
0,0.00,0,-777.93
0,0.00,0,-762.56
0,0.00,0,-749.77
0,0.00,0,-754.34
0,0.00,0,-777.47
0,0.00,0,-789.04
0,0.00,0,-777.17
0,0.00,0,-769.41
0,0.00,0,-777.78
0,0.00,0,-801.37
0,0.00,0,-798.17
0,0.00,0,-779.91
0,0.00,0,-766.82
0,0.00,0,-772.91
0,0.00,0,-783.87
0,0.00,0,-770.62
0,0.00,0,-751.75
0,0.00,0,-746.58
0,0.00,0,-765.30
0,0.00,0,-776.41
0,0.00,0,-769.86
0,0.00,0,-759.21
0,0.00,0,-765.45
0,0.00,0,-790.26
0,0.00,0,-795.74
0,0.00,0,-784.02
0,0.00,0,-770.02
0,0.00,0,-777.02
0,0.00,0,-790.11
0,0.00,0,-782.04
0,0.00,0,-759.36
0,0.00,0,-748.86
0,0.00,0,-763.01
0,0.00,0,-772.15
0,0.00,0,-767.43
0,0.00,0,-749.77
0,0.00,0,-752.05
0,0.00,0,-772.91
0,0.00,0,-780.67
0,0.00,0,-766.06
0,0.00,0,-738.05
0,0.00,0,-735.77
0,0.00,0,-740.94
0,0.00,0,-736.53
0,0.00,0,-714.92
0,0.00,0,-696.19
0,0.00,0,-704.87
0,0.00,0,-716.89
0,0.00,0,-727.40
0,0.00,0,-717.20
0,0.00,0,-726.03
0,0.00,0,-744.44
0,0.00,0,-759.82
0,0.00,0,-758.75
0,0.00,0,-742.31
0,0.00,0,-753.27
0,0.00,0,-771.69
0,0.00,0,-782.04
0,0.00,0,-759.67
0,0.00,0,-743.07
0,0.00,0,-746.73
0,0.00,0,-762.25
0,0.00,0,-768.34
0,0.00,0,-747.03
0,0.00,0,-741.25
0,0.00,0,-751.60
0,0.00,0,-772.60
0,0.00,0,-772.15
0,0.00,0,-757.69
0,0.00,0,-752.97
0,0.00,0,-768.19
0,0.00,0,-782.19
0,0.00,0,-772.15
0,0.00,0,-752.05
0,0.00,0,-747.79
0,0.00,0,-764.08
0,0.00,0,-773.21
0,0.00,0,-761.03
0,0.00,0,-743.53
0,0.00,0,-749.77
0,0.00,0,-768.65
0,0.00,0,-775.65
0,0.00,0,-761.64
0,0.00,0,-752.21
0,0.00,0,-764.69
0,0.00,0,-779.76
0,0.00,0,-776.26
0,0.00,0,-754.79
0,0.00,0,-747.34
0,0.00,0,-763.01
0,0.00,0,-774.12
0,0.00,0,-764.23
0,0.00,0,-747.18
0,0.00,0,-747.18
0,0.00,0,-766.97
0,0.00,0,-777.78
0,0.00,0,-766.06
0,0.00,0,-757.38
0,0.00,0,-765.14
0,0.00,0,-782.65
0,0.00,0,-778.08
0,0.00,0,-757.08
0,0.00,0,-746.42
0,0.00,0,-755.56
0,0.00,0,-778.39
0,0.00,0,-773.52
0,0.00,0,-758.30
0,0.00,0,-749.47
0,0.00,0,-762.40
0,0.00,0,-777.63
0,0.00,0,-766.97
0,0.00,0,-756.16
0,0.00,0,-752.21
0,0.00,0,-770.32
0,0.00,0,-775.19
0,0.00,0,-758.75
0,0.00,0,-747.03
0,0.00,0,-756.77
0,0.00,0,-781.13
0,0.00,0,-780.67
0,0.00,0,-767.28
0,0.00,0,-758.45
0,0.00,0,-774.73
0,0.00,0,-797.11
0,0.00,0,-793.15
0,0.00,0,-778.39
0,0.00,0,-768.95
0,0.00,0,-784.47
0,0.00,0,-793.46
0,0.00,0,-781.43
0,0.00,0,-760.88
0,0.00,0,-757.69
0,0.00,0,-774.12
0,0.00,0,-777.63
0,0.00,0,-766.51
0,0.00,0,-752.36
0,0.00,0,-761.64
0,0.00,0,-781.89
0,0.00,0,-781.74
0,0.00,0,-763.93
0,0.00,0,-754.34
0,0.00,0,-767.43
0,0.00,0,-781.74
0,0.00,0,-772.15
0,0.00,0,-742.92
0,0.00,0,-723.90
0,0.00,0,-725.88
0,0.00,0,-728.77
0,0.00,0,-718.11
0,0.00,0,-706.54
0,0.00,0,-720.55
0,0.00,0,-751.29
0,0.00,0,-779.00
0,0.00,0,-786.15
0,0.00,0,-794.82
0,0.00,0,-821.46
0,0.00,0,-844.29
0,0.00,0,-836.83
0,0.00,0,-811.11
0,0.00,0,-783.87
0,0.00,0,-775.65
0,0.00,0,-771.99
0,0.00,0,-742.47
0,0.00,0,-712.48
0,0.00,0,-706.24
0,0.00,0,-723.44
0,0.00,0,-746.58
0,0.00,0,-753.88
0,0.00,0,-756.01
0,0.00,0,-779.76
0,0.00,0,-817.81
0,0.00,0,-831.35
0,0.00,0,-825.72
0,0.00,0,-809.89
0,0.00,0,-803.65
0,0.00,0,-811.11
0,0.00,0,-789.80
0,0.00,0,-757.69
0,0.00,0,-733.03
0,0.00,0,-735.77
0,0.00,0,-745.36
0,0.00,0,-742.77
0,0.00,0,-734.55
0,0.00,0,-746.27
0,0.00,0,-782.95
0,0.00,0,-806.70
0,0.00,0,-810.05
0,0.00,0,-801.83
0,0.00,0,-807.61
0,0.00,0,-826.64
0,0.00,0,-819.33
0,0.00,0,-788.58
0,0.00,0,-760.58
0,0.00,0,-753.73
0,0.00,0,-759.21
0,0.00,0,-752.97
0,0.00,0,-729.68
0,0.00,0,-728.31
0,0.00,0,-752.05
0,0.00,0,-780.82
0,0.00,0,-791.93
0,0.00,0,-786.61
0,0.00,0,-796.50
0,0.00,0,-818.26
0,0.00,0,-828.16
0,0.00,0,-808.98
0,0.00,0,-783.71
0,0.00,0,-772.45
0,0.00,0,-775.95
0,0.00,0,-766.97
0,0.00,0,-741.40
0,0.00,0,-726.18
0,0.00,0,-736.07
0,0.00,0,-758.14
0,0.00,0,-768.34
0,0.00,0,-766.21
0,0.00,0,-774.28
0,0.00,0,-799.39
0,0.00,0,-821.16
0,0.00,0,-814.46
0,0.00,0,-795.28
0,0.00,0,-785.24
0,0.00,0,-790.72
0,0.00,0,-787.52
0,0.00,0,-759.36
0,0.00,0,-731.81
0,0.00,0,-729.07
0,0.00,0,-739.42
0,0.00,0,-747.18
0,0.00,0,-733.33
0,0.00,0,-734.40
0,0.00,0,-756.32
0,0.00,0,-786.61
0,0.00,0,-794.52
0,0.00,0,-782.50
0,0.00,0,-781.43
0,0.00,0,-794.52
0,0.00,0,-810.35
0,0.00,0,-787.82
0,0.00,0,-759.97
0,0.00,0,-744.29
0,0.00,0,-749.62
0,0.00,0,-754.64
0,0.00,0,-739.42
0,0.00,0,-730.14
0,0.00,0,-735.77
0,0.00,0,-762.56
0,0.00,0,-772.91
0,0.00,0,-767.12
0,0.00,0,-766.97
0,0.00,0,-781.13
0,0.00,0,-804.11
0,0.00,0,-793.15
0,0.00,0,-771.23
0,0.00,0,-753.42
0,0.00,0,-759.21
0,0.00,0,-768.49
0,0.00,0,-754.19
0,0.00,0,-736.53
0,0.00,0,-735.01
0,0.00,0,-757.08
0,0.00,0,-769.86
0,0.00,0,-767.43
0,0.00,0,-761.95
0,0.00,0,-779.15
0,0.00,0,-807.46
0,0.00,0,-808.83
0,0.00,0,-792.24
0,0.00,0,-776.56
0,0.00,0,-783.87
0,0.00,0,-792.69
0,0.00,0,-780.52
0,0.00,0,-754.95
0,0.00,0,-743.99
0,0.00,0,-759.82
0,0.00,0,-772.45
0,0.00,0,-769.10
0,0.00,0,-757.84
0,0.00,0,-767.28
0,0.00,0,-793.30
0,0.00,0,-806.39
0,0.00,0,-797.11
0,0.00,0,-782.34
0,0.00,0,-787.98
0,0.00,0,-797.87
0,0.00,0,-791.48
0,0.00,0,-765.91
0,0.00,0,-750.08
0,0.00,0,-757.69
0,0.00,0,-768.95
0,0.00,0,-766.97
0,0.00,0,-749.01
0,0.00,0,-754.19
0,0.00,0,-778.08
0,0.00,0,-798.33
0,0.00,0,-795.28
0,0.00,0,-779.45
0,0.00,0,-781.89
0,0.00,0,-797.41
0,0.00,0,-799.54
0,0.00,0,-774.73
0,0.00,0,-753.42
0,0.00,0,-751.90
0,0.00,0,-765.75
0,0.00,0,-764.84
0,0.00,0,-746.42
0,0.00,0,-744.14
0,0.00,0,-762.40
0,0.00,0,-787.82
0,0.00,0,-793.76
0,0.00,0,-784.47
0,0.00,0,-785.39
0,0.00,0,-804.41
0,0.00,0,-813.70
0,0.00,0,-794.52
0,0.00,0,-771.99
0,0.00,0,-764.99
0,0.00,0,-772.45
0,0.00,0,-772.15
0,0.00,0,-752.66
0,0.00,0,-738.66
0,0.00,0,-749.77
0,0.00,0,-772.15
0,0.00,0,-779.76
0,0.00,0,-770.47
0,0.00,0,-769.86
0,0.00,0,-789.35
0,0.00,0,-809.44
0,0.00,0,-803.20
0,0.00,0,-782.50
0,0.00,0,-773.21
0,0.00,0,-783.71
0,0.00,0,-786.45
0,0.00,0,-767.58
0,0.00,0,-745.21
0,0.00,0,-745.05
0,0.00,0,-764.23
0,0.00,0,-771.39
0,0.00,0,-761.64
0,0.00,0,-756.01
0,0.00,0,-772.45
0,0.00,0,-797.11
0,0.00,0,-802.89
0,0.00,0,-787.98
0,0.00,0,-779.30
0,0.00,0,-790.26
0,0.00,0,-799.39
0,0.00,0,-787.06
0,0.00,0,-762.25
0,0.00,0,-753.88
0,0.00,0,-766.82
0,0.00,0,-775.04
0,0.00,0,-763.17
0,0.00,0,-750.08
0,0.00,0,-759.51
0,0.00,0,-784.32
0,0.00,0,-794.98
0,0.00,0,-784.47
0,0.00,0,-777.78
0,0.00,0,-789.50
0,0.00,0,-808.07
0,0.00,0,-801.67
0,0.00,0,-779.45
0,0.00,0,-765.30
0,0.00,0,-775.80
0,0.00,0,-782.95
0,0.00,0,-771.69
0,0.00,0,-752.36
0,0.00,0,-750.53
0,0.00,0,-773.36
0,0.00,0,-786.00
0,0.00,0,-781.28
0,0.00,0,-768.95
0,0.00,0,-778.23
0,0.00,0,-799.54
0,0.00,0,-804.87
0,0.00,0,-789.19
0,0.00,0,-771.54
0,0.00,0,-778.54
0,0.00,0,-790.41
0,0.00,0,-784.63
0,0.00,0,-761.49
0,0.00,0,-751.60
0,0.00,0,-764.84
0,0.00,0,-781.58
0,0.00,0,-777.63
0,0.00,0,-761.64
0,0.00,0,-766.82
0,0.00,0,-790.11
0,0.00,0,-802.89
0,0.00,0,-792.54
0,0.00,0,-776.10
0,0.00,0,-779.30
0,0.00,0,-794.82
0,0.00,0,-793.30
0,0.00,0,-771.84
0,0.00,0,-756.16
0,0.00,0,-763.17
0,0.00,0,-778.23
0,0.00,0,-776.56
0,0.00,0,-760.43
0,0.00,0,-756.93
0,0.00,0,-778.23
0,0.00,0,-797.87
0,0.00,0,-793.61
0,0.00,0,-780.06
0,0.00,0,-778.39
0,0.00,0,-796.96
0,0.00,0,-801.98
0,0.00,0,-785.39
0,0.00,0,-766.06
0,0.00,0,-766.21
0,0.00,0,-781.89
0,0.00,0,-780.82
0,0.00,0,-764.23
0,0.00,0,-753.12
0,0.00,0,-768.49
0,0.00,0,-789.35
0,0.00,0,-790.41
0,0.00,0,-776.10
0,0.00,0,-772.15
0,0.00,0,-792.09
0,0.00,0,-804.11
0,0.00,0,-794.06
0,0.00,0,-772.30
0,0.00,0,-767.58
0,0.00,0,-783.10
0,0.00,0,-787.82
0,0.00,0,-771.69
0,0.00,0,-753.42
0,0.00,0,-760.43
0,0.00,0,-780.97
0,0.00,0,-787.37
0,0.00,0,-773.82
0,0.00,0,-765.30
0,0.00,0,-782.80
0,0.00,0,-801.83
0,0.00,0,-798.33
0,0.00,0,-779.76
0,0.00,0,-771.99
0,0.00,0,-784.93
0,0.00,0,-793.46
0,0.00,0,-780.21
0,0.00,0,-757.99
0,0.00,0,-757.38
0,0.00,0,-773.82
0,0.00,0,-783.71
0,0.00,0,-771.99
0,0.00,0,-761.19
0,0.00,0,-771.23
0,0.00,0,-793.61
0,0.00,0,-798.63
0,0.00,0,-782.34
0,0.00,0,-771.84
0,0.00,0,-781.28
0,0.00,0,-796.35
0,0.00,0,-787.52
0,0.00,0,-765.60
0,0.00,0,-756.77
0,0.00,0,-770.47
0,0.00,0,-782.95
0,0.00,0,-773.52
0,0.00,0,-757.38
0,0.00,0,-761.34
0,0.00,0,-784.02
0,0.00,0,-794.82
0,0.00,0,-784.02
0,0.00,0,-769.86
0,0.00,0,-778.69
0,0.00,0,-796.35
0,0.00,0,-793.91
0,0.00,0,-773.82
0,0.00,0,-757.69
0,0.00,0,-767.73
0,0.00,0,-779.60
0,0.00,0,-772.45
0,0.00,0,-753.12
0,0.00,0,-748.25
0,0.00,0,-767.88
0,0.00,0,-783.26
0,0.00,0,-775.49
0,0.00,0,-760.73
0,0.00,0,-763.01
0,0.00,0,-782.34
0,0.00,0,-788.43
0,0.00,0,-769.25
0,0.00,0,-747.03
0,0.00,0,-748.10
0,0.00,0,-761.80
0,0.00,0,-760.88
0,0.00,0,-739.88
0,0.00,0,-728.77
0,0.00,0,-743.68
0,0.00,0,-760.73
0,0.00,0,-763.17
0,0.00,0,-749.16
0,0.00,0,-748.25
0,0.00,0,-769.10
0,0.00,0,-777.63
0,0.00,0,-760.88
0,0.00,0,-733.79
0,0.00,0,-730.14
0,0.00,0,-740.49
0,0.00,0,-746.42
0,0.00,0,-739.73
0,0.00,0,-732.57
0,0.00,0,-757.69
0,0.00,0,-783.56
0,0.00,0,-792.69
0,0.00,0,-783.41
0,0.00,0,-780.06
