0,0.00,0,-802.44
0,0.00,0,-840.18
0,0.00,0,-849.47
0,0.00,0,-878.08
0,0.00,0,-889.35
0,0.00,0,-856.47
0,0.00,0,-818.87
0,0.00,0,-768.04
0,0.00,0,-740.64
0,0.00,0,-716.44
0,0.00,0,-671.84
0,0.00,0,-657.53
0,0.00,0,-691.78
0,0.00,0,-688.58
0,0.00,0,-683.71
0,0.00,0,-712.02
0,0.00,0,-691.63
0,0.00,0,-757.08
0,0.00,0,-785.84
0,0.00,0,-818.42
0,0.00,0,-826.03
0,0.00,0,-824.20
0,0.00,0,-848.40
0,0.00,0,-840.33
0,0.00,0,-806.54
0,0.00,0,-748.55
0,0.00,0,-727.85
0,0.00,0,-719.79
0,0.00,0,-704.26
0,0.00,0,-686.15
0,0.00,0,-677.93
0,0.00,0,-713.09
0,0.00,0,-738.20
0,0.00,0,-780.52
0,0.00,0,-788.28
0,0.00,0,-808.07
0,0.00,0,-845.05
0,0.00,0,-846.58
0,0.00,0,-828.61
0,0.00,0,-789.35
0,0.00,0,-774.58
0,0.00,0,-768.19
0,0.00,0,-763.62
0,0.00,0,-724.35
0,0.00,0,-703.65
0,0.00,0,-732.12
0,0.00,0,-740.79
0,0.00,0,-758.45
0,0.00,0,-746.88
0,0.00,0,-754.49
0,0.00,0,-786.00
0,0.00,0,-796.35
0,0.00,0,-788.28
0,0.00,0,-756.77
0,0.00,0,-766.82
0,0.00,0,-773.82
0,0.00,0,-779.45
0,0.00,0,-753.73
0,0.00,0,-733.94
0,0.00,0,-742.62
0,0.00,0,-749.47
0,0.00,0,-755.25
0,0.00,0,-731.35
0,0.00,0,-742.92
0,0.00,0,-760.12
0,0.00,0,-773.82
0,0.00,0,-763.93
0,0.00,0,-745.36
0,0.00,0,-752.21
0,0.00,0,-765.75
0,0.00,0,-781.58
0,0.00,0,-759.67
0,0.00,0,-753.12
0,0.00,0,-759.36
0,0.00,0,-774.28
0,0.00,0,-773.52
0,0.00,0,-747.95
0,0.00,0,-747.49
0,0.00,0,-752.66
0,0.00,0,-771.08
0,0.00,0,-752.82
0,0.00,0,-738.51
0,0.00,0,-744.44
0,0.00,0,-759.06
0,0.00,0,-775.04
0,0.00,0,-755.71
0,0.00,0,-750.23
0,0.00,0,-757.53
0,0.00,0,-783.10
0,0.00,0,-783.71
0,0.00,0,-763.77
0,0.00,0,-763.17
0,0.00,0,-767.58
0,0.00,0,-770.78
0,0.00,0,-740.94
0,0.00,0,-713.85
0,0.00,0,-706.24
0,0.00,0,-713.24
0,0.00,0,-720.55
0,0.00,0,-710.65
0,0.00,0,-714.46
0,0.00,0,-746.42
0,0.00,0,-783.26
0,0.00,0,-801.07
0,0.00,0,-802.13
0,0.00,0,-806.54
0,0.00,0,-822.37
0,0.00,0,-828.01
0,0.00,0,-790.56
0,0.00,0,-753.73
0,0.00,0,-735.01
0,0.00,0,-729.98
0,0.00,0,-721.16
0,0.00,0,-702.74
0,0.00,0,-697.26
0,0.00,0,-718.42
0,0.00,0,-748.55
0,0.00,0,-768.04
0,0.00,0,-769.25
0,0.00,0,-779.00
0,0.00,0,-805.63
0,0.00,0,-815.22
0,0.00,0,-793.46
0,0.00,0,-764.99
0,0.00,0,-748.40
0,0.00,0,-748.86
0,0.00,0,-740.18
0,0.00,0,-714.16
0,0.00,0,-703.81
0,0.00,0,-725.57
0,0.00,0,-752.82
0,0.00,0,-768.95
0,0.00,0,-773.97
0,0.00,0,-786.76
0,0.00,0,-817.66
0,0.00,0,-836.83
0,0.00,0,-817.50
0,0.00,0,-803.65
0,0.00,0,-786.15
0,0.00,0,-786.76
0,0.00,0,-767.73
0,0.00,0,-721.77
0,0.00,0,-695.28
0,0.00,0,-689.95
0,0.00,0,-677.93
0,0.00,0,-665.60
0,0.00,0,-659.36
0,0.00,0,-680.21
0,0.00,0,-719.48
0,0.00,0,-751.75
0,0.00,0,-783.26
0,0.00,0,-781.74
0,0.00,0,-805.33
0,0.00,0,-821.92
0,0.00,0,-817.96
0,0.00,0,-779.91
0,0.00,0,-753.88
0,0.00,0,-738.81
0,0.00,0,-737.29
0,0.00,0,-719.18
0,0.00,0,-692.39
0,0.00,0,-699.24
0,0.00,0,-725.57
0,0.00,0,-750.38
0,0.00,0,-754.49
0,0.00,0,-750.68
0,0.00,0,-769.86
0,0.00,0,-796.19
0,0.00,0,-802.13
0,0.00,0,-779.60
0,0.00,0,-769.86
0,0.00,0,-770.47
0,0.00,0,-783.41
0,0.00,0,-769.10
0,0.00,0,-746.12
0,0.00,0,-742.16
0,0.00,0,-754.79
0,0.00,0,-771.39
0,0.00,0,-760.43
0,0.00,0,-747.03
0,0.00,0,-747.64
0,0.00,0,-763.93
0,0.00,0,-765.30
0,0.00,0,-742.16
0,0.00,0,-728.77
0,0.00,0,-729.38
0,0.00,0,-740.94
0,0.00,0,-729.83
0,0.00,0,-713.09
0,0.00,0,-713.39
0,0.00,0,-735.16
0,0.00,0,-755.56
0,0.00,0,-745.51
0,0.00,0,-743.68
0,0.00,0,-749.01
0,0.00,0,-779.91
0,0.00,0,-787.21
0,0.00,0,-770.47
0,0.00,0,-764.84
0,0.00,0,-768.65
0,0.00,0,-792.24
0,0.00,0,-773.21
0,0.00,0,-755.40
0,0.00,0,-746.27
0,0.00,0,-756.62
0,0.00,0,-766.06
0,0.00,0,-741.40
0,0.00,0,-724.81
0,0.00,0,-723.29
0,0.00,0,-747.18
0,0.00,0,-750.38
0,0.00,0,-743.68
0,0.00,0,-745.51
0,0.00,0,-766.21
0,0.00,0,-796.50
0,0.00,0,-792.69
0,0.00,0,-783.26
0,0.00,0,-779.60
0,0.00,0,-798.63
0,0.00,0,-807.76
0,0.00,0,-781.74
0,0.00,0,-757.23
0,0.00,0,-740.03
0,0.00,0,-745.81
0,0.00,0,-736.68
0,0.00,0,-715.68
0,0.00,0,-712.02
0,0.00,0,-735.01
0,0.00,0,-761.64
0,0.00,0,-769.41
0,0.00,0,-767.73
0,0.00,0,-777.02
0,0.00,0,-801.37
0,0.00,0,-810.50
0,0.00,0,-786.91
0,0.00,0,-757.53
0,0.00,0,-742.47
0,0.00,0,-742.62
0,0.00,0,-732.12
0,0.00,0,-704.41
0,0.00,0,-700.46
0,0.00,0,-722.98
0,0.00,0,-743.38
0,0.00,0,-761.64
0,0.00,0,-762.10
0,0.00,0,-785.69
0,0.00,0,-821.46
0,0.00,0,-834.40
0,0.00,0,-817.81
0,0.00,0,-804.26
0,0.00,0,-795.28
0,0.00,0,-796.50
0,0.00,0,-774.43
0,0.00,0,-726.79
0,0.00,0,-700.91
0,0.00,0,-693.61
0,0.00,0,-676.56
0,0.00,0,-654.95
0,0.00,0,-647.64
0,0.00,0,-685.54
0,0.00,0,-702.44
0,0.00,0,-724.51
0,0.00,0,-767.88
0,0.00,0,-770.17
0,0.00,0,-828.16
0,0.00,0,-848.71
0,0.00,0,-847.79
0,0.00,0,-836.83
0,0.00,0,-817.81
0,0.00,0,-810.05
0,0.00,0,-795.74
0,0.00,0,-755.10
0,0.00,0,-704.26
0,0.00,0,-694.22
0,0.00,0,-700.46
0,0.00,0,-697.11
0,0.00,0,-702.28
0,0.00,0,-694.52
0,0.00,0,-738.96
0,0.00,0,-779.15
0,0.00,0,-806.39
0,0.00,0,-810.50
0,0.00,0,-819.33
0,0.00,0,-835.16
0,0.00,0,-842.01
0,0.00,0,-811.11
0,0.00,0,-757.08
0,0.00,0,-731.05
0,0.00,0,-706.24
0,0.00,0,-686.91
0,0.00,0,-660.27
0,0.00,0,-663.47
0,0.00,0,-704.57
0,0.00,0,-702.89
0,0.00,0,-752.66
0,0.00,0,-768.04
0,0.00,0,-791.63
0,0.00,0,-843.68
0,0.00,0,-838.51
0,0.00,0,-838.81
0,0.00,0,-803.35
0,0.00,0,-781.89
0,0.00,0,-772.45
0,0.00,0,-760.73
0,0.00,0,-724.81
0,0.00,0,-691.63
0,0.00,0,-717.96
0,0.00,0,-723.90
0,0.00,0,-743.99
0,0.00,0,-741.10
0,0.00,0,-745.05
0,0.00,0,-784.93
0,0.00,0,-800.00
0,0.00,0,-798.48
0,0.00,0,-770.78
0,0.00,0,-773.06
0,0.00,0,-775.65
0,0.00,0,-773.82
0,0.00,0,-744.60
0,0.00,0,-714.76
0,0.00,0,-727.70
0,0.00,0,-735.46
0,0.00,0,-742.77
0,0.00,0,-729.53
0,0.00,0,-739.57
0,0.00,0,-768.34
0,0.00,0,-783.26
0,0.00,0,-779.91
0,0.00,0,-762.10
0,0.00,0,-764.54
0,0.00,0,-773.67
0,0.00,0,-781.13
0,0.00,0,-748.10
0,0.00,0,-730.75
0,0.00,0,-730.75
0,0.00,0,-738.51
0,0.00,0,-743.38
0,0.00,0,-726.79
0,0.00,0,-730.14
0,0.00,0,-746.12
0,0.00,0,-769.86
0,0.00,0,-763.47
0,0.00,0,-752.05
0,0.00,0,-757.53
0,0.00,0,-767.88
0,0.00,0,-777.47
0,0.00,0,-747.79
0,0.00,0,-725.11
0,0.00,0,-723.29
0,0.00,0,-735.77
0,0.00,0,-738.51
0,0.00,0,-724.51
0,0.00,0,-732.57
0,0.00,0,-754.49
0,0.00,0,-784.47
0,0.00,0,-781.58
0,0.00,0,-769.56
0,0.00,0,-770.93
0,0.00,0,-779.60
0,0.00,0,-779.15
0,0.00,0,-736.83
0,0.00,0,-711.57
0,0.00,0,-706.39
0,0.00,0,-706.24
0,0.00,0,-702.28
0,0.00,0,-686.15
0,0.00,0,-699.24
0,0.00,0,-731.96
0,0.00,0,-770.32
0,0.00,0,-788.58
0,0.00,0,-797.41
0,0.00,0,-824.05
0,0.00,0,-849.01
0,0.00,0,-846.88
0,0.00,0,-810.05
0,0.00,0,-779.60
0,0.00,0,-747.95
0,0.00,0,-738.81
0,0.00,0,-703.50
0,0.00,0,-669.56
0,0.00,0,-688.28
0,0.00,0,-696.19
0,0.00,0,-707.15
0,0.00,0,-735.46
0,0.00,0,-730.59
0,0.00,0,-776.10
0,0.00,0,-803.81
0,0.00,0,-820.55
0,0.00,0,-805.17
0,0.00,0,-798.48
0,0.00,0,-795.89
0,0.00,0,-800.46
0,0.00,0,-786.30
0,0.00,0,-736.68
0,0.00,0,-719.63
0,0.00,0,-708.83
0,0.00,0,-709.89
0,0.00,0,-688.74
0,0.00,0,-678.39
0,0.00,0,-695.28
0,0.00,0,-714.92
0,0.00,0,-744.29
0,0.00,0,-750.84
0,0.00,0,-762.71
0,0.00,0,-790.41
0,0.00,0,-821.00
0,0.00,0,-812.18
0,0.00,0,-789.35
0,0.00,0,-775.80
0,0.00,0,-764.08
0,0.00,0,-773.52
0,0.00,0,-736.83
0,0.00,0,-710.96
0,0.00,0,-706.85
0,0.00,0,-718.11
0,0.00,0,-721.16
0,0.00,0,-710.65
0,0.00,0,-706.54
0,0.00,0,-721.31
0,0.00,0,-750.99
0,0.00,0,-756.93
0,0.00,0,-747.49
0,0.00,0,-745.36
0,0.00,0,-759.21
0,0.00,0,-773.36
0,0.00,0,-758.45
0,0.00,0,-738.20
0,0.00,0,-734.70
0,0.00,0,-745.81
0,0.00,0,-758.30
0,0.00,0,-741.55
0,0.00,0,-739.12
0,0.00,0,-753.12
0,0.00,0,-777.78
0,0.00,0,-782.50
0,0.00,0,-761.95
0,0.00,0,-761.80
0,0.00,0,-765.45
0,0.00,0,-783.56
0,0.00,0,-761.49
0,0.00,0,-734.70
0,0.00,0,-731.35
0,0.00,0,-736.83
0,0.00,0,-746.42
0,0.00,0,-729.98
0,0.00,0,-729.53
0,0.00,0,-740.64
0,0.00,0,-768.04
0,0.00,0,-771.99
0,0.00,0,-756.62
0,0.00,0,-759.21
0,0.00,0,-773.21
0,0.00,0,-795.74
0,0.00,0,-776.56
0,0.00,0,-757.23
0,0.00,0,-747.95
0,0.00,0,-758.30
0,0.00,0,-760.27
0,0.00,0,-734.86
0,0.00,0,-726.79
0,0.00,0,-738.81
0,0.00,0,-763.77
0,0.00,0,-770.02
0,0.00,0,-764.99
0,0.00,0,-773.06
0,0.00,0,-796.35
0,0.00,0,-817.96
0,0.00,0,-799.85
0,0.00,0,-785.84
0,0.00,0,-778.39
0,0.00,0,-784.63
0,0.00,0,-772.30
0,0.00,0,-733.94
0,0.00,0,-709.13
0,0.00,0,-703.35
0,0.00,0,-700.76
0,0.00,0,-687.82
0,0.00,0,-670.32
0,0.00,0,-686.00
0,0.00,0,-717.35
0,0.00,0,-739.88
0,0.00,0,-770.93
0,0.00,0,-771.84
0,0.00,0,-803.81
0,0.00,0,-831.81
0,0.00,0,-834.25
0,0.00,0,-814.00
0,0.00,0,-797.56
0,0.00,0,-783.56
0,0.00,0,-785.54
0,0.00,0,-758.60
0,0.00,0,-719.18
0,0.00,0,-711.26
0,0.00,0,-716.44
0,0.00,0,-726.48
0,0.00,0,-716.29
0,0.00,0,-701.83
0,0.00,0,-708.83
0,0.00,0,-725.42
0,0.00,0,-745.36
0,0.00,0,-734.86
0,0.00,0,-741.10
0,0.00,0,-762.40
0,0.00,0,-788.58
0,0.00,0,-796.96
0,0.00,0,-784.02
0,0.00,0,-790.26
0,0.00,0,-799.54
0,0.00,0,-819.79
0,0.00,0,-792.24
0,0.00,0,-766.82
0,0.00,0,-756.01
0,0.00,0,-756.16
0,0.00,0,-756.93
0,0.00,0,-729.68
0,0.00,0,-722.22
0,0.00,0,-730.59
0,0.00,0,-756.01
0,0.00,0,-761.19
0,0.00,0,-755.10
0,0.00,0,-764.08
0,0.00,0,-790.41
0,0.00,0,-812.33
0,0.00,0,-798.17
0,0.00,0,-779.60
0,0.00,0,-762.10
0,0.00,0,-762.40
0,0.00,0,-752.66
0,0.00,0,-715.53
0,0.00,0,-701.07
0,0.00,0,-708.37
0,0.00,0,-715.37
0,0.00,0,-717.20
0,0.00,0,-713.85
0,0.00,0,-726.33
0,0.00,0,-767.43
0,0.00,0,-800.46
0,0.00,0,-799.85
0,0.00,0,-801.22
0,0.00,0,-802.28
0,0.00,0,-815.83
0,0.00,0,-807.31
0,0.00,0,-762.86
0,0.00,0,-734.09
0,0.00,0,-719.18
0,0.00,0,-715.83
0,0.00,0,-693.91
0,0.00,0,-675.65
0,0.00,0,-688.89
0,0.00,0,-719.48
0,0.00,0,-747.03
0,0.00,0,-766.06
0,0.00,0,-775.34
0,0.00,0,-806.24
0,0.00,0,-839.27
0,0.00,0,-840.18
0,0.00,0,-816.89
0,0.00,0,-807.61
0,0.00,0,-789.80
0,0.00,0,-799.85
0,0.00,0,-770.62
0,0.00,0,-733.64
0,0.00,0,-721.61
0,0.00,0,-723.14
0,0.00,0,-733.79
0,0.00,0,-723.74
0,0.00,0,-719.18
0,0.00,0,-732.57
0,0.00,0,-767.28
0,0.00,0,-784.32
0,0.00,0,-776.41
0,0.00,0,-770.32
0,0.00,0,-768.49
0,0.00,0,-782.65
0,0.00,0,-765.75
0,0.00,0,-733.94
0,0.00,0,-714.92
0,0.00,0,-717.50
0,0.00,0,-716.74
0,0.00,0,-706.39
0,0.00,0,-700.30
0,0.00,0,-718.87
0,0.00,0,-759.67
0,0.00,0,-784.93
0,0.00,0,-790.26
0,0.00,0,-789.04
0,0.00,0,-800.61
0,0.00,0,-816.89
0,0.00,0,-793.91
0,0.00,0,-756.93
0,0.00,0,-735.16
0,0.00,0,-728.16
0,0.00,0,-731.35
0,0.00,0,-713.85
0,0.00,0,-703.20
0,0.00,0,-722.07
0,0.00,0,-760.27
0,0.00,0,-782.80
0,0.00,0,-779.45
0,0.00,0,-780.67
0,0.00,0,-786.91
0,0.00,0,-807.91
0,0.00,0,-787.52
0,0.00,0,-752.51
0,0.00,0,-738.20
0,0.00,0,-737.60
0,0.00,0,-744.14
0,0.00,0,-728.46
0,0.00,0,-721.77
0,0.00,0,-737.75
0,0.00,0,-772.15
0,0.00,0,-793.91
0,0.00,0,-789.95
0,0.00,0,-795.89
0,0.00,0,-807.00
0,0.00,0,-826.94
0,0.00,0,-804.26
0,0.00,0,-774.28
0,0.00,0,-752.36
0,0.00,0,-742.62
0,0.00,0,-735.62
0,0.00,0,-698.78
0,0.00,0,-684.17
0,0.00,0,-703.50
0,0.00,0,-722.53
0,0.00,0,-740.94
0,0.00,0,-744.14
0,0.00,0,-751.90
0,0.00,0,-783.87
0,0.00,0,-815.37
0,0.00,0,-810.96
0,0.00,0,-798.93
0,0.00,0,-795.59
0,0.00,0,-796.35
0,0.00,0,-800.30
0,0.00,0,-759.51
0,0.00,0,-731.20
0,0.00,0,-711.26
0,0.00,0,-706.85
0,0.00,0,-691.63
0,0.00,0,-663.17
0,0.00,0,-677.17
0,0.00,0,-706.39
0,0.00,0,-716.29
0,0.00,0,-757.08
0,0.00,0,-754.34
0,0.00,0,-783.87
0,0.00,0,-814.92
0,0.00,0,-828.61
0,0.00,0,-811.57
0,0.00,0,-792.24
0,0.00,0,-789.95
0,0.00,0,-785.08
0,0.00,0,-778.54
0,0.00,0,-723.90
0,0.00,0,-706.70
0,0.00,0,-706.24
0,0.00,0,-705.48
0,0.00,0,-707.15
0,0.00,0,-685.84
0,0.00,0,-706.24
0,0.00,0,-725.88
0,0.00,0,-752.05
0,0.00,0,-754.49
0,0.00,0,-742.92
0,0.00,0,-759.21
0,0.00,0,-770.47
0,0.00,0,-776.56
0,0.00,0,-741.40
0,0.00,0,-735.01
0,0.00,0,-735.92
0,0.00,0,-747.18
0,0.00,0,-742.62
0,0.00,0,-722.37
0,0.00,0,-741.55
0,0.00,0,-761.64
0,0.00,0,-793.91
0,0.00,0,-785.39
0,0.00,0,-786.61
0,0.00,0,-791.63
0,0.00,0,-806.39
0,0.00,0,-806.24
0,0.00,0,-762.71
0,0.00,0,-756.32
0,0.00,0,-738.51
0,0.00,0,-745.51
0,0.00,0,-717.35
0,0.00,0,-684.63
0,0.00,0,-696.35
0,0.00,0,-695.74
0,0.00,0,-710.05
0,0.00,0,-717.50
0,0.00,0,-716.59
0,0.00,0,-755.10
0,0.00,0,-792.24
0,0.00,0,-816.74
0,0.00,0,-811.87
0,0.00,0,-819.48
0,0.00,0,-825.57
0,0.00,0,-838.51
0,0.00,0,-806.39
0,0.00,0,-750.84
0,0.00,0,-727.85
0,0.00,0,-711.26
0,0.00,0,-700.46
0,0.00,0,-673.06
0,0.00,0,-668.80
0,0.00,0,-704.57
0,0.00,0,-714.92
0,0.00,0,-749.16
0,0.00,0,-757.53
0,0.00,0,-769.56
0,0.00,0,-811.57
0,0.00,0,-822.37
0,0.00,0,-813.70
0,0.00,0,-777.32
0,0.00,0,-765.45
0,0.00,0,-753.27
0,0.00,0,-747.95
0,0.00,0,-715.37
0,0.00,0,-689.95
0,0.00,0,-715.53
0,0.00,0,-728.92
0,0.00,0,-755.10
0,0.00,0,-754.49
0,0.00,0,-768.65
0,0.00,0,-802.13
0,0.00,0,-824.81
0,0.00,0,-821.46
0,0.00,0,-801.22
0,0.00,0,-799.24
0,0.00,0,-798.02
0,0.00,0,-803.35
0,0.00,0,-766.06
0,0.00,0,-743.99
0,0.00,0,-736.83
0,0.00,0,-747.18
0,0.00,0,-749.92
0,0.00,0,-731.96
0,0.00,0,-735.62
0,0.00,0,-755.40
0,0.00,0,-791.63
0,0.00,0,-794.52
0,0.00,0,-791.02
0,0.00,0,-792.54
0,0.00,0,-808.68
0,0.00,0,-824.51
0,0.00,0,-793.61
0,0.00,0,-773.67
0,0.00,0,-758.90
0,0.00,0,-769.71
0,0.00,0,-762.71
0,0.00,0,-739.12
0,0.00,0,-733.79
0,0.00,0,-746.12
0,0.00,0,-777.02
0,0.00,0,-777.17
0,0.00,0,-773.52
0,0.00,0,-776.41
0,0.00,0,-803.81
0,0.00,0,-818.42
0,0.00,0,-799.54
0,0.00,0,-786.61
0,0.00,0,-776.41
0,0.00,0,-793.30
0,0.00,0,-785.39
0,0.00,0,-756.77
0,0.00,0,-742.92
0,0.00,0,-750.68
0,0.00,0,-771.69
0,0.00,0,-766.06
0,0.00,0,-756.93
0,0.00,0,-758.14
0,0.00,0,-787.37
0,0.00,0,-807.46
0,0.00,0,-796.35
0,0.00,0,-786.76
0,0.00,0,-786.30
0,0.00,0,-806.39
0,0.00,0,-796.96
0,0.00,0,-770.78
0,0.00,0,-751.75
0,0.00,0,-751.60
0,0.00,0,-763.62
0,0.00,0,-750.08
0,0.00,0,-731.81
0,0.00,0,-731.20
0,0.00,0,-749.47
0,0.00,0,-755.25
0,0.00,0,-745.36
0,0.00,0,-727.70
0,0.00,0,-729.98
0,0.00,0,-748.40
0,0.00,0,-749.47
0,0.00,0,-739.42
0,0.00,0,-737.44
0,0.00,0,-762.25
0,0.00,0,-788.13
0,0.00,0,-788.43
0,0.00,0,-773.97
0,0.00,0,-769.25
0,0.00,0,-778.54
0,0.00,0,-780.82
0,0.00,0,-756.93
0,0.00,0,-732.42
0,0.00,0,-730.29
0,0.00,0,-737.14
0,0.00,0,-738.05
0,0.00,0,-720.70
0,0.00,0,-722.37
0,0.00,0,-744.90
0,0.00,0,-777.02
0,0.00,0,-785.08
0,0.00,0,-776.86
0,0.00,0,-784.63
0,0.00,0,-800.61
0,0.00,0,-812.63
0,0.00,0,-784.47
0,0.00,0,-761.80
0,0.00,0,-753.73
0,0.00,0,-757.84
0,0.00,0,-755.10
0,0.00,0,-729.38
0,0.00,0,-723.59
0,0.00,0,-737.29
0,0.00,0,-756.16
0,0.00,0,-752.66
0,0.00,0,-734.55
0,0.00,0,-729.07
0,0.00,0,-736.53
0,0.00,0,-746.27
0,0.00,0,-729.53
0,0.00,0,-718.11
0,0.00,0,-732.27
0,0.00,0,-761.34
0,0.00,0,-779.15
0,0.00,0,-777.78
0,0.00,0,-783.87
0,0.00,0,-804.87
0,0.00,0,-827.55
0,0.00,0,-810.50
0,0.00,0,-786.00
0,0.00,0,-767.58
0,0.00,0,-766.36
0,0.00,0,-763.17
0,0.00,0,-726.79
0,0.00,0,-703.20
0,0.00,0,-706.70
0,0.00,0,-711.87
0,0.00,0,-708.22
0,0.00,0,-690.11
0,0.00,0,-688.58
0,0.00,0,-715.53
0,0.00,0,-741.55
0,0.00,0,-762.10
0,0.00,0,-767.43
0,0.00,0,-789.80
0,0.00,0,-822.83
0,0.00,0,-830.29
0,0.00,0,-805.48
0,0.00,0,-785.84
0,0.00,0,-767.58
0,0.00,0,-767.43
0,0.00,0,-744.75
0,0.00,0,-705.33
0,0.00,0,-696.04
0,0.00,0,-703.35
0,0.00,0,-708.07
0,0.00,0,-710.96
0,0.00,0,-701.67
0,0.00,0,-720.70
0,0.00,0,-756.16
0,0.00,0,-778.08
0,0.00,0,-781.13
0,0.00,0,-775.19
0,0.00,0,-784.78
0,0.00,0,-797.87
0,0.00,0,-789.19
0,0.00,0,-750.23
0,0.00,0,-724.96
0,0.00,0,-716.74
0,0.00,0,-709.74
0,0.00,0,-694.67
0,0.00,0,-676.10
0,0.00,0,-700.76
0,0.00,0,-728.46
0,0.00,0,-765.60
0,0.00,0,-783.41
0,0.00,0,-798.33
0,0.00,0,-836.23
0,0.00,0,-858.45
0,0.00,0,-848.86
0,0.00,0,-822.07
0,0.00,0,-802.28
0,0.00,0,-781.58
0,0.00,0,-783.56
0,0.00,0,-742.77
0,0.00,0,-709.28
0,0.00,0,-712.33
0,0.00,0,-722.83
0,0.00,0,-732.27
0,0.00,0,-728.16
0,0.00,0,-726.18
0,0.00,0,-750.53
0,0.00,0,-780.67
0,0.00,0,-789.95
0,0.00,0,-772.75
0,0.00,0,-762.10
0,0.00,0,-760.88
0,0.00,0,-764.69
0,0.00,0,-740.79
0,0.00,0,-714.00
0,0.00,0,-718.57
0,0.00,0,-735.31
0,0.00,0,-748.25
0,0.00,0,-750.23
0,0.00,0,-748.40
0,0.00,0,-776.56
0,0.00,0,-808.22
0,0.00,0,-811.26
0,0.00,0,-798.17
0,0.00,0,-791.17
0,0.00,0,-795.74
0,0.00,0,-801.67
0,0.00,0,-774.58
0,0.00,0,-735.01
0,0.00,0,-717.50
0,0.00,0,-710.50
0,0.00,0,-693.91
0,0.00,0,-665.75
0,0.00,0,-665.30
0,0.00,0,-708.22
0,0.00,0,-707.46
0,0.00,0,-750.68
0,0.00,0,-754.34
0,0.00,0,-774.28
0,0.00,0,-820.40
0,0.00,0,-824.81
0,0.00,0,-821.77
0,0.00,0,-795.28
0,0.00,0,-790.11
0,0.00,0,-786.61
0,0.00,0,-779.91
0,0.00,0,-740.18
0,0.00,0,-710.65
0,0.00,0,-719.18
0,0.00,0,-722.98
0,0.00,0,-721.92
0,0.00,0,-703.50
0,0.00,0,-705.63
0,0.00,0,-728.77
0,0.00,0,-749.62
0,0.00,0,-758.90
0,0.00,0,-752.97
0,0.00,0,-773.97
0,0.00,0,-800.61
0,0.00,0,-806.54
0,0.00,0,-782.34
0,0.00,0,-765.91
0,0.00,0,-760.12
0,0.00,0,-762.25
0,0.00,0,-751.45
0,0.00,0,-717.35
0,0.00,0,-715.37
0,0.00,0,-733.33
0,0.00,0,-750.53
0,0.00,0,-755.25
0,0.00,0,-750.38
0,0.00,0,-764.84
0,0.00,0,-782.34
0,0.00,0,-791.32
0,0.00,0,-762.10
0,0.00,0,-746.88
0,0.00,0,-753.73
0,0.00,0,-769.10
0,0.00,0,-765.91
0,0.00,0,-744.29
0,0.00,0,-744.75
0,0.00,0,-752.36
0,0.00,0,-771.23
0,0.00,0,-757.69
0,0.00,0,-735.62
0,0.00,0,-741.55
0,0.00,0,-753.12
0,0.00,0,-758.75
0,0.00,0,-739.27
0,0.00,0,-733.79
0,0.00,0,-743.99
0,0.00,0,-768.49
0,0.00,0,-776.71
0,0.00,0,-761.80
0,0.00,0,-765.45
0,0.00,0,-784.47
0,0.00,0,-801.98
0,0.00,0,-788.43
0,0.00,0,-776.10
0,0.00,0,-768.19
0,0.00,0,-781.28
0,0.00,0,-781.89
0,0.00,0,-749.92
0,0.00,0,-730.75
0,0.00,0,-723.74
0,0.00,0,-731.20
0,0.00,0,-721.46
0,0.00,0,-707.15
0,0.00,0,-711.11
0,0.00,0,-735.92
0,0.00,0,-765.75
0,0.00,0,-767.88
0,0.00,0,-773.06
0,0.00,0,-790.26
0,0.00,0,-825.27
0,0.00,0,-828.61
0,0.00,0,-804.41
0,0.00,0,-797.41
0,0.00,0,-782.80
0,0.00,0,-802.13
0,0.00,0,-776.86
0,0.00,0,-747.64
0,0.00,0,-738.20
0,0.00,0,-741.55
0,0.00,0,-758.90
0,0.00,0,-740.94
0,0.00,0,-738.81
0,0.00,0,-742.01
0,0.00,0,-775.49
0,0.00,0,-790.41
0,0.00,0,-776.56
0,0.00,0,-775.65
0,0.00,0,-773.06
0,0.00,0,-791.32
0,0.00,0,-769.71
0,0.00,0,-746.73
0,0.00,0,-730.44
0,0.00,0,-732.72
0,0.00,0,-736.83
0,0.00,0,-715.07
0,0.00,0,-702.59
0,0.00,0,-714.92
0,0.00,0,-746.12
0,0.00,0,-765.91
0,0.00,0,-775.04
0,0.00,0,-780.06
0,0.00,0,-805.63
0,0.00,0,-833.64
0,0.00,0,-815.68
0,0.00,0,-795.89
0,0.00,0,-780.21
0,0.00,0,-780.37
0,0.00,0,-783.87
0,0.00,0,-751.60
0,0.00,0,-729.68
0,0.00,0,-726.48
0,0.00,0,-742.31
0,0.00,0,-744.44
0,0.00,0,-728.16
0,0.00,0,-717.05
0,0.00,0,-724.96
0,0.00,0,-733.64
0,0.00,0,-726.64
0,0.00,0,-711.11
0,0.00,0,-710.20
0,0.00,0,-735.01
0,0.00,0,-752.21
0,0.00,0,-750.99
0,0.00,0,-748.40
0,0.00,0,-764.69
0,0.00,0,-795.43
0,0.00,0,-804.57
0,0.00,0,-792.09
0,0.00,0,-782.34
0,0.00,0,-776.41
0,0.00,0,-780.37
0,0.00,0,-753.88
0,0.00,0,-718.42
0,0.00,0,-707.76
0,0.00,0,-713.24
0,0.00,0,-716.29
0,0.00,0,-711.72
0,0.00,0,-701.83
0,0.00,0,-718.26
0,0.00,0,-751.60
0,0.00,0,-766.67
0,0.00,0,-765.45
0,0.00,0,-762.56
0,0.00,0,-774.43
0,0.00,0,-794.82
0,0.00,0,-780.82
0,0.00,0,-759.21
0,0.00,0,-744.14
0,0.00,0,-756.16
0,0.00,0,-758.60
0,0.00,0,-743.38
0,0.00,0,-728.77
0,0.00,0,-738.20
0,0.00,0,-768.65
0,0.00,0,-775.34
0,0.00,0,-768.65
0,0.00,0,-769.41
0,0.00,0,-787.82
0,0.00,0,-809.59
0,0.00,0,-793.46
0,0.00,0,-770.78
0,0.00,0,-755.10
0,0.00,0,-755.40
0,0.00,0,-748.86
0,0.00,0,-712.94
0,0.00,0,-698.63
0,0.00,0,-707.61
0,0.00,0,-723.74
0,0.00,0,-732.88
0,0.00,0,-729.83
0,0.00,0,-737.14
0,0.00,0,-768.34
0,0.00,0,-803.20
0,0.00,0,-803.35
0,0.00,0,-798.78
0,0.00,0,-802.44
0,0.00,0,-810.81
0,0.00,0,-813.55
0,0.00,0,-773.97
0,0.00,0,-744.60
0,0.00,0,-729.53
0,0.00,0,-733.18
0,0.00,0,-724.35
0,0.00,0,-700.61
0,0.00,0,-703.35
0,0.00,0,-724.51
0,0.00,0,-749.32
0,0.00,0,-757.38
0,0.00,0,-755.86
0,0.00,0,-766.21
0,0.00,0,-791.93
0,0.00,0,-807.31
0,0.00,0,-788.89
0,0.00,0,-779.30
0,0.00,0,-774.89
0,0.00,0,-789.35
0,0.00,0,-782.65
0,0.00,0,-747.64
0,0.00,0,-724.66
0,0.00,0,-721.46
0,0.00,0,-728.16
0,0.00,0,-715.68
0,0.00,0,-705.63
0,0.00,0,-718.57
0,0.00,0,-751.14
0,0.00,0,-776.71
0,0.00,0,-776.10
0,0.00,0,-779.45
0,0.00,0,-791.32
0,0.00,0,-816.29
0,0.00,0,-808.37
0,0.00,0,-776.10
0,0.00,0,-755.25
0,0.00,0,-740.33
0,0.00,0,-743.23
0,0.00,0,-719.94
0,0.00,0,-698.93
0,0.00,0,-708.83
0,0.00,0,-728.16
0,0.00,0,-741.25
0,0.00,0,-733.79
0,0.00,0,-729.07
0,0.00,0,-744.14
0,0.00,0,-765.60
0,0.00,0,-774.89
0,0.00,0,-753.73
0,0.00,0,-750.08
0,0.00,0,-756.47
0,0.00,0,-772.30
0,0.00,0,-758.14
0,0.00,0,-736.38
0,0.00,0,-734.40
0,0.00,0,-736.07
0,0.00,0,-740.49
0,0.00,0,-718.72
0,0.00,0,-708.22
0,0.00,0,-723.59
0,0.00,0,-750.84
0,0.00,0,-761.03
0,0.00,0,-758.60
0,0.00,0,-769.41
0,0.00,0,-790.72
0,0.00,0,-819.48
0,0.00,0,-801.67
0,0.00,0,-787.52
0,0.00,0,-776.26
0,0.00,0,-776.86
0,0.00,0,-771.39
0,0.00,0,-734.70
0,0.00,0,-722.68
0,0.00,0,-722.68
0,0.00,0,-744.44
0,0.00,0,-750.38
0,0.00,0,-740.03
0,0.00,0,-748.10
0,0.00,0,-775.34
0,0.00,0,-806.09
0,0.00,0,-795.43
0,0.00,0,-788.43
0,0.00,0,-778.84
0,0.00,0,-786.61
0,0.00,0,-785.69
0,0.00,0,-744.60
0,0.00,0,-728.46
0,0.00,0,-724.20
0,0.00,0,-741.10
0,0.00,0,-733.33
0,0.00,0,-720.24
0,0.00,0,-722.83
0,0.00,0,-742.16
0,0.00,0,-773.36
0,0.00,0,-769.56
0,0.00,0,-769.10
0,0.00,0,-776.71
0,0.00,0,-806.09
0,0.00,0,-812.33
0,0.00,0,-788.13
0,0.00,0,-783.41
0,0.00,0,-773.97
0,0.00,0,-793.46
0,0.00,0,-779.00
0,0.00,0,-750.99
0,0.00,0,-741.70
0,0.00,0,-745.81
0,0.00,0,-751.60
0,0.00,0,-728.01
0,0.00,0,-715.37
0,0.00,0,-716.59
0,0.00,0,-742.01
0,0.00,0,-751.45
0,0.00,0,-750.68
0,0.00,0,-749.32
0,0.00,0,-774.58
0,0.00,0,-808.83
0,0.00,0,-803.35
0,0.00,0,-794.67
0,0.00,0,-785.08
0,0.00,0,-792.85
0,0.00,0,-803.20
0,0.00,0,-770.47
0,0.00,0,-740.79
0,0.00,0,-722.07
0,0.00,0,-728.46
0,0.00,0,-717.05
0,0.00,0,-698.93
0,0.00,0,-693.00
0,0.00,0,-715.98
0,0.00,0,-745.21
0,0.00,0,-757.23
0,0.00,0,-764.54
0,0.00,0,-777.63
0,0.00,0,-814.61
0,0.00,0,-825.42
0,0.00,0,-803.20
0,0.00,0,-781.43
0,0.00,0,-754.95
0,0.00,0,-755.71
0,0.00,0,-733.49
0,0.00,0,-702.28
0,0.00,0,-690.11
0,0.00,0,-706.24
0,0.00,0,-724.20
0,0.00,0,-737.60
0,0.00,0,-747.64
0,0.00,0,-762.25
0,0.00,0,-805.78
0,0.00,0,-826.18
0,0.00,0,-808.83
0,0.00,0,-792.85
0,0.00,0,-775.49
0,0.00,0,-775.95
0,0.00,0,-751.90
0,0.00,0,-706.24
0,0.00,0,-687.06
0,0.00,0,-698.33
0,0.00,0,-700.00
0,0.00,0,-707.76
0,0.00,0,-711.26
0,0.00,0,-729.53
0,0.00,0,-782.19
0,0.00,0,-806.39
0,0.00,0,-813.55
0,0.00,0,-811.26
0,0.00,0,-818.26
0,0.00,0,-829.83
0,0.00,0,-819.18
0,0.00,0,-775.49
0,0.00,0,-743.07
0,0.00,0,-726.94
0,0.00,0,-720.09
0,0.00,0,-701.52
0,0.00,0,-674.89
0,0.00,0,-688.13
0,0.00,0,-704.87
0,0.00,0,-706.39
0,0.00,0,-729.38
0,0.00,0,-721.31
0,0.00,0,-761.19
0,0.00,0,-797.26
0,0.00,0,-816.13
0,0.00,0,-815.83
0,0.00,0,-815.68
0,0.00,0,-827.25
0,0.00,0,-839.27
0,0.00,0,-819.33
0,0.00,0,-777.78
0,0.00,0,-760.12
0,0.00,0,-749.62
0,0.00,0,-754.19
0,0.00,0,-722.68
0,0.00,0,-698.63
0,0.00,0,-710.20
0,0.00,0,-716.59
0,0.00,0,-723.59
0,0.00,0,-708.52
0,0.00,0,-705.48
0,0.00,0,-729.53
0,0.00,0,-756.47
0,0.00,0,-771.08
0,0.00,0,-763.93
0,0.00,0,-781.89
0,0.00,0,-802.28
0,0.00,0,-815.68
0,0.00,0,-784.02
0,0.00,0,-762.25
0,0.00,0,-753.27
0,0.00,0,-756.77
0,0.00,0,-755.40
0,0.00,0,-716.74
0,0.00,0,-716.29
0,0.00,0,-722.98
0,0.00,0,-745.66
0,0.00,0,-747.18
0,0.00,0,-742.01
0,0.00,0,-756.32
0,0.00,0,-775.49
0,0.00,0,-798.48
0,0.00,0,-776.41
0,0.00,0,-766.67
0,0.00,0,-759.97
0,0.00,0,-774.43
0,0.00,0,-771.23
0,0.00,0,-742.16
0,0.00,0,-735.77
0,0.00,0,-740.33
0,0.00,0,-766.97
0,0.00,0,-763.01
0,0.00,0,-754.64
0,0.00,0,-759.06
0,0.00,0,-780.82
0,0.00,0,-793.46
0,0.00,0,-767.73
0,0.00,0,-747.64
0,0.00,0,-732.88
0,0.00,0,-741.40
0,0.00,0,-724.35
0,0.00,0,-698.17
0,0.00,0,-694.67
0,0.00,0,-719.48
0,0.00,0,-742.92
0,0.00,0,-753.12
0,0.00,0,-756.62
0,0.00,0,-771.69
0,0.00,0,-803.20
0,0.00,0,-818.42
0,0.00,0,-796.80
0,0.00,0,-786.45
0,0.00,0,-779.60
0,0.00,0,-786.00
0,0.00,0,-772.60
0,0.00,0,-730.90
0,0.00,0,-719.18
0,0.00,0,-719.63
0,0.00,0,-729.98
0,0.00,0,-726.18
0,0.00,0,-714.61
0,0.00,0,-732.27
0,0.00,0,-760.73
0,0.00,0,-785.84
0,0.00,0,-780.06
0,0.00,0,-775.95
0,0.00,0,-782.19
0,0.00,0,-795.13
0,0.00,0,-780.67
0,0.00,0,-735.92
0,0.00,0,-715.22
0,0.00,0,-707.31
0,0.00,0,-706.70
0,0.00,0,-698.02
0,0.00,0,-687.06
0,0.00,0,-710.05
0,0.00,0,-753.73
0,0.00,0,-791.32
0,0.00,0,-805.17
0,0.00,0,-823.74
0,0.00,0,-841.25
0,0.00,0,-865.75
0,0.00,0,-845.36
0,0.00,0,-812.63
0,0.00,0,-783.71
0,0.00,0,-757.99
0,0.00,0,-760.73
0,0.00,0,-719.33
0,0.00,0,-703.04
0,0.00,0,-704.72
0,0.00,0,-723.14
0,0.00,0,-736.38
0,0.00,0,-734.86
0,0.00,0,-734.70
0,0.00,0,-749.16
0,0.00,0,-776.56
0,0.00,0,-771.08
0,0.00,0,-748.10
0,0.00,0,-739.42
0,0.00,0,-747.64
0,0.00,0,-768.19
0,0.00,0,-759.06
0,0.00,0,-751.29
0,0.00,0,-754.64
0,0.00,0,-780.67
0,0.00,0,-794.22
0,0.00,0,-776.86
0,0.00,0,-766.36
0,0.00,0,-763.62
0,0.00,0,-785.39
0,0.00,0,-773.82
0,0.00,0,-753.27
0,0.00,0,-736.99
0,0.00,0,-737.75
0,0.00,0,-741.55
0,0.00,0,-714.46
0,0.00,0,-696.65
0,0.00,0,-699.24
0,0.00,0,-724.05
0,0.00,0,-736.53
0,0.00,0,-742.31
0,0.00,0,-749.01
0,0.00,0,-781.74
0,0.00,0,-821.31
0,0.00,0,-821.61
0,0.00,0,-815.07
0,0.00,0,-808.83
0,0.00,0,-814.16
0,0.00,0,-824.05
0,0.00,0,-789.95
0,0.00,0,-759.06
0,0.00,0,-739.88
0,0.00,0,-745.21
0,0.00,0,-738.96
0,0.00,0,-719.48
0,0.00,0,-710.65
0,0.00,0,-731.20
0,0.00,0,-759.06
0,0.00,0,-764.54
0,0.00,0,-753.42
0,0.00,0,-749.77
0,0.00,0,-765.91
0,0.00,0,-776.71
0,0.00,0,-764.38
0,0.00,0,-738.96
0,0.00,0,-733.79
0,0.00,0,-744.60
0,0.00,0,-748.40
0,0.00,0,-737.75
0,0.00,0,-729.83
0,0.00,0,-748.71
0,0.00,0,-771.39
0,0.00,0,-779.15
0,0.00,0,-766.36
0,0.00,0,-760.73
0,0.00,0,-772.91
0,0.00,0,-778.39
0,0.00,0,-756.01
0,0.00,0,-725.72
0,0.00,0,-712.63
0,0.00,0,-717.66
0,0.00,0,-718.87
0,0.00,0,-709.74
0,0.00,0,-707.00
0,0.00,0,-733.79
0,0.00,0,-768.80
0,0.00,0,-781.74
0,0.00,0,-780.52
0,0.00,0,-782.50
0,0.00,0,-795.43
0,0.00,0,-804.41
0,0.00,0,-771.99
0,0.00,0,-732.12
0,0.00,0,-712.18
0,0.00,0,-707.46
0,0.00,0,-702.59
0,0.00,0,-687.37
0,0.00,0,-689.19
0,0.00,0,-722.98
0,0.00,0,-768.80
0,0.00,0,-792.85
0,0.00,0,-804.26
0,0.00,0,-824.81
0,0.00,0,-848.25
0,0.00,0,-861.49
0,0.00,0,-826.18
0,0.00,0,-797.72
0,0.00,0,-760.12
0,0.00,0,-740.94
0,0.00,0,-718.11
0,0.00,0,-671.08
0,0.00,0,-675.80
0,0.00,0,-702.89
0,0.00,0,-701.22
0,0.00,0,-734.55
0,0.00,0,-737.60
0,0.00,0,-763.01
0,0.00,0,-810.96
0,0.00,0,-829.22
0,0.00,0,-829.68
0,0.00,0,-816.44
0,0.00,0,-812.02
0,0.00,0,-806.85
0,0.00,0,-789.04
0,0.00,0,-736.23
0,0.00,0,-705.78
0,0.00,0,-702.89
0,0.00,0,-699.09
0,0.00,0,-694.82
0,0.00,0,-683.26
0,0.00,0,-700.46
0,0.00,0,-734.55
0,0.00,0,-778.23
0,0.00,0,-796.35
0,0.00,0,-810.65
0,0.00,0,-826.03
0,0.00,0,-845.36
0,0.00,0,-842.77
0,0.00,0,-790.41
0,0.00,0,-768.65
0,0.00,0,-737.14
0,0.00,0,-736.23
0,0.00,0,-711.57
0,0.00,0,-683.71
0,0.00,0,-696.80
0,0.00,0,-714.46
0,0.00,0,-741.40
0,0.00,0,-751.29
0,0.00,0,-750.23
0,0.00,0,-781.13
0,0.00,0,-810.05
0,0.00,0,-822.68
0,0.00,0,-799.39
0,0.00,0,-791.93
0,0.00,0,-783.71
0,0.00,0,-796.65
0,0.00,0,-778.23
0,0.00,0,-735.46
0,0.00,0,-729.07
0,0.00,0,-722.22
0,0.00,0,-726.03
0,0.00,0,-708.98
0,0.00,0,-693.76
0,0.00,0,-711.26
0,0.00,0,-743.84
0,0.00,0,-768.04
0,0.00,0,-771.69
0,0.00,0,-787.06
0,0.00,0,-812.18
0,0.00,0,-841.10
0,0.00,0,-826.48
0,0.00,0,-807.31
0,0.00,0,-788.89
0,0.00,0,-780.67
0,0.00,0,-783.41
0,0.00,0,-737.75
0,0.00,0,-715.22
0,0.00,0,-707.00
0,0.00,0,-712.94
0,0.00,0,-705.63
0,0.00,0,-686.30
0,0.00,0,-683.41
0,0.00,0,-707.61
0,0.00,0,-740.33
0,0.00,0,-754.95
0,0.00,0,-761.80
0,0.00,0,-782.50
0,0.00,0,-819.18
0,0.00,0,-839.42
0,0.00,0,-817.96
0,0.00,0,-810.05
0,0.00,0,-792.24
0,0.00,0,-797.56
0,0.00,0,-781.43
0,0.00,0,-733.79
0,0.00,0,-719.48
0,0.00,0,-714.76
0,0.00,0,-725.88
0,0.00,0,-716.59
0,0.00,0,-702.44
0,0.00,0,-704.41
0,0.00,0,-734.25
0,0.00,0,-759.97
0,0.00,0,-765.30
0,0.00,0,-772.45
0,0.00,0,-792.54
0,0.00,0,-825.42
0,0.00,0,-827.70
0,0.00,0,-807.76
0,0.00,0,-796.96
0,0.00,0,-785.54
0,0.00,0,-799.39
0,0.00,0,-771.08
0,0.00,0,-740.64
0,0.00,0,-727.85
0,0.00,0,-733.18
0,0.00,0,-745.05
0,0.00,0,-735.31
0,0.00,0,-725.42
0,0.00,0,-725.57
0,0.00,0,-748.86
0,0.00,0,-755.86
0,0.00,0,-737.75
0,0.00,0,-735.01
0,0.00,0,-742.31
0,0.00,0,-770.32
0,0.00,0,-771.23
0,0.00,0,-763.47
0,0.00,0,-766.67
0,0.00,0,-788.28
0,0.00,0,-811.11
0,0.00,0,-789.65
0,0.00,0,-772.60
0,0.00,0,-754.79
0,0.00,0,-759.36
0,0.00,0,-750.53
0,0.00,0,-717.20
0,0.00,0,-705.48
0,0.00,0,-715.83
0,0.00,0,-732.72
0,0.00,0,-730.75
0,0.00,0,-722.53
0,0.00,0,-731.96
0,0.00,0,-764.54
0,0.00,0,-792.09
0,0.00,0,-794.22
0,0.00,0,-790.72
0,0.00,0,-798.63
0,0.00,0,-818.11
0,0.00,0,-811.57
0,0.00,0,-777.02
0,0.00,0,-755.71
0,0.00,0,-749.01
0,0.00,0,-755.10
0,0.00,0,-742.16
0,0.00,0,-716.59
0,0.00,0,-715.53
0,0.00,0,-736.99
0,0.00,0,-755.71
0,0.00,0,-758.45
0,0.00,0,-757.08
0,0.00,0,-771.84
0,0.00,0,-797.87
0,0.00,0,-803.35
0,0.00,0,-784.93
0,0.00,0,-768.95
0,0.00,0,-770.78
0,0.00,0,-781.89
0,0.00,0,-763.17
0,0.00,0,-734.40
0,0.00,0,-723.44
0,0.00,0,-732.12
0,0.00,0,-738.96
0,0.00,0,-727.55
0,0.00,0,-717.81
0,0.00,0,-731.96
0,0.00,0,-765.14
0,0.00,0,-785.84
0,0.00,0,-786.91
0,0.00,0,-794.22
0,0.00,0,-811.57
0,0.00,0,-833.79
0,0.00,0,-819.03
0,0.00,0,-794.06
0,0.00,0,-778.08
0,0.00,0,-770.47
0,0.00,0,-768.80
0,0.00,0,-724.66
0,0.00,0,-701.07
0,0.00,0,-703.35
0,0.00,0,-712.02
0,0.00,0,-719.79
0,0.00,0,-714.46
0,0.00,0,-724.66
0,0.00,0,-757.69
0,0.00,0,-798.78
0,0.00,0,-807.91
0,0.00,0,-808.22
0,0.00,0,-818.87
0,0.00,0,-826.33
0,0.00,0,-829.22
0,0.00,0,-786.30
0,0.00,0,-750.53
0,0.00,0,-721.92
0,0.00,0,-715.68
0,0.00,0,-701.67
0,0.00,0,-677.32
0,0.00,0,-687.52
0,0.00,0,-720.24
0,0.00,0,-754.34
0,0.00,0,-780.97
0,0.00,0,-790.56
0,0.00,0,-815.07
0,0.00,0,-840.64
0,0.00,0,-848.71
0,0.00,0,-812.63
0,0.00,0,-793.46
0,0.00,0,-765.14
0,0.00,0,-763.32
0,0.00,0,-742.62
0,0.00,0,-696.80
0,0.00,0,-690.41
0,0.00,0,-695.43
0,0.00,0,-695.74
0,0.00,0,-701.22
0,0.00,0,-693.76
0,0.00,0,-717.66
0,0.00,0,-759.67
0,0.00,0,-795.74
0,0.00,0,-806.54
0,0.00,0,-815.98
0,0.00,0,-831.96
0,0.00,0,-847.34
0,0.00,0,-835.92
0,0.00,0,-785.69
0,0.00,0,-754.03
0,0.00,0,-724.66
0,0.00,0,-712.79
0,0.00,0,-677.32
0,0.00,0,-653.88
0,0.00,0,-689.50
0,0.00,0,-695.13
0,0.00,0,-693.76
0,0.00,0,-736.23
0,0.00,0,-732.12
0,0.00,0,-791.63
0,0.00,0,-823.74
0,0.00,0,-835.01
0,0.00,0,-830.75
0,0.00,0,-815.98
0,0.00,0,-809.89
0,0.00,0,-805.33
0,0.00,0,-774.12
0,0.00,0,-718.87
0,0.00,0,-704.87
0,0.00,0,-707.15
0,0.00,0,-705.48
0,0.00,0,-703.81
0,0.00,0,-694.67
0,0.00,0,-724.05
0,0.00,0,-757.99
0,0.00,0,-778.69
0,0.00,0,-769.56
0,0.00,0,-771.99
0,0.00,0,-787.52
0,0.00,0,-802.74
0,0.00,0,-790.72
0,0.00,0,-758.90
0,0.00,0,-751.29
0,0.00,0,-757.23
0,0.00,0,-765.45
0,0.00,0,-747.49
0,0.00,0,-733.33
0,0.00,0,-746.58
0,0.00,0,-770.17
0,0.00,0,-778.39
0,0.00,0,-766.97
0,0.00,0,-765.91
0,0.00,0,-779.76
0,0.00,0,-799.85
0,0.00,0,-780.67
0,0.00,0,-754.95
0,0.00,0,-743.68
0,0.00,0,-747.79
0,0.00,0,-747.49
0,0.00,0,-726.64
0,0.00,0,-712.02
0,0.00,0,-722.22
0,0.00,0,-745.66
0,0.00,0,-753.42
0,0.00,0,-748.10
0,0.00,0,-748.40
0,0.00,0,-773.67
0,0.00,0,-795.13
0,0.00,0,-789.04
0,0.00,0,-771.99
0,0.00,0,-758.75
0,0.00,0,-766.97
0,0.00,0,-763.01
0,0.00,0,-737.60
0,0.00,0,-717.66
0,0.00,0,-725.57
0,0.00,0,-741.25
0,0.00,0,-741.40
0,0.00,0,-733.94
0,0.00,0,-729.98
0,0.00,0,-756.01
0,0.00,0,-783.26
0,0.00,0,-781.58
0,0.00,0,-774.89
0,0.00,0,-775.65
0,0.00,0,-789.65
0,0.00,0,-791.93
0,0.00,0,-764.38
0,0.00,0,-742.16
0,0.00,0,-736.53
0,0.00,0,-747.34
0,0.00,0,-740.64
0,0.00,0,-719.48
0,0.00,0,-717.81
0,0.00,0,-736.38
0,0.00,0,-759.82
0,0.00,0,-764.38
0,0.00,0,-755.40
0,0.00,0,-755.25
0,0.00,0,-765.75
0,0.00,0,-766.51
0,0.00,0,-743.07
0,0.00,0,-722.53
0,0.00,0,-725.57
0,0.00,0,-739.73
0,0.00,0,-745.97
0,0.00,0,-740.79
0,0.00,0,-748.25
0,0.00,0,-776.86
0,0.00,0,-810.81
0,0.00,0,-805.63
0,0.00,0,-793.61
0,0.00,0,-788.43
0,0.00,0,-793.46
0,0.00,0,-795.13
0,0.00,0,-759.36
0,0.00,0,-731.66
0,0.00,0,-722.68
0,0.00,0,-729.22
0,0.00,0,-724.35
0,0.00,0,-703.96
0,0.00,0,-701.22
0,0.00,0,-721.00
0,0.00,0,-743.38
0,0.00,0,-753.58
0,0.00,0,-750.38
0,0.00,0,-765.75
0,0.00,0,-789.04
0,0.00,0,-800.76
0,0.00,0,-773.82
0,0.00,0,-756.01
0,0.00,0,-749.32
0,0.00,0,-756.77
0,0.00,0,-751.29
0,0.00,0,-726.33
0,0.00,0,-724.81
0,0.00,0,-738.81
0,0.00,0,-764.84
0,0.00,0,-767.73
0,0.00,0,-763.62
0,0.00,0,-772.60
0,0.00,0,-795.43
0,0.00,0,-803.96
0,0.00,0,-773.52
0,0.00,0,-751.45
0,0.00,0,-741.55
0,0.00,0,-747.03
0,0.00,0,-736.53
0,0.00,0,-713.55
0,0.00,0,-710.65
0,0.00,0,-734.09
0,0.00,0,-762.86
0,0.00,0,-772.15
0,0.00,0,-779.30
0,0.00,0,-793.15
0,0.00,0,-822.37
0,0.00,0,-828.92
0,0.00,0,-802.74
0,0.00,0,-782.95
0,0.00,0,-765.91
0,0.00,0,-774.73
0,0.00,0,-756.47
0,0.00,0,-727.85
0,0.00,0,-715.98
0,0.00,0,-724.51
0,0.00,0,-741.10
0,0.00,0,-734.70
0,0.00,0,-723.74
0,0.00,0,-727.25
0,0.00,0,-752.21
0,0.00,0,-764.69
0,0.00,0,-752.05
0,0.00,0,-745.51
0,0.00,0,-750.38
0,0.00,0,-779.30
0,0.00,0,-784.32
0,0.00,0,-771.54
0,0.00,0,-766.51
0,0.00,0,-776.10
0,0.00,0,-793.61
0,0.00,0,-773.21
0,0.00,0,-753.42
0,0.00,0,-743.53
0,0.00,0,-753.12
0,0.00,0,-756.32
0,0.00,0,-729.53
0,0.00,0,-711.26
0,0.00,0,-712.63
0,0.00,0,-726.03
0,0.00,0,-724.96
0,0.00,0,-712.48
0,0.00,0,-716.59
0,0.00,0,-744.44
0,0.00,0,-776.86
0,0.00,0,-785.24
0,0.00,0,-785.39
0,0.00,0,-800.00
0,0.00,0,-829.22
0,0.00,0,-827.85
0,0.00,0,-794.82
0,0.00,0,-771.39
0,0.00,0,-753.42
0,0.00,0,-751.29
0,0.00,0,-727.40
0,0.00,0,-696.04
0,0.00,0,-693.76
0,0.00,0,-715.98
0,0.00,0,-722.53
0,0.00,0,-725.27
0,0.00,0,-718.11
0,0.00,0,-737.14
0,0.00,0,-768.34
0,0.00,0,-786.00
0,0.00,0,-787.06
0,0.00,0,-778.23
0,0.00,0,-787.67
0,0.00,0,-797.72
0,0.00,0,-783.26
0,0.00,0,-750.23
0,0.00,0,-732.12
0,0.00,0,-732.42
0,0.00,0,-734.09
0,0.00,0,-724.81
0,0.00,0,-708.52
0,0.00,0,-720.24
0,0.00,0,-751.90
0,0.00,0,-771.84
0,0.00,0,-775.04
0,0.00,0,-778.84
0,0.00,0,-789.35
0,0.00,0,-809.89
0,0.00,0,-799.39
0,0.00,0,-770.32
0,0.00,0,-753.12
0,0.00,0,-753.88
0,0.00,0,-761.95
0,0.00,0,-738.66
0,0.00,0,-721.61
0,0.00,0,-719.33
0,0.00,0,-739.27
0,0.00,0,-753.42
0,0.00,0,-744.60
0,0.00,0,-741.70
0,0.00,0,-750.84
0,0.00,0,-777.93
0,0.00,0,-771.08
0,0.00,0,-757.84
0,0.00,0,-752.21
0,0.00,0,-761.95
0,0.00,0,-781.58
0,0.00,0,-764.08
0,0.00,0,-751.29
0,0.00,0,-745.21
0,0.00,0,-768.65
0,0.00,0,-776.41
0,0.00,0,-760.58
0,0.00,0,-756.32
0,0.00,0,-755.40
0,0.00,0,-779.91
0,0.00,0,-768.04
0,0.00,0,-751.14
0,0.00,0,-736.53
0,0.00,0,-744.29
0,0.00,0,-749.47
0,0.00,0,-724.20
0,0.00,0,-710.50
0,0.00,0,-710.50
0,0.00,0,-736.38
0,0.00,0,-747.34
0,0.00,0,-739.88
0,0.00,0,-737.90
0,0.00,0,-758.75
0,0.00,0,-788.43
0,0.00,0,-789.80
0,0.00,0,-778.69
0,0.00,0,-777.78
0,0.00,0,-784.78
