0,0.00,0,-792.54
0,0.00,0,-786.30
0,0.00,0,-786.61
0,0.00,0,-788.74
0,0.00,0,-791.78
0,0.00,0,-789.04
0,0.00,0,-782.80
0,0.00,0,-782.95
0,0.00,0,-786.91
0,0.00,0,-792.39
0,0.00,0,-792.54
0,0.00,0,-786.61
0,0.00,0,-786.61
0,0.00,0,-790.72
0,0.00,0,-795.59
0,0.00,0,-795.43
0,0.00,0,-787.98
0,0.00,0,-784.32
0,0.00,0,-785.69
0,0.00,0,-788.89
0,0.00,0,-790.26
0,0.00,0,-784.02
0,0.00,0,-780.97
0,0.00,0,-783.87
0,0.00,0,-789.50
0,0.00,0,-794.06
0,0.00,0,-790.56
0,0.00,0,-786.15
0,0.00,0,-788.13
0,0.00,0,-793.30
0,0.00,0,-797.26
0,0.00,0,-793.91
0,0.00,0,-786.45
0,0.00,0,-785.54
0,0.00,0,-788.43
0,0.00,0,-791.78
0,0.00,0,-790.26
0,0.00,0,-782.65
0,0.00,0,-782.65
0,0.00,0,-786.76
0,0.00,0,-793.00
0,0.00,0,-795.28
0,0.00,0,-789.19
0,0.00,0,-787.52
0,0.00,0,-789.65
0,0.00,0,-794.22
0,0.00,0,-795.89
0,0.00,0,-789.19
0,0.00,0,-784.78
0,0.00,0,-786.45
0,0.00,0,-790.26
0,0.00,0,-792.39
0,0.00,0,-787.06
0,0.00,0,-781.89
0,0.00,0,-784.17
0,0.00,0,-789.35
0,0.00,0,-794.52
0,0.00,0,-791.63
0,0.00,0,-786.61
0,0.00,0,-787.98
0,0.00,0,-791.17
0,0.00,0,-794.98
0,0.00,0,-791.63
0,0.00,0,-784.78
0,0.00,0,-783.71
0,0.00,0,-786.45
0,0.00,0,-791.17
0,0.00,0,-790.26
0,0.00,0,-784.32
0,0.00,0,-782.19
0,0.00,0,-786.45
0,0.00,0,-792.09
0,0.00,0,-794.37
0,0.00,0,-788.58
0,0.00,0,-784.47
0,0.00,0,-787.98
0,0.00,0,-791.32
0,0.00,0,-794.06
0,0.00,0,-787.98
0,0.00,0,-781.89
0,0.00,0,-784.47
0,0.00,0,-787.52
0,0.00,0,-792.39
0,0.00,0,-788.89
0,0.00,0,-783.41
0,0.00,0,-785.08
0,0.00,0,-789.19
0,0.00,0,-795.74
0,0.00,0,-794.22
0,0.00,0,-787.67
0,0.00,0,-786.15
0,0.00,0,-789.35
0,0.00,0,-792.69
0,0.00,0,-791.17
0,0.00,0,-783.87
0,0.00,0,-782.95
0,0.00,0,-786.76
0,0.00,0,-790.87
0,0.00,0,-792.24
0,0.00,0,-786.91
0,0.00,0,-784.47
0,0.00,0,-787.98
0,0.00,0,-793.91
0,0.00,0,-798.17
0,0.00,0,-792.54
0,0.00,0,-786.91
0,0.00,0,-787.52
0,0.00,0,-790.26
0,0.00,0,-792.69
0,0.00,0,-788.28
0,0.00,0,-781.74
0,0.00,0,-782.65
0,0.00,0,-786.76
0,0.00,0,-791.63
0,0.00,0,-790.41
0,0.00,0,-785.54
0,0.00,0,-787.21
0,0.00,0,-791.02
0,0.00,0,-796.04
0,0.00,0,-794.06
0,0.00,0,-786.91
0,0.00,0,-785.39
0,0.00,0,-787.37
0,0.00,0,-790.72
0,0.00,0,-789.80
0,0.00,0,-782.95
0,0.00,0,-780.82
0,0.00,0,-784.63
0,0.00,0,-790.87
0,0.00,0,-793.91
0,0.00,0,-789.50
0,0.00,0,-786.15
0,0.00,0,-788.58
0,0.00,0,-792.09
0,0.00,0,-794.37
0,0.00,0,-789.65
0,0.00,0,-783.71
0,0.00,0,-785.54
0,0.00,0,-788.43
0,0.00,0,-791.93
0,0.00,0,-788.89
0,0.00,0,-782.80
0,0.00,0,-784.02
0,0.00,0,-788.58
0,0.00,0,-794.22
0,0.00,0,-794.22
0,0.00,0,-787.82
0,0.00,0,-787.82
0,0.00,0,-791.02
0,0.00,0,-794.82
0,0.00,0,-793.91
0,0.00,0,-785.84
0,0.00,0,-783.71
0,0.00,0,-786.76
0,0.00,0,-791.63
0,0.00,0,-793.46
0,0.00,0,-787.82
0,0.00,0,-785.39
0,0.00,0,-787.98
0,0.00,0,-792.69
0,0.00,0,-795.74
0,0.00,0,-791.93
0,0.00,0,-787.82
0,0.00,0,-788.74
0,0.00,0,-792.39
0,0.00,0,-794.98
0,0.00,0,-790.26
0,0.00,0,-784.32
0,0.00,0,-784.32
0,0.00,0,-789.65
0,0.00,0,-794.22
0,0.00,0,-793.61
0,0.00,0,-787.52
0,0.00,0,-787.82
0,0.00,0,-793.46
0,0.00,0,-796.65
0,0.00,0,-797.11
0,0.00,0,-789.19
0,0.00,0,-786.30
0,0.00,0,-787.82
0,0.00,0,-791.02
0,0.00,0,-792.54
0,0.00,0,-784.93
0,0.00,0,-782.34
0,0.00,0,-785.39
0,0.00,0,-791.32
0,0.00,0,-795.43
0,0.00,0,-790.11
0,0.00,0,-786.61
0,0.00,0,-789.35
0,0.00,0,-794.52
0,0.00,0,-797.41
0,0.00,0,-792.09
0,0.00,0,-784.32
0,0.00,0,-784.02
0,0.00,0,-787.37
0,0.00,0,-790.11
0,0.00,0,-787.67
0,0.00,0,-780.82
0,0.00,0,-781.89
0,0.00,0,-786.45
0,0.00,0,-792.24
0,0.00,0,-794.37
0,0.00,0,-788.89
0,0.00,0,-788.28
0,0.00,0,-791.02
0,0.00,0,-794.98
0,0.00,0,-795.13
0,0.00,0,-786.45
0,0.00,0,-782.04
0,0.00,0,-784.02
0,0.00,0,-787.98
0,0.00,0,-789.65
0,0.00,0,-784.32
0,0.00,0,-780.82
0,0.00,0,-784.47
0,0.00,0,-790.87
0,0.00,0,-796.35
0,0.00,0,-793.76
0,0.00,0,-788.58
0,0.00,0,-789.80
0,0.00,0,-792.24
0,0.00,0,-794.67
0,0.00,0,-789.65
0,0.00,0,-781.28
0,0.00,0,-780.67
0,0.00,0,-784.02
0,0.00,0,-789.19
0,0.00,0,-789.19
0,0.00,0,-784.17
0,0.00,0,-785.24
0,0.00,0,-789.80
0,0.00,0,-796.04
0,0.00,0,-796.96
0,0.00,0,-790.41
0,0.00,0,-787.82
0,0.00,0,-788.74
0,0.00,0,-791.93
0,0.00,0,-792.09
0,0.00,0,-785.24
0,0.00,0,-780.82
0,0.00,0,-782.50
0,0.00,0,-787.82
0,0.00,0,-792.09
0,0.00,0,-789.35
0,0.00,0,-785.24
0,0.00,0,-788.58
0,0.00,0,-794.22
0,0.00,0,-797.41
0,0.00,0,-793.76
0,0.00,0,-786.30
0,0.00,0,-785.84
0,0.00,0,-787.82
0,0.00,0,-790.72
0,0.00,0,-788.28
0,0.00,0,-780.21
0,0.00,0,-781.74
0,0.00,0,-785.39
0,0.00,0,-791.63
0,0.00,0,-792.85
0,0.00,0,-786.76
0,0.00,0,-786.91
0,0.00,0,-790.56
0,0.00,0,-795.59
0,0.00,0,-795.59
0,0.00,0,-788.13
0,0.00,0,-783.87
0,0.00,0,-784.93
0,0.00,0,-788.43
0,0.00,0,-789.65
0,0.00,0,-786.15
0,0.00,0,-781.58
0,0.00,0,-785.24
0,0.00,0,-790.56
0,0.00,0,-795.89
0,0.00,0,-793.00
0,0.00,0,-786.00
0,0.00,0,-788.28
0,0.00,0,-791.63
0,0.00,0,-795.28
0,0.00,0,-790.87
0,0.00,0,-782.80
0,0.00,0,-783.10
0,0.00,0,-786.30
0,0.00,0,-791.78
0,0.00,0,-790.41
0,0.00,0,-785.69
0,0.00,0,-785.39
0,0.00,0,-789.04
0,0.00,0,-795.28
0,0.00,0,-796.19
0,0.00,0,-790.56
0,0.00,0,-786.45
0,0.00,0,-788.28
0,0.00,0,-791.63
0,0.00,0,-791.93
0,0.00,0,-785.24
0,0.00,0,-779.76
0,0.00,0,-783.71
0,0.00,0,-787.98
0,0.00,0,-791.78
0,0.00,0,-788.58
0,0.00,0,-784.93
0,0.00,0,-788.28
0,0.00,0,-791.48
0,0.00,0,-796.50
0,0.00,0,-793.00
0,0.00,0,-786.00
0,0.00,0,-785.39
0,0.00,0,-787.06
0,0.00,0,-792.54
0,0.00,0,-790.72
0,0.00,0,-783.41
0,0.00,0,-782.19
0,0.00,0,-786.30
0,0.00,0,-792.39
0,0.00,0,-793.00
0,0.00,0,-787.82
0,0.00,0,-786.30
0,0.00,0,-791.02
0,0.00,0,-794.98
0,0.00,0,-795.74
0,0.00,0,-788.89
0,0.00,0,-783.71
0,0.00,0,-784.93
0,0.00,0,-787.67
0,0.00,0,-790.72
0,0.00,0,-786.00
0,0.00,0,-781.28
0,0.00,0,-784.47
0,0.00,0,-790.11
0,0.00,0,-795.89
0,0.00,0,-793.30
0,0.00,0,-787.37
0,0.00,0,-788.13
0,0.00,0,-791.63
0,0.00,0,-795.43
0,0.00,0,-792.54
0,0.00,0,-784.93
0,0.00,0,-783.71
0,0.00,0,-786.15
0,0.00,0,-790.56
0,0.00,0,-790.11
0,0.00,0,-784.47
0,0.00,0,-783.71
0,0.00,0,-787.52
0,0.00,0,-793.30
0,0.00,0,-795.28
0,0.00,0,-789.35
0,0.00,0,-786.30
0,0.00,0,-788.13
0,0.00,0,-792.39
0,0.00,0,-793.91
0,0.00,0,-788.28
0,0.00,0,-782.95
0,0.00,0,-784.63
0,0.00,0,-788.74
0,0.00,0,-792.09
0,0.00,0,-789.04
0,0.00,0,-784.17
0,0.00,0,-786.00
0,0.00,0,-790.72
0,0.00,0,-795.89
0,0.00,0,-794.37
0,0.00,0,-787.06
0,0.00,0,-786.45
0,0.00,0,-789.80
0,0.00,0,-793.30
0,0.00,0,-791.93
0,0.00,0,-783.87
0,0.00,0,-782.80
0,0.00,0,-786.30
0,0.00,0,-790.41
0,0.00,0,-791.78
0,0.00,0,-786.76
0,0.00,0,-784.93
0,0.00,0,-788.13
0,0.00,0,-792.85
0,0.00,0,-795.43
0,0.00,0,-790.11
0,0.00,0,-785.08
0,0.00,0,-787.06
0,0.00,0,-790.41
0,0.00,0,-793.46
0,0.00,0,-788.58
0,0.00,0,-781.89
0,0.00,0,-783.71
0,0.00,0,-787.37
0,0.00,0,-791.93
0,0.00,0,-789.65
0,0.00,0,-784.02
0,0.00,0,-785.39
0,0.00,0,-788.89
0,0.00,0,-794.06
0,0.00,0,-793.15
0,0.00,0,-787.06
0,0.00,0,-785.39
0,0.00,0,-788.58
0,0.00,0,-793.46
0,0.00,0,-793.30
0,0.00,0,-786.61
0,0.00,0,-782.95
0,0.00,0,-786.45
0,0.00,0,-790.72
0,0.00,0,-792.85
0,0.00,0,-787.37
0,0.00,0,-783.56
0,0.00,0,-787.06
0,0.00,0,-791.17
0,0.00,0,-794.52
0,0.00,0,-790.87
0,0.00,0,-785.84
0,0.00,0,-788.13
0,0.00,0,-791.78
0,0.00,0,-795.59
0,0.00,0,-791.78
0,0.00,0,-785.08
0,0.00,0,-785.84
0,0.00,0,-789.65
0,0.00,0,-794.06
0,0.00,0,-792.54
0,0.00,0,-786.15
0,0.00,0,-785.84
0,0.00,0,-789.19
0,0.00,0,-793.61
0,0.00,0,-793.61
0,0.00,0,-787.21
0,0.00,0,-784.63
0,0.00,0,-786.91
0,0.00,0,-791.48
0,0.00,0,-792.54
0,0.00,0,-787.21
0,0.00,0,-782.50
0,0.00,0,-785.24
0,0.00,0,-790.56
0,0.00,0,-793.61
0,0.00,0,-789.35
0,0.00,0,-783.56
0,0.00,0,-786.30
0,0.00,0,-790.41
0,0.00,0,-794.67
0,0.00,0,-790.72
0,0.00,0,-784.47
0,0.00,0,-786.00
0,0.00,0,-789.35
0,0.00,0,-794.06
0,0.00,0,-791.63
0,0.00,0,-785.39
0,0.00,0,-784.63
0,0.00,0,-787.98
0,0.00,0,-793.30
0,0.00,0,-792.09
0,0.00,0,-786.45
0,0.00,0,-784.47
0,0.00,0,-788.13
0,0.00,0,-793.15
0,0.00,0,-795.43
0,0.00,0,-789.65
0,0.00,0,-785.84
0,0.00,0,-788.43
0,0.00,0,-791.48
0,0.00,0,-794.82
0,0.00,0,-788.43
0,0.00,0,-783.56
0,0.00,0,-784.78
0,0.00,0,-788.58
0,0.00,0,-792.69
0,0.00,0,-788.28
0,0.00,0,-782.95
0,0.00,0,-783.87
0,0.00,0,-788.58
0,0.00,0,-793.91
0,0.00,0,-791.32
0,0.00,0,-785.54
0,0.00,0,-785.54
0,0.00,0,-789.35
0,0.00,0,-793.61
0,0.00,0,-791.63
0,0.00,0,-784.78
0,0.00,0,-783.10
0,0.00,0,-786.45
0,0.00,0,-789.80
0,0.00,0,-791.48
0,0.00,0,-785.54
0,0.00,0,-783.56
0,0.00,0,-786.76
0,0.00,0,-792.09
0,0.00,0,-795.74
0,0.00,0,-790.26
0,0.00,0,-785.54
0,0.00,0,-786.76
0,0.00,0,-791.48
0,0.00,0,-794.52
0,0.00,0,-789.95
0,0.00,0,-783.56
0,0.00,0,-785.24
0,0.00,0,-789.19
0,0.00,0,-793.76
0,0.00,0,-791.48
0,0.00,0,-784.63
0,0.00,0,-785.54
0,0.00,0,-790.26
0,0.00,0,-795.13
0,0.00,0,-794.22
0,0.00,0,-787.52
0,0.00,0,-785.69
0,0.00,0,-787.98
0,0.00,0,-791.48
0,0.00,0,-791.32
0,0.00,0,-784.78
0,0.00,0,-782.04
0,0.00,0,-784.93
0,0.00,0,-790.11
0,0.00,0,-793.76
0,0.00,0,-788.74
0,0.00,0,-785.69
0,0.00,0,-788.74
0,0.00,0,-792.69
0,0.00,0,-796.50
0,0.00,0,-791.78
0,0.00,0,-785.84
0,0.00,0,-787.06
0,0.00,0,-789.35
0,0.00,0,-793.15
0,0.00,0,-789.19
0,0.00,0,-783.26
0,0.00,0,-783.26
0,0.00,0,-786.61
0,0.00,0,-793.00
0,0.00,0,-793.15
0,0.00,0,-787.98
0,0.00,0,-786.91
0,0.00,0,-791.02
0,0.00,0,-796.04
0,0.00,0,-794.52
0,0.00,0,-786.61
0,0.00,0,-783.26
0,0.00,0,-786.45
0,0.00,0,-790.87
0,0.00,0,-792.24
0,0.00,0,-786.91
0,0.00,0,-783.10
0,0.00,0,-787.21
0,0.00,0,-792.09
0,0.00,0,-795.89
0,0.00,0,-791.78
0,0.00,0,-786.00
0,0.00,0,-787.82
0,0.00,0,-791.32
0,0.00,0,-795.28
0,0.00,0,-790.41
0,0.00,0,-783.41
0,0.00,0,-782.95
0,0.00,0,-785.54
0,0.00,0,-790.56
0,0.00,0,-789.95
0,0.00,0,-784.93
0,0.00,0,-785.39
0,0.00,0,-790.11
0,0.00,0,-794.52
0,0.00,0,-795.43
0,0.00,0,-788.74
0,0.00,0,-785.24
0,0.00,0,-787.52
0,0.00,0,-791.17
0,0.00,0,-793.00
0,0.00,0,-785.39
0,0.00,0,-781.13
0,0.00,0,-783.56
0,0.00,0,-788.13
0,0.00,0,-792.09
0,0.00,0,-787.06
0,0.00,0,-784.32
0,0.00,0,-787.67
0,0.00,0,-792.69
0,0.00,0,-796.19
0,0.00,0,-792.85
0,0.00,0,-786.61
0,0.00,0,-786.00
0,0.00,0,-788.74
0,0.00,0,-792.39
0,0.00,0,-790.11
0,0.00,0,-782.95
0,0.00,0,-781.89
0,0.00,0,-785.84
0,0.00,0,-791.63
0,0.00,0,-792.39
0,0.00,0,-786.15
0,0.00,0,-785.24
0,0.00,0,-788.58
0,0.00,0,-793.76
0,0.00,0,-795.28
0,0.00,0,-789.35
0,0.00,0,-785.24
0,0.00,0,-786.76
0,0.00,0,-790.41
0,0.00,0,-792.39
0,0.00,0,-787.98
0,0.00,0,-782.80
0,0.00,0,-785.24
0,0.00,0,-790.11
0,0.00,0,-795.28
0,0.00,0,-792.85
0,0.00,0,-786.91
0,0.00,0,-788.28
0,0.00,0,-791.93
0,0.00,0,-796.04
0,0.00,0,-793.30
0,0.00,0,-785.54
0,0.00,0,-785.84
0,0.00,0,-788.28
0,0.00,0,-792.24
0,0.00,0,-792.09
0,0.00,0,-785.39
0,0.00,0,-784.63
0,0.00,0,-787.52
0,0.00,0,-792.69
0,0.00,0,-795.28
0,0.00,0,-789.35
0,0.00,0,-785.84
0,0.00,0,-788.13
0,0.00,0,-792.69
0,0.00,0,-795.13
0,0.00,0,-789.35
0,0.00,0,-783.87
0,0.00,0,-785.69
0,0.00,0,-789.50
0,0.00,0,-792.24
0,0.00,0,-788.28
0,0.00,0,-782.19
0,0.00,0,-783.87
0,0.00,0,-788.43
0,0.00,0,-793.30
0,0.00,0,-792.39
0,0.00,0,-785.84
0,0.00,0,-786.15
0,0.00,0,-789.95
0,0.00,0,-794.67
0,0.00,0,-793.46
0,0.00,0,-785.08
0,0.00,0,-782.95
0,0.00,0,-785.84
0,0.00,0,-790.26
0,0.00,0,-790.72
0,0.00,0,-784.47
0,0.00,0,-783.41
0,0.00,0,-787.06
0,0.00,0,-791.93
0,0.00,0,-794.98
0,0.00,0,-789.95
0,0.00,0,-785.39
0,0.00,0,-787.21
0,0.00,0,-790.72
0,0.00,0,-793.91
0,0.00,0,-788.58
0,0.00,0,-782.04
0,0.00,0,-782.04
0,0.00,0,-786.00
0,0.00,0,-790.72
0,0.00,0,-788.43
0,0.00,0,-783.26
0,0.00,0,-785.39
0,0.00,0,-791.32
0,0.00,0,-797.26
0,0.00,0,-796.80
0,0.00,0,-789.04
0,0.00,0,-788.58
0,0.00,0,-791.02
0,0.00,0,-794.06
0,0.00,0,-793.91
0,0.00,0,-786.00
0,0.00,0,-782.50
0,0.00,0,-784.32
0,0.00,0,-789.19
0,0.00,0,-791.32
0,0.00,0,-786.45
0,0.00,0,-784.63
0,0.00,0,-787.21
0,0.00,0,-792.54
0,0.00,0,-796.04
0,0.00,0,-791.93
0,0.00,0,-786.45
0,0.00,0,-786.91
0,0.00,0,-790.26
0,0.00,0,-792.39
0,0.00,0,-789.50
0,0.00,0,-781.13
0,0.00,0,-780.67
0,0.00,0,-785.54
0,0.00,0,-790.87
0,0.00,0,-791.02
0,0.00,0,-784.63
0,0.00,0,-785.54
0,0.00,0,-790.26
0,0.00,0,-795.59
0,0.00,0,-795.74
0,0.00,0,-787.98
0,0.00,0,-785.08
0,0.00,0,-786.30
0,0.00,0,-789.95
0,0.00,0,-790.87
0,0.00,0,-784.32
0,0.00,0,-780.97
0,0.00,0,-783.56
0,0.00,0,-789.19
0,0.00,0,-792.85
0,0.00,0,-790.11
0,0.00,0,-785.84
0,0.00,0,-787.98
0,0.00,0,-792.85
0,0.00,0,-795.89
0,0.00,0,-793.15
0,0.00,0,-785.54
0,0.00,0,-785.24
0,0.00,0,-787.98
0,0.00,0,-792.24
0,0.00,0,-790.87
0,0.00,0,-783.41
0,0.00,0,-784.32
0,0.00,0,-788.43
0,0.00,0,-794.37
0,0.00,0,-795.89
0,0.00,0,-789.35
0,0.00,0,-788.28
0,0.00,0,-790.72
0,0.00,0,-794.52
0,0.00,0,-795.28
0,0.00,0,-787.67
0,0.00,0,-783.56
0,0.00,0,-784.78
0,0.00,0,-789.04
0,0.00,0,-791.78
0,0.00,0,-786.91
0,0.00,0,-782.95
0,0.00,0,-785.69
0,0.00,0,-791.32
0,0.00,0,-795.43
0,0.00,0,-792.09
0,0.00,0,-786.15
0,0.00,0,-786.61
0,0.00,0,-789.95
0,0.00,0,-792.85
0,0.00,0,-791.63
0,0.00,0,-784.63
0,0.00,0,-783.10
0,0.00,0,-786.45
0,0.00,0,-790.56
0,0.00,0,-791.93
0,0.00,0,-785.69
0,0.00,0,-784.17
0,0.00,0,-787.82
0,0.00,0,-793.30
0,0.00,0,-796.50
0,0.00,0,-789.04
0,0.00,0,-785.84
0,0.00,0,-787.82
0,0.00,0,-792.09
0,0.00,0,-793.91
0,0.00,0,-786.15
0,0.00,0,-782.19
0,0.00,0,-784.63
0,0.00,0,-789.65
0,0.00,0,-792.54
0,0.00,0,-788.89
0,0.00,0,-784.32
0,0.00,0,-785.69
0,0.00,0,-790.11
0,0.00,0,-794.37
0,0.00,0,-792.39
0,0.00,0,-786.30
0,0.00,0,-785.69
0,0.00,0,-788.28
0,0.00,0,-792.54
0,0.00,0,-791.78
0,0.00,0,-784.02
0,0.00,0,-783.41
0,0.00,0,-786.76
0,0.00,0,-791.32
0,0.00,0,-793.00
0,0.00,0,-787.37
0,0.00,0,-784.93
0,0.00,0,-787.21
0,0.00,0,-792.09
0,0.00,0,-794.37
0,0.00,0,-789.04
0,0.00,0,-784.32
0,0.00,0,-786.15
0,0.00,0,-791.02
0,0.00,0,-794.82
0,0.00,0,-790.56
0,0.00,0,-784.47
0,0.00,0,-786.00
0,0.00,0,-789.65
0,0.00,0,-793.61
0,0.00,0,-791.02
0,0.00,0,-784.32
0,0.00,0,-785.24
0,0.00,0,-788.89
0,0.00,0,-793.15
0,0.00,0,-791.93
0,0.00,0,-785.24
0,0.00,0,-784.02
0,0.00,0,-786.61
0,0.00,0,-791.02
0,0.00,0,-792.24
0,0.00,0,-786.00
0,0.00,0,-783.41
0,0.00,0,-785.69
0,0.00,0,-791.17
0,0.00,0,-794.37
0,0.00,0,-788.58
0,0.00,0,-784.47
0,0.00,0,-786.61
0,0.00,0,-791.17
0,0.00,0,-793.76
0,0.00,0,-789.19
0,0.00,0,-783.26
0,0.00,0,-784.32
0,0.00,0,-788.13
0,0.00,0,-791.93
0,0.00,0,-789.80
0,0.00,0,-783.41
0,0.00,0,-784.17
0,0.00,0,-788.89
0,0.00,0,-793.91
0,0.00,0,-793.30
0,0.00,0,-785.84
0,0.00,0,-786.00
0,0.00,0,-789.04
0,0.00,0,-793.30
0,0.00,0,-793.00
0,0.00,0,-785.24
0,0.00,0,-783.10
0,0.00,0,-785.54
0,0.00,0,-789.95
0,0.00,0,-791.78
0,0.00,0,-786.91
0,0.00,0,-783.71
0,0.00,0,-786.30
0,0.00,0,-791.78
0,0.00,0,-796.04
0,0.00,0,-792.24
0,0.00,0,-786.45
0,0.00,0,-787.98
0,0.00,0,-791.63
0,0.00,0,-795.59
0,0.00,0,-792.09
0,0.00,0,-784.32
0,0.00,0,-784.78
0,0.00,0,-788.13
0,0.00,0,-792.85
0,0.00,0,-791.63
0,0.00,0,-785.08
0,0.00,0,-785.69
0,0.00,0,-788.28
0,0.00,0,-794.06
0,0.00,0,-794.06
0,0.00,0,-787.98
0,0.00,0,-784.78
0,0.00,0,-786.30
0,0.00,0,-791.02
0,0.00,0,-791.78
0,0.00,0,-785.84
0,0.00,0,-780.97
0,0.00,0,-783.87
0,0.00,0,-788.43
0,0.00,0,-791.48
0,0.00,0,-787.82
0,0.00,0,-783.10
0,0.00,0,-786.45
0,0.00,0,-790.41
0,0.00,0,-794.67
0,0.00,0,-791.32
0,0.00,0,-785.08
0,0.00,0,-786.30
0,0.00,0,-788.28
0,0.00,0,-793.15
0,0.00,0,-790.41
0,0.00,0,-783.26
0,0.00,0,-782.80
0,0.00,0,-786.45
0,0.00,0,-793.00
0,0.00,0,-793.46
0,0.00,0,-787.67
0,0.00,0,-785.69
0,0.00,0,-789.50
0,0.00,0,-794.37
0,0.00,0,-795.43
0,0.00,0,-789.19
0,0.00,0,-784.17
0,0.00,0,-786.76
0,0.00,0,-789.65
0,0.00,0,-793.00
0,0.00,0,-788.58
0,0.00,0,-782.65
0,0.00,0,-785.24
0,0.00,0,-789.35
0,0.00,0,-794.98
0,0.00,0,-791.48
0,0.00,0,-786.45
0,0.00,0,-787.52
0,0.00,0,-790.56
0,0.00,0,-794.82
0,0.00,0,-791.17
0,0.00,0,-785.08
0,0.00,0,-783.41
0,0.00,0,-786.61
0,0.00,0,-791.63
0,0.00,0,-790.87
0,0.00,0,-785.39
0,0.00,0,-783.56
0,0.00,0,-788.74
0,0.00,0,-793.46
0,0.00,0,-796.04
0,0.00,0,-790.87
0,0.00,0,-786.61
0,0.00,0,-790.11
0,0.00,0,-792.39
0,0.00,0,-794.98
0,0.00,0,-787.52
0,0.00,0,-781.58
0,0.00,0,-783.26
0,0.00,0,-786.30
0,0.00,0,-791.63
0,0.00,0,-787.67
0,0.00,0,-783.41
0,0.00,0,-785.08
0,0.00,0,-789.95
0,0.00,0,-795.43
0,0.00,0,-793.30
0,0.00,0,-787.21
0,0.00,0,-785.69
0,0.00,0,-788.58
0,0.00,0,-792.39
0,0.00,0,-790.72
0,0.00,0,-783.87
0,0.00,0,-781.58
0,0.00,0,-785.39
0,0.00,0,-790.26
0,0.00,0,-792.39
0,0.00,0,-787.06
0,0.00,0,-785.54
0,0.00,0,-789.35
0,0.00,0,-793.30
0,0.00,0,-795.89
0,0.00,0,-789.95
0,0.00,0,-784.93
0,0.00,0,-785.39
0,0.00,0,-788.89
0,0.00,0,-791.32
0,0.00,0,-787.21
0,0.00,0,-781.58
0,0.00,0,-783.10
0,0.00,0,-788.89
0,0.00,0,-793.76
0,0.00,0,-792.85
0,0.00,0,-786.30
0,0.00,0,-787.21
0,0.00,0,-791.17
0,0.00,0,-795.74
0,0.00,0,-795.59
0,0.00,0,-787.21
0,0.00,0,-785.69
0,0.00,0,-787.37
0,0.00,0,-791.93
0,0.00,0,-792.39
0,0.00,0,-784.78
0,0.00,0,-783.87
0,0.00,0,-786.00
0,0.00,0,-791.78
0,0.00,0,-793.91
0,0.00,0,-788.13
0,0.00,0,-784.93
0,0.00,0,-786.30
0,0.00,0,-791.63
0,0.00,0,-793.91
0,0.00,0,-790.26
0,0.00,0,-783.56
0,0.00,0,-784.63
0,0.00,0,-789.04
0,0.00,0,-792.54
0,0.00,0,-791.63
0,0.00,0,-784.32
0,0.00,0,-785.84
0,0.00,0,-789.80
0,0.00,0,-795.28
0,0.00,0,-794.06
0,0.00,0,-785.69
0,0.00,0,-785.39
0,0.00,0,-786.91
0,0.00,0,-791.63
0,0.00,0,-791.78
0,0.00,0,-784.93
0,0.00,0,-783.71
0,0.00,0,-786.00
0,0.00,0,-790.87
0,0.00,0,-793.00
0,0.00,0,-788.74
0,0.00,0,-785.69
0,0.00,0,-787.52
0,0.00,0,-792.39
0,0.00,0,-794.98
0,0.00,0,-790.26
0,0.00,0,-784.32
0,0.00,0,-785.39
0,0.00,0,-788.89
0,0.00,0,-792.54
0,0.00,0,-789.80
0,0.00,0,-783.71
0,0.00,0,-784.93
0,0.00,0,-788.58
0,0.00,0,-794.67
0,0.00,0,-794.06
0,0.00,0,-787.37
0,0.00,0,-786.91
0,0.00,0,-789.80
0,0.00,0,-794.52
0,0.00,0,-794.06
0,0.00,0,-786.45
0,0.00,0,-783.26
0,0.00,0,-786.15
0,0.00,0,-790.72
0,0.00,0,-792.85
0,0.00,0,-786.30
0,0.00,0,-782.80
0,0.00,0,-786.00
0,0.00,0,-790.87
0,0.00,0,-794.06
0,0.00,0,-789.65
0,0.00,0,-784.93
0,0.00,0,-786.30
0,0.00,0,-789.65
0,0.00,0,-793.76
0,0.00,0,-790.87
0,0.00,0,-784.32
0,0.00,0,-784.47
0,0.00,0,-787.98
0,0.00,0,-792.69
0,0.00,0,-791.93
0,0.00,0,-785.54
0,0.00,0,-784.93
0,0.00,0,-788.58
0,0.00,0,-793.61
0,0.00,0,-793.61
0,0.00,0,-786.45
0,0.00,0,-784.02
0,0.00,0,-786.30
0,0.00,0,-791.17
0,0.00,0,-792.85
0,0.00,0,-786.15
0,0.00,0,-782.65
0,0.00,0,-785.39
0,0.00,0,-790.56
0,0.00,0,-794.22
0,0.00,0,-789.35
0,0.00,0,-784.78
0,0.00,0,-786.61
0,0.00,0,-790.87
0,0.00,0,-794.22
0,0.00,0,-789.50
0,0.00,0,-783.71
0,0.00,0,-783.41
0,0.00,0,-787.98
0,0.00,0,-791.93
0,0.00,0,-789.80
0,0.00,0,-784.17
0,0.00,0,-784.02
0,0.00,0,-788.13
0,0.00,0,-791.93
0,0.00,0,-792.69
0,0.00,0,-786.00
0,0.00,0,-783.26
0,0.00,0,-786.30
0,0.00,0,-789.80
0,0.00,0,-792.39
0,0.00,0,-784.93
0,0.00,0,-780.97
0,0.00,0,-784.32
0,0.00,0,-788.74
0,0.00,0,-793.15
0,0.00,0,-787.82
0,0.00,0,-784.32
0,0.00,0,-786.30
0,0.00,0,-789.80
0,0.00,0,-793.61
0,0.00,0,-788.43
0,0.00,0,-783.56
0,0.00,0,-783.87
0,0.00,0,-787.67
0,0.00,0,-792.69
0,0.00,0,-789.95
0,0.00,0,-784.63
0,0.00,0,-783.41
0,0.00,0,-788.28
0,0.00,0,-793.61
0,0.00,0,-793.00
0,0.00,0,-786.91
0,0.00,0,-783.87
0,0.00,0,-788.43
0,0.00,0,-791.32
0,0.00,0,-792.09
0,0.00,0,-786.15
0,0.00,0,-782.65
0,0.00,0,-786.76
0,0.00,0,-790.41
0,0.00,0,-794.98
0,0.00,0,-789.04
0,0.00,0,-784.47
0,0.00,0,-786.91
0,0.00,0,-791.02
0,0.00,0,-795.59
0,0.00,0,-790.11
0,0.00,0,-783.26
0,0.00,0,-783.56
0,0.00,0,-787.52
0,0.00,0,-791.48
0,0.00,0,-788.13
0,0.00,0,-782.95
0,0.00,0,-783.56
0,0.00,0,-788.43
0,0.00,0,-793.46
0,0.00,0,-793.46
0,0.00,0,-788.58
0,0.00,0,-786.76
0,0.00,0,-789.19
0,0.00,0,-792.54
0,0.00,0,-793.61
0,0.00,0,-787.37
0,0.00,0,-782.80
0,0.00,0,-784.93
0,0.00,0,-788.89
0,0.00,0,-792.39
0,0.00,0,-787.21
0,0.00,0,-782.50
0,0.00,0,-786.61
0,0.00,0,-791.63
0,0.00,0,-795.59
0,0.00,0,-791.32
0,0.00,0,-786.30
0,0.00,0,-787.52
0,0.00,0,-789.80
0,0.00,0,-793.61
0,0.00,0,-789.50
0,0.00,0,-782.19
0,0.00,0,-781.13
0,0.00,0,-784.78
0,0.00,0,-791.02
0,0.00,0,-790.11
0,0.00,0,-785.08
0,0.00,0,-785.08
0,0.00,0,-790.11
0,0.00,0,-796.19
0,0.00,0,-797.26
0,0.00,0,-791.63
0,0.00,0,-787.82
0,0.00,0,-789.95
0,0.00,0,-793.00
0,0.00,0,-793.46
0,0.00,0,-787.67
0,0.00,0,-782.04
0,0.00,0,-784.93
0,0.00,0,-789.50
0,0.00,0,-793.46
0,0.00,0,-791.32
0,0.00,0,-786.30
0,0.00,0,-789.35
0,0.00,0,-792.85
0,0.00,0,-797.41
0,0.00,0,-794.22
0,0.00,0,-786.00
0,0.00,0,-786.15
0,0.00,0,-787.21
0,0.00,0,-792.09
0,0.00,0,-789.80
0,0.00,0,-782.50
0,0.00,0,-782.50
0,0.00,0,-786.30
0,0.00,0,-793.76
0,0.00,0,-794.06
0,0.00,0,-789.19
0,0.00,0,-787.52
0,0.00,0,-790.41
0,0.00,0,-794.82
0,0.00,0,-794.67
0,0.00,0,-788.28
0,0.00,0,-782.50
0,0.00,0,-783.87
0,0.00,0,-787.37
0,0.00,0,-790.26
0,0.00,0,-787.37
0,0.00,0,-781.89
0,0.00,0,-785.54
0,0.00,0,-790.72
0,0.00,0,-796.19
0,0.00,0,-793.61
0,0.00,0,-786.45
0,0.00,0,-787.21
0,0.00,0,-789.50
0,0.00,0,-793.30
0,0.00,0,-790.56
0,0.00,0,-782.95
0,0.00,0,-782.34
0,0.00,0,-784.93
0,0.00,0,-790.11
0,0.00,0,-791.02
0,0.00,0,-785.69
0,0.00,0,-784.63
0,0.00,0,-788.43
0,0.00,0,-793.76
0,0.00,0,-796.19
0,0.00,0,-789.50
0,0.00,0,-784.78
0,0.00,0,-786.00
0,0.00,0,-789.50
0,0.00,0,-791.48
0,0.00,0,-786.00
0,0.00,0,-780.37
0,0.00,0,-782.65
0,0.00,0,-787.98
0,0.00,0,-793.61
0,0.00,0,-791.48
0,0.00,0,-786.45
0,0.00,0,-788.13
0,0.00,0,-791.02
0,0.00,0,-795.43
0,0.00,0,-793.46
0,0.00,0,-785.39
0,0.00,0,-783.71
0,0.00,0,-785.84
0,0.00,0,-790.56
0,0.00,0,-790.11
0,0.00,0,-783.56
0,0.00,0,-782.80
0,0.00,0,-786.61
0,0.00,0,-793.46
0,0.00,0,-796.04
0,0.00,0,-790.72
0,0.00,0,-787.37
0,0.00,0,-788.74
0,0.00,0,-792.69
0,0.00,0,-794.37
0,0.00,0,-788.58
0,0.00,0,-782.04
0,0.00,0,-783.10
0,0.00,0,-787.21
0,0.00,0,-791.17
0,0.00,0,-789.04
0,0.00,0,-783.26
0,0.00,0,-786.00
0,0.00,0,-791.17
0,0.00,0,-795.59
0,0.00,0,-795.28
0,0.00,0,-787.67
0,0.00,0,-787.37
0,0.00,0,-789.80
0,0.00,0,-793.61
0,0.00,0,-792.85
0,0.00,0,-785.08
0,0.00,0,-783.10
0,0.00,0,-784.63
0,0.00,0,-789.35
0,0.00,0,-791.93
0,0.00,0,-787.06
0,0.00,0,-784.47
0,0.00,0,-787.06
0,0.00,0,-792.85
0,0.00,0,-795.74
0,0.00,0,-790.72
0,0.00,0,-784.63
0,0.00,0,-785.69
0,0.00,0,-789.50
0,0.00,0,-792.85
0,0.00,0,-788.74
0,0.00,0,-781.89
0,0.00,0,-784.32
0,0.00,0,-787.98
0,0.00,0,-793.76
0,0.00,0,-793.00
0,0.00,0,-785.69
0,0.00,0,-786.76
0,0.00,0,-789.35
0,0.00,0,-795.43
0,0.00,0,-793.91
0,0.00,0,-786.76
0,0.00,0,-785.08
0,0.00,0,-786.91
0,0.00,0,-792.09
0,0.00,0,-792.09
0,0.00,0,-786.61
0,0.00,0,-783.71
0,0.00,0,-786.30
0,0.00,0,-791.48
0,0.00,0,-794.22
0,0.00,0,-789.95
0,0.00,0,-785.39
0,0.00,0,-787.06
0,0.00,0,-790.72
0,0.00,0,-794.37
0,0.00,0,-791.32
0,0.00,0,-783.71
0,0.00,0,-785.08
0,0.00,0,-788.89
0,0.00,0,-793.76
0,0.00,0,-791.78
0,0.00,0,-784.78
0,0.00,0,-785.84
0,0.00,0,-789.19
0,0.00,0,-794.67
0,0.00,0,-793.91
0,0.00,0,-786.91
0,0.00,0,-785.54
0,0.00,0,-788.74
0,0.00,0,-793.30
0,0.00,0,-793.15
0,0.00,0,-786.76
0,0.00,0,-784.02
0,0.00,0,-786.15
0,0.00,0,-790.87
0,0.00,0,-793.15
0,0.00,0,-788.58
0,0.00,0,-783.87
0,0.00,0,-785.84
0,0.00,0,-790.26
0,0.00,0,-794.06
0,0.00,0,-790.87
0,0.00,0,-784.17
0,0.00,0,-786.00
0,0.00,0,-789.95
0,0.00,0,-794.37
0,0.00,0,-790.72
0,0.00,0,-783.10
0,0.00,0,-784.02
0,0.00,0,-787.21
0,0.00,0,-792.69
0,0.00,0,-791.78
0,0.00,0,-785.54
0,0.00,0,-785.08
0,0.00,0,-788.28
0,0.00,0,-793.46
0,0.00,0,-794.52
0,0.00,0,-788.58
0,0.00,0,-784.17
0,0.00,0,-786.15
0,0.00,0,-790.72
0,0.00,0,-792.09
0,0.00,0,-787.06
0,0.00,0,-782.04
0,0.00,0,-786.00
0,0.00,0,-790.41
0,0.00,0,-793.76
0,0.00,0,-790.26
0,0.00,0,-784.32
0,0.00,0,-786.91
0,0.00,0,-789.95
0,0.00,0,-794.06
0,0.00,0,-791.63
0,0.00,0,-784.63
0,0.00,0,-785.24
0,0.00,0,-788.13
0,0.00,0,-793.61
0,0.00,0,-792.69
0,0.00,0,-786.30
0,0.00,0,-785.08
0,0.00,0,-788.28
0,0.00,0,-793.76
0,0.00,0,-793.15
0,0.00,0,-786.61
0,0.00,0,-782.65
0,0.00,0,-785.69
0,0.00,0,-790.72
0,0.00,0,-792.24
0,0.00,0,-786.91
0,0.00,0,-782.65
0,0.00,0,-786.00
0,0.00,0,-789.80
0,0.00,0,-793.91
0,0.00,0,-790.26
0,0.00,0,-784.32
0,0.00,0,-785.84
0,0.00,0,-789.19
0,0.00,0,-793.30
0,0.00,0,-789.50
0,0.00,0,-782.65
0,0.00,0,-783.10
0,0.00,0,-786.45
0,0.00,0,-791.48
0,0.00,0,-790.11
0,0.00,0,-784.78
0,0.00,0,-784.17
0,0.00,0,-788.28
0,0.00,0,-793.46
0,0.00,0,-794.37
0,0.00,0,-787.98
0,0.00,0,-784.32
0,0.00,0,-787.82
0,0.00,0,-791.32
0,0.00,0,-793.30
0,0.00,0,-786.30
0,0.00,0,-782.04
0,0.00,0,-785.08
0,0.00,0,-789.19
0,0.00,0,-794.06
0,0.00,0,-788.43
0,0.00,0,-784.02
0,0.00,0,-785.69
0,0.00,0,-789.35
0,0.00,0,-794.52
0,0.00,0,-790.41
0,0.00,0,-784.17
0,0.00,0,-784.02
0,0.00,0,-787.67
0,0.00,0,-792.09
0,0.00,0,-790.87
0,0.00,0,-784.47
0,0.00,0,-782.95
0,0.00,0,-787.82
0,0.00,0,-791.93
0,0.00,0,-792.39
0,0.00,0,-785.84
0,0.00,0,-783.71
0,0.00,0,-787.21
0,0.00,0,-791.48
0,0.00,0,-793.46
0,0.00,0,-786.61
0,0.00,0,-783.41
0,0.00,0,-785.39
0,0.00,0,-789.04
0,0.00,0,-793.00
0,0.00,0,-787.52
0,0.00,0,-783.71
0,0.00,0,-785.69
0,0.00,0,-790.87
0,0.00,0,-795.43
0,0.00,0,-791.17
0,0.00,0,-786.30
0,0.00,0,-785.84
0,0.00,0,-790.56
0,0.00,0,-794.37
0,0.00,0,-791.02
0,0.00,0,-784.32
0,0.00,0,-783.41
0,0.00,0,-787.82
0,0.00,0,-792.39
0,0.00,0,-793.91
0,0.00,0,-786.91
0,0.00,0,-785.69
0,0.00,0,-789.50
0,0.00,0,-794.22
0,0.00,0,-796.04
0,0.00,0,-788.43
0,0.00,0,-785.08
0,0.00,0,-786.30
0,0.00,0,-790.11
0,0.00,0,-792.24
0,0.00,0,-785.84
0,0.00,0,-781.58
0,0.00,0,-783.41
0,0.00,0,-788.74
0,0.00,0,-793.76
0,0.00,0,-791.63
0,0.00,0,-786.30
0,0.00,0,-787.67
0,0.00,0,-791.17
0,0.00,0,-794.98
0,0.00,0,-793.46
0,0.00,0,-785.69
0,0.00,0,-784.47
0,0.00,0,-787.06
0,0.00,0,-791.48
0,0.00,0,-791.17
0,0.00,0,-783.56
0,0.00,0,-782.50
0,0.00,0,-787.21
0,0.00,0,-792.69
0,0.00,0,-794.98
0,0.00,0,-788.58
0,0.00,0,-786.45
0,0.00,0,-789.04
0,0.00,0,-793.15
0,0.00,0,-795.43
0,0.00,0,-788.89
0,0.00,0,-783.56
0,0.00,0,-784.32
0,0.00,0,-788.74
0,0.00,0,-791.32
0,0.00,0,-787.67
0,0.00,0,-782.34
0,0.00,0,-784.17
0,0.00,0,-788.89
0,0.00,0,-793.30
0,0.00,0,-792.39
0,0.00,0,-785.84
0,0.00,0,-786.30
0,0.00,0,-789.80
0,0.00,0,-794.52
0,0.00,0,-795.43
0,0.00,0,-787.52
0,0.00,0,-785.69
0,0.00,0,-788.28
0,0.00,0,-792.85
0,0.00,0,-794.22
0,0.00,0,-787.21
0,0.00,0,-784.63
0,0.00,0,-787.52
0,0.00,0,-792.24
0,0.00,0,-794.06
0,0.00,0,-789.35
0,0.00,0,-785.24
0,0.00,0,-787.52
0,0.00,0,-790.72
0,0.00,0,-794.06
0,0.00,0,-790.41
0,0.00,0,-783.87
0,0.00,0,-785.39
0,0.00,0,-788.58
0,0.00,0,-793.61
0,0.00,0,-791.17
0,0.00,0,-783.56
0,0.00,0,-784.93
0,0.00,0,-788.74
0,0.00,0,-794.37
0,0.00,0,-793.00
0,0.00,0,-786.45
0,0.00,0,-785.39
0,0.00,0,-787.67
0,0.00,0,-792.24
0,0.00,0,-792.39
0,0.00,0,-785.84
0,0.00,0,-781.74
0,0.00,0,-784.47
0,0.00,0,-789.65
0,0.00,0,-793.00
0,0.00,0,-788.28
0,0.00,0,-783.41
0,0.00,0,-787.82
0,0.00,0,-792.24
0,0.00,0,-796.50
0,0.00,0,-792.24
0,0.00,0,-785.54
0,0.00,0,-787.37
0,0.00,0,-789.80
0,0.00,0,-793.46
0,0.00,0,-789.95
0,0.00,0,-783.71
0,0.00,0,-784.93
0,0.00,0,-787.67
0,0.00,0,-793.61
0,0.00,0,-792.69
0,0.00,0,-787.06
0,0.00,0,-786.76
0,0.00,0,-789.65
0,0.00,0,-795.13
0,0.00,0,-794.22
0,0.00,0,-787.52
0,0.00,0,-783.71
0,0.00,0,-786.30
0,0.00,0,-790.56
0,0.00,0,-791.93
0,0.00,0,-786.91
0,0.00,0,-782.34
0,0.00,0,-786.00
0,0.00,0,-791.17
0,0.00,0,-795.89
0,0.00,0,-791.48
0,0.00,0,-785.54
0,0.00,0,-787.98
0,0.00,0,-791.48
0,0.00,0,-795.43
0,0.00,0,-791.32
0,0.00,0,-783.26
0,0.00,0,-784.17
0,0.00,0,-786.76
0,0.00,0,-791.93
0,0.00,0,-791.32
0,0.00,0,-785.08
0,0.00,0,-784.93
0,0.00,0,-788.13
0,0.00,0,-795.43
0,0.00,0,-796.35
0,0.00,0,-790.26
0,0.00,0,-787.98
0,0.00,0,-788.43
0,0.00,0,-793.15
0,0.00,0,-793.30
0,0.00,0,-786.91
0,0.00,0,-782.34
0,0.00,0,-783.56
0,0.00,0,-789.19
0,0.00,0,-792.24
0,0.00,0,-789.65
0,0.00,0,-784.32
0,0.00,0,-787.21
0,0.00,0,-792.85
0,0.00,0,-797.41
0,0.00,0,-795.43
0,0.00,0,-787.67
0,0.00,0,-787.52
0,0.00,0,-790.56
0,0.00,0,-793.76
0,0.00,0,-791.32
0,0.00,0,-783.10
0,0.00,0,-783.10
0,0.00,0,-786.45
0,0.00,0,-791.48
0,0.00,0,-792.54
0,0.00,0,-786.61
0,0.00,0,-786.15
0,0.00,0,-788.74
0,0.00,0,-794.67
0,0.00,0,-795.74
0,0.00,0,-789.80
0,0.00,0,-785.54
0,0.00,0,-786.61
0,0.00,0,-791.02
0,0.00,0,-792.69
0,0.00,0,-788.28
0,0.00,0,-783.71
0,0.00,0,-784.78
0,0.00,0,-789.35
0,0.00,0,-794.22
0,0.00,0,-792.09
0,0.00,0,-785.84
0,0.00,0,-787.67
0,0.00,0,-791.32
0,0.00,0,-795.59
0,0.00,0,-793.91
0,0.00,0,-786.15
0,0.00,0,-785.08
0,0.00,0,-787.37
0,0.00,0,-791.32
0,0.00,0,-791.48
0,0.00,0,-785.69
0,0.00,0,-784.32
0,0.00,0,-787.98
0,0.00,0,-793.30
0,0.00,0,-796.04
0,0.00,0,-789.95
0,0.00,0,-786.91
0,0.00,0,-790.41
0,0.00,0,-794.22
0,0.00,0,-796.96
0,0.00,0,-790.11
0,0.00,0,-784.78
0,0.00,0,-786.30
0,0.00,0,-789.35
0,0.00,0,-793.00
0,0.00,0,-788.89
0,0.00,0,-784.32
0,0.00,0,-784.93
0,0.00,0,-789.80
0,0.00,0,-795.43
0,0.00,0,-793.15
0,0.00,0,-787.67
0,0.00,0,-786.91
0,0.00,0,-790.26
0,0.00,0,-794.37
0,0.00,0,-793.61
0,0.00,0,-787.06
0,0.00,0,-784.32
0,0.00,0,-787.52
0,0.00,0,-791.17
0,0.00,0,-793.61
0,0.00,0,-786.91
0,0.00,0,-783.71
0,0.00,0,-787.52
0,0.00,0,-791.93
0,0.00,0,-795.89
0,0.00,0,-789.95
0,0.00,0,-786.00
0,0.00,0,-787.82
0,0.00,0,-790.26
0,0.00,0,-794.37
0,0.00,0,-788.28
0,0.00,0,-783.41
0,0.00,0,-784.63
0,0.00,0,-787.98
0,0.00,0,-792.69
0,0.00,0,-790.56
0,0.00,0,-785.84
0,0.00,0,-785.08
0,0.00,0,-789.65
0,0.00,0,-793.61
0,0.00,0,-794.22
0,0.00,0,-787.82
0,0.00,0,-785.24
0,0.00,0,-789.19
0,0.00,0,-792.69
0,0.00,0,-793.46
0,0.00,0,-785.39
0,0.00,0,-781.43
0,0.00,0,-785.39
0,0.00,0,-789.95
0,0.00,0,-794.22
0,0.00,0,-788.28
0,0.00,0,-785.24
0,0.00,0,-788.13
0,0.00,0,-792.09
0,0.00,0,-796.80
0,0.00,0,-792.24
0,0.00,0,-786.15
0,0.00,0,-785.84
0,0.00,0,-788.89
0,0.00,0,-793.00
0,0.00,0,-789.50
0,0.00,0,-783.71
0,0.00,0,-783.10
0,0.00,0,-787.37
0,0.00,0,-792.85
0,0.00,0,-792.69
0,0.00,0,-786.76
0,0.00,0,-786.61
0,0.00,0,-790.87
0,0.00,0,-795.28
0,0.00,0,-795.74
0,0.00,0,-787.82
0,0.00,0,-784.02
0,0.00,0,-786.45
0,0.00,0,-789.04
0,0.00,0,-791.48
0,0.00,0,-786.45
0,0.00,0,-782.19
0,0.00,0,-785.39
0,0.00,0,-790.56
0,0.00,0,-795.28
0,0.00,0,-792.09
0,0.00,0,-786.76
0,0.00,0,-787.82
0,0.00,0,-790.87
0,0.00,0,-795.28
0,0.00,0,-790.72
0,0.00,0,-782.50
0,0.00,0,-783.26
0,0.00,0,-786.00
0,0.00,0,-790.87
0,0.00,0,-788.43
0,0.00,0,-783.10
0,0.00,0,-783.56
0,0.00,0,-788.28
0,0.00,0,-793.46
0,0.00,0,-794.22
0,0.00,0,-789.65
0,0.00,0,-786.15
0,0.00,0,-788.28
0,0.00,0,-791.63
0,0.00,0,-792.54
0,0.00,0,-786.76
0,0.00,0,-781.43
0,0.00,0,-784.47
0,0.00,0,-789.04
0,0.00,0,-793.91
0,0.00,0,-789.95
0,0.00,0,-785.24
0,0.00,0,-788.89
0,0.00,0,-792.85
0,0.00,0,-798.17
0,0.00,0,-793.91
0,0.00,0,-787.06
0,0.00,0,-786.91
0,0.00,0,-788.13
0,0.00,0,-792.39
0,0.00,0,-788.89
0,0.00,0,-782.80
0,0.00,0,-782.34
0,0.00,0,-785.54
0,0.00,0,-792.24
0,0.00,0,-793.46
0,0.00,0,-788.43
0,0.00,0,-787.06
0,0.00,0,-790.87
0,0.00,0,-795.13
0,0.00,0,-795.28
0,0.00,0,-788.74
0,0.00,0,-783.10
0,0.00,0,-784.78
0,0.00,0,-788.28
0,0.00,0,-790.72
0,0.00,0,-786.61
0,0.00,0,-780.97
0,0.00,0,-784.93
0,0.00,0,-789.65
0,0.00,0,-795.28
0,0.00,0,-793.46
0,0.00,0,-786.91
0,0.00,0,-787.82
0,0.00,0,-790.41
0,0.00,0,-794.98
0,0.00,0,-792.39
0,0.00,0,-783.56
0,0.00,0,-782.95
0,0.00,0,-785.39
0,0.00,0,-790.11
0,0.00,0,-789.80
0,0.00,0,-784.02
0,0.00,0,-783.26
0,0.00,0,-786.76
0,0.00,0,-792.24
0,0.00,0,-793.76
0,0.00,0,-788.89
0,0.00,0,-785.69
0,0.00,0,-787.37
0,0.00,0,-790.87
0,0.00,0,-792.39
0,0.00,0,-787.98
0,0.00,0,-781.89
0,0.00,0,-783.26
0,0.00,0,-787.52
0,0.00,0,-791.32
0,0.00,0,-788.28
0,0.00,0,-783.10
0,0.00,0,-784.78
0,0.00,0,-789.80
0,0.00,0,-795.89
0,0.00,0,-794.37
0,0.00,0,-787.82
0,0.00,0,-787.37
0,0.00,0,-790.26
0,0.00,0,-794.67
0,0.00,0,-793.15
0,0.00,0,-785.84
0,0.00,0,-783.26
0,0.00,0,-785.84
0,0.00,0,-790.72
0,0.00,0,-792.09
0,0.00,0,-786.91
0,0.00,0,-782.95
0,0.00,0,-786.30
0,0.00,0,-791.32
0,0.00,0,-794.67
0,0.00,0,-789.65
0,0.00,0,-784.47
0,0.00,0,-787.37
0,0.00,0,-790.87
0,0.00,0,-794.98
0,0.00,0,-790.72
0,0.00,0,-784.02
0,0.00,0,-784.93
0,0.00,0,-787.52
0,0.00,0,-791.93
0,0.00,0,-790.11
0,0.00,0,-783.71
0,0.00,0,-784.47
0,0.00,0,-788.13
0,0.00,0,-794.06
0,0.00,0,-794.06
0,0.00,0,-787.98
0,0.00,0,-786.30
0,0.00,0,-788.89
0,0.00,0,-794.22
0,0.00,0,-794.82
0,0.00,0,-788.13
0,0.00,0,-783.71
0,0.00,0,-785.39
0,0.00,0,-790.11
0,0.00,0,-791.63
0,0.00,0,-787.37
0,0.00,0,-783.41
0,0.00,0,-786.00
0,0.00,0,-791.63
0,0.00,0,-795.89
0,0.00,0,-793.15
0,0.00,0,-786.76
0,0.00,0,-788.28
0,0.00,0,-791.32
0,0.00,0,-794.82
0,0.00,0,-792.85
0,0.00,0,-784.17
0,0.00,0,-784.17
0,0.00,0,-786.30
0,0.00,0,-791.78
0,0.00,0,-791.78
0,0.00,0,-785.69
0,0.00,0,-786.00
0,0.00,0,-788.89
0,0.00,0,-795.43
0,0.00,0,-796.96
0,0.00,0,-790.26
0,0.00,0,-786.91
0,0.00,0,-787.67
0,0.00,0,-791.78
0,0.00,0,-791.78
0,0.00,0,-786.30
0,0.00,0,-780.52
0,0.00,0,-782.95
0,0.00,0,-787.67
0,0.00,0,-790.72
0,0.00,0,-789.50
0,0.00,0,-783.41
0,0.00,0,-787.06
0,0.00,0,-791.48
0,0.00,0,-795.59
0,0.00,0,-793.61
0,0.00,0,-786.61
0,0.00,0,-786.45
0,0.00,0,-788.28
0,0.00,0,-792.39
0,0.00,0,-790.41
0,0.00,0,-782.65
0,0.00,0,-781.43
0,0.00,0,-783.87
0,0.00,0,-790.11
0,0.00,0,-791.78
0,0.00,0,-786.61
0,0.00,0,-784.93
0,0.00,0,-788.58
0,0.00,0,-793.91
0,0.00,0,-794.82
0,0.00,0,-788.89
0,0.00,0,-783.41
0,0.00,0,-784.93
0,0.00,0,-788.28
0,0.00,0,-790.26
0,0.00,0,-785.69
0,0.00,0,-779.76
0,0.00,0,-782.19
0,0.00,0,-787.37
0,0.00,0,-792.85
0,0.00,0,-791.63
0,0.00,0,-786.15
0,0.00,0,-787.82
0,0.00,0,-791.02
0,0.00,0,-794.67
0,0.00,0,-792.85
0,0.00,0,-784.32
0,0.00,0,-782.65
0,0.00,0,-784.17
0,0.00,0,-789.04
0,0.00,0,-789.19
0,0.00,0,-782.95
0,0.00,0,-782.04
0,0.00,0,-786.00
0,0.00,0,-792.69
0,0.00,0,-795.43
0,0.00,0,-791.17
0,0.00,0,-787.52
0,0.00,0,-789.19
0,0.00,0,-793.15
0,0.00,0,-794.22
0,0.00,0,-788.43
0,0.00,0,-780.82
0,0.00,0,-781.13
0,0.00,0,-785.24
0,0.00,0,-788.89
0,0.00,0,-787.21
0,0.00,0,-781.89
0,0.00,0,-784.02
0,0.00,0,-788.89
0,0.00,0,-795.43
0,0.00,0,-795.13
0,0.00,0,-787.98
0,0.00,0,-787.52
0,0.00,0,-789.35
0,0.00,0,-793.30
0,0.00,0,-792.24
0,0.00,0,-784.47
0,0.00,0,-781.89
0,0.00,0,-784.63
0,0.00,0,-790.26
0,0.00,0,-792.39
0,0.00,0,-787.82
0,0.00,0,-785.39
0,0.00,0,-788.74
0,0.00,0,-793.91
0,0.00,0,-797.41
0,0.00,0,-791.78
0,0.00,0,-786.61
0,0.00,0,-787.52
0,0.00,0,-790.26
0,0.00,0,-793.15
0,0.00,0,-789.35
0,0.00,0,-783.10
0,0.00,0,-783.56
0,0.00,0,-788.13
0,0.00,0,-793.46
0,0.00,0,-792.69
0,0.00,0,-786.15
0,0.00,0,-786.91
0,0.00,0,-791.02
0,0.00,0,-795.74
0,0.00,0,-794.82
0,0.00,0,-786.15
0,0.00,0,-784.02
0,0.00,0,-786.00
0,0.00,0,-789.50
0,0.00,0,-790.56
0,0.00,0,-784.02
0,0.00,0,-782.19
0,0.00,0,-784.93
0,0.00,0,-790.26
0,0.00,0,-794.67
0,0.00,0,-790.41
0,0.00,0,-786.61
0,0.00,0,-787.52
0,0.00,0,-792.54
0,0.00,0,-796.04
0,0.00,0,-791.02
0,0.00,0,-785.08
0,0.00,0,-784.17
0,0.00,0,-787.67
0,0.00,0,-791.63
0,0.00,0,-789.65
