0,0.00,0,-821.00
0,0.00,0,-799.24
0,0.00,0,-753.12
0,0.00,0,-813.85
0,0.00,0,-798.02
0,0.00,0,-828.77
0,0.00,0,-760.43
0,0.00,0,-781.28
0,0.00,0,-804.11
0,0.00,0,-809.44
0,0.00,0,-809.74
0,0.00,0,-746.58
0,0.00,0,-807.46
0,0.00,0,-795.43
0,0.00,0,-828.16
0,0.00,0,-771.69
0,0.00,0,-772.60
0,0.00,0,-811.72
0,0.00,0,-806.39
0,0.00,0,-821.92
0,0.00,0,-751.45
0,0.00,0,-805.63
0,0.00,0,-798.33
0,0.00,0,-825.88
0,0.00,0,-786.91
0,0.00,0,-762.71
0,0.00,0,-812.33
0,0.00,0,-797.41
0,0.00,0,-828.16
0,0.00,0,-751.60
0,0.00,0,-789.35
0,0.00,0,-798.02
0,0.00,0,-815.37
0,0.00,0,-801.83
0,0.00,0,-748.40
0,0.00,0,-808.07
0,0.00,0,-794.98
0,0.00,0,-828.77
0,0.00,0,-764.69
0,0.00,0,-779.45
0,0.00,0,-807.91
0,0.00,0,-811.11
0,0.00,0,-816.29
0,0.00,0,-749.77
0,0.00,0,-809.89
0,0.00,0,-801.22
0,0.00,0,-826.79
0,0.00,0,-777.47
0,0.00,0,-769.25
0,0.00,0,-812.79
0,0.00,0,-803.20
0,0.00,0,-823.29
0,0.00,0,-749.77
0,0.00,0,-795.43
0,0.00,0,-800.76
0,0.00,0,-820.24
0,0.00,0,-789.04
0,0.00,0,-755.56
0,0.00,0,-810.05
0,0.00,0,-796.50
0,0.00,0,-828.16
0,0.00,0,-756.93
0,0.00,0,-788.13
0,0.00,0,-806.09
0,0.00,0,-814.61
0,0.00,0,-804.72
0,0.00,0,-757.53
0,0.00,0,-812.48
0,0.00,0,-800.76
0,0.00,0,-830.44
0,0.00,0,-767.88
0,0.00,0,-780.52
0,0.00,0,-809.59
0,0.00,0,-811.11
0,0.00,0,-813.09
0,0.00,0,-749.62
0,0.00,0,-805.33
0,0.00,0,-794.82
0,0.00,0,-826.18
0,0.00,0,-779.91
0,0.00,0,-762.86
0,0.00,0,-807.46
0,0.00,0,-801.37
0,0.00,0,-822.98
0,0.00,0,-751.60
0,0.00,0,-796.96
0,0.00,0,-800.00
0,0.00,0,-823.44
0,0.00,0,-796.80
0,0.00,0,-758.30
0,0.00,0,-815.98
0,0.00,0,-800.91
0,0.00,0,-830.59
0,0.00,0,-759.51
0,0.00,0,-789.65
0,0.00,0,-809.13
0,0.00,0,-814.31
0,0.00,0,-808.98
0,0.00,0,-748.86
0,0.00,0,-811.26
0,0.00,0,-795.89
0,0.00,0,-825.11
0,0.00,0,-771.08
0,0.00,0,-770.78
0,0.00,0,-806.24
0,0.00,0,-802.59
0,0.00,0,-815.68
0,0.00,0,-749.47
0,0.00,0,-802.13
0,0.00,0,-798.63
0,0.00,0,-824.96
0,0.00,0,-784.17
0,0.00,0,-766.06
0,0.00,0,-816.59
0,0.00,0,-805.94
0,0.00,0,-821.77
0,0.00,0,-757.08
0,0.00,0,-797.41
0,0.00,0,-803.50
0,0.00,0,-822.22
0,0.00,0,-792.54
0,0.00,0,-757.08
0,0.00,0,-810.20
0,0.00,0,-799.85
0,0.00,0,-826.79
0,0.00,0,-758.45
0,0.00,0,-783.56
0,0.00,0,-802.89
0,0.00,0,-816.89
0,0.00,0,-803.81
0,0.00,0,-750.68
0,0.00,0,-810.35
0,0.00,0,-800.00
0,0.00,0,-832.72
0,0.00,0,-769.71
0,0.00,0,-777.78
0,0.00,0,-813.09
0,0.00,0,-812.48
0,0.00,0,-820.09
0,0.00,0,-749.62
0,0.00,0,-805.94
0,0.00,0,-800.61
0,0.00,0,-829.38
0,0.00,0,-780.52
0,0.00,0,-761.19
0,0.00,0,-812.79
0,0.00,0,-801.52
0,0.00,0,-830.29
0,0.00,0,-748.71
0,0.00,0,-792.69
0,0.00,0,-801.07
0,0.00,0,-823.44
0,0.00,0,-800.91
0,0.00,0,-747.79
0,0.00,0,-818.11
0,0.00,0,-797.87
0,0.00,0,-842.16
0,0.00,0,-765.60
0,0.00,0,-779.91
0,0.00,0,-817.66
0,0.00,0,-810.20
0,0.00,0,-828.31
0,0.00,0,-745.81
0,0.00,0,-811.42
0,0.00,0,-798.78
0,0.00,0,-833.49
0,0.00,0,-791.02
0,0.00,0,-756.16
0,0.00,0,-817.20
0,0.00,0,-793.15
0,0.00,0,-846.73
0,0.00,0,-752.36
0,0.00,0,-787.98
0,0.00,0,-807.15
0,0.00,0,-813.70
0,0.00,0,-832.57
0,0.00,0,-740.94
0,0.00,0,-814.46
0,0.00,0,-793.30
0,0.00,0,-838.96
0,0.00,0,-794.82
0,0.00,0,-759.82
0,0.00,0,-822.98
0,0.00,0,-792.24
0,0.00,0,-854.34
0,0.00,0,-764.08
0,0.00,0,-791.32
0,0.00,0,-807.91
0,0.00,0,-808.22
0,0.00,0,-852.51
0,0.00,0,-747.79
0,0.00,0,-813.70
0,0.00,0,-784.78
0,0.00,0,-830.29
0,0.00,0,-839.88
0,0.00,0,-746.58
0,0.00,0,-814.46
0,0.00,0,-771.84
0,0.00,0,-851.45
0,0.00,0,-820.85
0,0.00,0,-762.40
0,0.00,0,-802.44
0,0.00,0,-779.60
0,0.00,0,-855.56
0,0.00,0,-800.46
0,0.00,0,-790.72
0,0.00,0,-786.30
0,0.00,0,-799.39
0,0.00,0,-845.81
0,0.00,0,-790.41
0,0.00,0,-809.44
0,0.00,0,-782.04
0,0.00,0,-815.53
0,0.00,0,-818.72
0,0.00,0,-800.61
0,0.00,0,-819.63
0,0.00,0,-789.50
0,0.00,0,-816.74
0,0.00,0,-798.63
0,0.00,0,-818.42
0,0.00,0,-816.29
0,0.00,0,-798.17
0,0.00,0,-803.65
0,0.00,0,-793.76
0,0.00,0,-825.42
0,0.00,0,-805.33
0,0.00,0,-803.81
0,0.00,0,-792.39
0,0.00,0,-806.70
0,0.00,0,-824.05
0,0.00,0,-810.20
0,0.00,0,-811.42
0,0.00,0,-795.43
0,0.00,0,-818.57
0,0.00,0,-814.76
0,0.00,0,-816.29
0,0.00,0,-806.09
0,0.00,0,-798.78
0,0.00,0,-807.76
0,0.00,0,-803.20
0,0.00,0,-815.07
0,0.00,0,-801.98
0,0.00,0,-805.02
0,0.00,0,-798.93
0,0.00,0,-810.05
0,0.00,0,-818.11
0,0.00,0,-815.53
0,0.00,0,-812.94
0,0.00,0,-799.70
0,0.00,0,-813.70
0,0.00,0,-814.61
0,0.00,0,-820.24
0,0.00,0,-804.72
0,0.00,0,-798.63
0,0.00,0,-804.87
0,0.00,0,-812.33
0,0.00,0,-817.05
0,0.00,0,-804.87
0,0.00,0,-803.50
0,0.00,0,-804.72
0,0.00,0,-819.03
0,0.00,0,-817.20
0,0.00,0,-813.70
0,0.00,0,-806.39
0,0.00,0,-806.70
0,0.00,0,-817.96
0,0.00,0,-815.83
0,0.00,0,-815.22
0,0.00,0,-801.67
0,0.00,0,-804.72
0,0.00,0,-810.50
0,0.00,0,-817.05
0,0.00,0,-813.85
0,0.00,0,-807.15
0,0.00,0,-808.22
0,0.00,0,-812.63
0,0.00,0,-821.00
0,0.00,0,-815.22
0,0.00,0,-814.31
0,0.00,0,-809.13
0,0.00,0,-812.48
0,0.00,0,-814.00
0,0.00,0,-813.55
0,0.00,0,-813.70
0,0.00,0,-808.83
0,0.00,0,-808.68
0,0.00,0,-809.28
0,0.00,0,-816.13
0,0.00,0,-814.76
0,0.00,0,-814.61
0,0.00,0,-810.20
0,0.00,0,-814.31
0,0.00,0,-819.79
0,0.00,0,-817.50
0,0.00,0,-815.68
0,0.00,0,-809.74
0,0.00,0,-812.94
0,0.00,0,-812.48
0,0.00,0,-812.79
0,0.00,0,-810.50
0,0.00,0,-812.63
0,0.00,0,-811.57
0,0.00,0,-810.96
0,0.00,0,-813.70
0,0.00,0,-814.31
0,0.00,0,-820.55
0,0.00,0,-815.68
0,0.00,0,-815.07
0,0.00,0,-814.46
0,0.00,0,-816.59
0,0.00,0,-816.89
0,0.00,0,-814.00
0,0.00,0,-811.42
0,0.00,0,-810.65
0,0.00,0,-812.79
0,0.00,0,-810.96
0,0.00,0,-814.92
0,0.00,0,-813.09
0,0.00,0,-815.37
0,0.00,0,-815.98
0,0.00,0,-815.98
0,0.00,0,-818.72
0,0.00,0,-817.81
0,0.00,0,-816.59
0,0.00,0,-814.31
0,0.00,0,-813.55
0,0.00,0,-812.02
0,0.00,0,-814.76
0,0.00,0,-813.85
0,0.00,0,-812.94
0,0.00,0,-811.57
0,0.00,0,-812.33
0,0.00,0,-818.42
0,0.00,0,-820.24
0,0.00,0,-818.57
0,0.00,0,-815.98
0,0.00,0,-816.89
0,0.00,0,-819.03
0,0.00,0,-819.63
0,0.00,0,-816.29
0,0.00,0,-812.79
0,0.00,0,-813.39
0,0.00,0,-813.85
0,0.00,0,-815.07
0,0.00,0,-814.92
0,0.00,0,-815.98
0,0.00,0,-816.59
0,0.00,0,-817.20
0,0.00,0,-817.35
0,0.00,0,-820.40
0,0.00,0,-822.83
0,0.00,0,-820.24
0,0.00,0,-817.05
0,0.00,0,-814.92
0,0.00,0,-816.74
0,0.00,0,-818.11
0,0.00,0,-817.20
0,0.00,0,-814.16
0,0.00,0,-814.31
0,0.00,0,-815.37
0,0.00,0,-817.50
0,0.00,0,-820.55
0,0.00,0,-820.24
0,0.00,0,-820.40
0,0.00,0,-819.63
0,0.00,0,-819.18
0,0.00,0,-820.55
0,0.00,0,-821.00
0,0.00,0,-819.03
0,0.00,0,-815.83
0,0.00,0,-814.00
0,0.00,0,-814.16
0,0.00,0,-817.35
0,0.00,0,-818.72
0,0.00,0,-818.42
0,0.00,0,-817.35
0,0.00,0,-817.35
0,0.00,0,-819.48
0,0.00,0,-822.37
0,0.00,0,-823.14
0,0.00,0,-820.85
0,0.00,0,-819.03
0,0.00,0,-816.44
0,0.00,0,-816.89
0,0.00,0,-818.42
0,0.00,0,-819.63
0,0.00,0,-817.96
0,0.00,0,-816.29
0,0.00,0,-814.46
0,0.00,0,-817.35
0,0.00,0,-822.68
0,0.00,0,-824.20
0,0.00,0,-822.98
0,0.00,0,-818.87
0,0.00,0,-817.35
0,0.00,0,-820.70
0,0.00,0,-823.90
0,0.00,0,-822.37
0,0.00,0,-817.81
0,0.00,0,-815.07
0,0.00,0,-815.22
0,0.00,0,-819.18
0,0.00,0,-821.46
0,0.00,0,-823.44
0,0.00,0,-821.31
0,0.00,0,-819.03
0,0.00,0,-818.57
0,0.00,0,-822.37
0,0.00,0,-827.85
0,0.00,0,-826.03
0,0.00,0,-821.00
0,0.00,0,-814.92
0,0.00,0,-816.44
0,0.00,0,-820.70
0,0.00,0,-823.74
0,0.00,0,-821.00
0,0.00,0,-817.35
0,0.00,0,-816.29
0,0.00,0,-819.18
0,0.00,0,-824.96
0,0.00,0,-828.01
0,0.00,0,-826.64
0,0.00,0,-821.77
0,0.00,0,-818.26
0,0.00,0,-819.03
0,0.00,0,-822.98
0,0.00,0,-826.48
0,0.00,0,-822.98
0,0.00,0,-818.11
0,0.00,0,-814.92
0,0.00,0,-818.11
0,0.00,0,-822.83
0,0.00,0,-827.55
0,0.00,0,-825.88
0,0.00,0,-822.83
0,0.00,0,-819.94
0,0.00,0,-821.31
0,0.00,0,-826.03
0,0.00,0,-829.22
0,0.00,0,-827.25
0,0.00,0,-821.31
0,0.00,0,-817.81
0,0.00,0,-817.81
0,0.00,0,-822.53
0,0.00,0,-826.79
0,0.00,0,-827.55
0,0.00,0,-823.59
0,0.00,0,-819.48
0,0.00,0,-819.48
0,0.00,0,-824.35
0,0.00,0,-831.20
0,0.00,0,-831.20
0,0.00,0,-825.57
0,0.00,0,-819.79
0,0.00,0,-818.87
0,0.00,0,-822.98
0,0.00,0,-827.85
0,0.00,0,-829.22
0,0.00,0,-824.81
0,0.00,0,-819.48
0,0.00,0,-817.81
0,0.00,0,-823.44
0,0.00,0,-830.14
0,0.00,0,-833.79
0,0.00,0,-828.77
0,0.00,0,-822.07
0,0.00,0,-821.16
0,0.00,0,-824.81
0,0.00,0,-829.38
0,0.00,0,-830.44
0,0.00,0,-827.25
0,0.00,0,-821.77
0,0.00,0,-820.70
0,0.00,0,-822.98
0,0.00,0,-828.01
0,0.00,0,-830.59
0,0.00,0,-828.31
0,0.00,0,-824.66
0,0.00,0,-822.83
0,0.00,0,-824.96
0,0.00,0,-828.01
0,0.00,0,-829.53
0,0.00,0,-828.16
0,0.00,0,-825.88
0,0.00,0,-824.35
0,0.00,0,-825.11
0,0.00,0,-826.48
0,0.00,0,-827.25
0,0.00,0,-827.09
0,0.00,0,-826.64
0,0.00,0,-827.09
0,0.00,0,-828.01
0,0.00,0,-828.31
0,0.00,0,-828.77
0,0.00,0,-827.85
0,0.00,0,-828.46
0,0.00,0,-827.40
0,0.00,0,-828.92
0,0.00,0,-828.61
0,0.00,0,-828.31
0,0.00,0,-827.09
0,0.00,0,-825.57
0,0.00,0,-827.25
0,0.00,0,-828.46
0,0.00,0,-831.81
0,0.00,0,-830.29
0,0.00,0,-828.77
0,0.00,0,-825.72
0,0.00,0,-827.09
0,0.00,0,-830.14
0,0.00,0,-833.64
0,0.00,0,-833.64
0,0.00,0,-829.68
0,0.00,0,-826.18
0,0.00,0,-823.90
0,0.00,0,-828.16
0,0.00,0,-831.96
0,0.00,0,-835.16
0,0.00,0,-832.57
0,0.00,0,-828.61
0,0.00,0,-825.88
0,0.00,0,-827.85
0,0.00,0,-832.27
0,0.00,0,-835.31
0,0.00,0,-835.31
0,0.00,0,-830.90
0,0.00,0,-828.46
0,0.00,0,-826.18
0,0.00,0,-828.31
0,0.00,0,-830.59
0,0.00,0,-832.72
0,0.00,0,-833.49
0,0.00,0,-831.66
0,0.00,0,-829.83
0,0.00,0,-828.31
0,0.00,0,-830.75
0,0.00,0,-831.05
0,0.00,0,-835.31
0,0.00,0,-835.31
0,0.00,0,-835.16
0,0.00,0,-830.90
0,0.00,0,-827.40
0,0.00,0,-828.31
0,0.00,0,-829.53
0,0.00,0,-835.77
0,0.00,0,-834.40
0,0.00,0,-835.01
0,0.00,0,-829.68
0,0.00,0,-828.46
0,0.00,0,-828.61
0,0.00,0,-831.05
0,0.00,0,-836.23
0,0.00,0,-836.23
0,0.00,0,-836.83
0,0.00,0,-830.59
0,0.00,0,-828.77
0,0.00,0,-827.85
0,0.00,0,-829.38
0,0.00,0,-834.70
0,0.00,0,-834.86
0,0.00,0,-837.75
0,0.00,0,-831.66
0,0.00,0,-830.29
0,0.00,0,-827.85
0,0.00,0,-830.14
0,0.00,0,-835.92
0,0.00,0,-836.99
0,0.00,0,-839.12
0,0.00,0,-833.64
0,0.00,0,-831.20
0,0.00,0,-828.92
0,0.00,0,-828.77
0,0.00,0,-833.33
0,0.00,0,-834.25
0,0.00,0,-838.05
0,0.00,0,-836.99
0,0.00,0,-834.09
0,0.00,0,-831.66
0,0.00,0,-828.46
0,0.00,0,-832.57
0,0.00,0,-836.23
0,0.00,0,-839.73
0,0.00,0,-840.94
0,0.00,0,-835.62
0,0.00,0,-831.81
0,0.00,0,-827.40
0,0.00,0,-829.68
0,0.00,0,-835.62
0,0.00,0,-838.81
0,0.00,0,-841.55
0,0.00,0,-837.44
0,0.00,0,-833.94
0,0.00,0,-830.59
0,0.00,0,-830.59
0,0.00,0,-835.16
0,0.00,0,-837.60
0,0.00,0,-840.18
0,0.00,0,-839.88
0,0.00,0,-835.46
0,0.00,0,-833.18
0,0.00,0,-828.46
0,0.00,0,-832.27
0,0.00,0,-835.62
0,0.00,0,-839.12
0,0.00,0,-841.55
0,0.00,0,-837.60
0,0.00,0,-835.62
0,0.00,0,-831.66
0,0.00,0,-831.81
0,0.00,0,-836.23
0,0.00,0,-837.44
0,0.00,0,-840.64
0,0.00,0,-838.66
0,0.00,0,-836.23
0,0.00,0,-834.70
0,0.00,0,-831.05
0,0.00,0,-834.55
0,0.00,0,-835.01
0,0.00,0,-838.20
0,0.00,0,-839.57
0,0.00,0,-838.66
0,0.00,0,-838.05
0,0.00,0,-834.86
0,0.00,0,-834.40
0,0.00,0,-836.23
0,0.00,0,-837.60
0,0.00,0,-838.66
0,0.00,0,-838.05
0,0.00,0,-836.99
0,0.00,0,-837.14
0,0.00,0,-835.77
0,0.00,0,-836.38
0,0.00,0,-836.07
0,0.00,0,-836.99
0,0.00,0,-838.66
0,0.00,0,-838.66
0,0.00,0,-840.03
0,0.00,0,-839.12
0,0.00,0,-838.20
0,0.00,0,-836.38
0,0.00,0,-836.68
0,0.00,0,-836.83
0,0.00,0,-838.36
0,0.00,0,-838.36
0,0.00,0,-838.96
0,0.00,0,-838.66
0,0.00,0,-839.27
0,0.00,0,-838.66
0,0.00,0,-838.81
0,0.00,0,-837.60
0,0.00,0,-838.51
0,0.00,0,-838.81
0,0.00,0,-840.03
0,0.00,0,-840.79
0,0.00,0,-839.12
0,0.00,0,-838.81
0,0.00,0,-837.14
0,0.00,0,-838.05
0,0.00,0,-838.36
0,0.00,0,-838.20
0,0.00,0,-840.18
0,0.00,0,-839.88
0,0.00,0,-841.70
0,0.00,0,-840.33
0,0.00,0,-840.49
0,0.00,0,-839.12
0,0.00,0,-838.20
0,0.00,0,-838.36
0,0.00,0,-837.90
0,0.00,0,-840.18
0,0.00,0,-838.96
0,0.00,0,-840.33
0,0.00,0,-838.20
0,0.00,0,-839.73
0,0.00,0,-839.12
0,0.00,0,-839.57
0,0.00,0,-839.42
0,0.00,0,-839.88
0,0.00,0,-841.86
0,0.00,0,-842.01
0,0.00,0,-841.55
0,0.00,0,-839.12
0,0.00,0,-838.05
0,0.00,0,-836.68
0,0.00,0,-837.75
0,0.00,0,-839.12
0,0.00,0,-840.64
0,0.00,0,-842.01
0,0.00,0,-841.86
0,0.00,0,-841.86
0,0.00,0,-841.55
0,0.00,0,-840.94
0,0.00,0,-840.64
0,0.00,0,-839.42
0,0.00,0,-839.88
0,0.00,0,-841.55
0,0.00,0,-841.40
0,0.00,0,-840.94
0,0.00,0,-839.27
0,0.00,0,-839.12
0,0.00,0,-839.73
0,0.00,0,-840.79
0,0.00,0,-841.25
0,0.00,0,-842.62
0,0.00,0,-843.53
0,0.00,0,-843.07
0,0.00,0,-843.99
0,0.00,0,-841.25
0,0.00,0,-842.31
0,0.00,0,-838.96
0,0.00,0,-839.27
0,0.00,0,-839.27
0,0.00,0,-840.79
0,0.00,0,-842.16
0,0.00,0,-841.55
0,0.00,0,-843.07
0,0.00,0,-841.55
0,0.00,0,-844.44
0,0.00,0,-840.94
0,0.00,0,-843.38
0,0.00,0,-840.64
0,0.00,0,-842.47
0,0.00,0,-843.07
0,0.00,0,-842.01
0,0.00,0,-843.53
0,0.00,0,-839.88
0,0.00,0,-842.16
0,0.00,0,-838.51
0,0.00,0,-842.16
0,0.00,0,-840.33
0,0.00,0,-843.23
0,0.00,0,-843.38
0,0.00,0,-843.53
0,0.00,0,-845.97
0,0.00,0,-842.31
0,0.00,0,-844.60
0,0.00,0,-839.57
0,0.00,0,-842.31
0,0.00,0,-840.18
0,0.00,0,-842.62
0,0.00,0,-842.31
0,0.00,0,-842.16
0,0.00,0,-843.38
0,0.00,0,-841.25
0,0.00,0,-844.90
0,0.00,0,-841.10
0,0.00,0,-844.29
0,0.00,0,-841.10
0,0.00,0,-843.23
0,0.00,0,-843.53
0,0.00,0,-843.84
0,0.00,0,-844.60
0,0.00,0,-841.40
0,0.00,0,-843.38
0,0.00,0,-840.18
0,0.00,0,-843.53
0,0.00,0,-840.33
0,0.00,0,-843.38
0,0.00,0,-842.47
0,0.00,0,-843.53
0,0.00,0,-845.81
0,0.00,0,-843.99
0,0.00,0,-846.73
0,0.00,0,-842.16
0,0.00,0,-844.60
0,0.00,0,-841.10
0,0.00,0,-844.44
0,0.00,0,-842.62
0,0.00,0,-842.92
0,0.00,0,-843.53
0,0.00,0,-842.01
0,0.00,0,-846.27
0,0.00,0,-842.47
0,0.00,0,-845.97
0,0.00,0,-842.01
0,0.00,0,-844.60
0,0.00,0,-843.84
0,0.00,0,-844.44
0,0.00,0,-845.66
0,0.00,0,-843.84
0,0.00,0,-845.51
0,0.00,0,-842.47
0,0.00,0,-845.81
0,0.00,0,-842.92
0,0.00,0,-844.75
0,0.00,0,-842.16
0,0.00,0,-842.62
0,0.00,0,-844.14
0,0.00,0,-843.99
0,0.00,0,-846.42
0,0.00,0,-844.44
0,0.00,0,-846.73
0,0.00,0,-844.14
0,0.00,0,-845.81
0,0.00,0,-843.53
0,0.00,0,-843.38
0,0.00,0,-842.92
0,0.00,0,-842.31
0,0.00,0,-844.60
0,0.00,0,-843.53
0,0.00,0,-846.12
0,0.00,0,-844.14
0,0.00,0,-845.81
0,0.00,0,-845.05
0,0.00,0,-845.36
0,0.00,0,-844.90
0,0.00,0,-843.84
0,0.00,0,-844.90
0,0.00,0,-844.14
0,0.00,0,-845.36
0,0.00,0,-843.84
0,0.00,0,-844.90
0,0.00,0,-843.38
0,0.00,0,-843.99
0,0.00,0,-843.84
0,0.00,0,-843.99
0,0.00,0,-845.21
0,0.00,0,-844.75
0,0.00,0,-845.81
0,0.00,0,-845.66
0,0.00,0,-846.88
0,0.00,0,-845.81
0,0.00,0,-845.81
0,0.00,0,-843.99
0,0.00,0,-844.14
0,0.00,0,-843.84
0,0.00,0,-844.29
0,0.00,0,-845.21
0,0.00,0,-844.90
0,0.00,0,-846.12
0,0.00,0,-845.66
0,0.00,0,-847.18
0,0.00,0,-846.88
0,0.00,0,-846.88
0,0.00,0,-845.97
0,0.00,0,-845.81
0,0.00,0,-845.51
0,0.00,0,-845.97
0,0.00,0,-845.36
0,0.00,0,-844.29
0,0.00,0,-845.21
0,0.00,0,-844.90
0,0.00,0,-846.58
0,0.00,0,-846.58
0,0.00,0,-846.88
0,0.00,0,-847.18
0,0.00,0,-847.34
0,0.00,0,-847.49
0,0.00,0,-847.03
0,0.00,0,-846.27
0,0.00,0,-844.75
0,0.00,0,-844.90
0,0.00,0,-844.75
0,0.00,0,-845.97
0,0.00,0,-845.97
0,0.00,0,-845.97
0,0.00,0,-846.42
0,0.00,0,-846.42
0,0.00,0,-847.34
0,0.00,0,-847.03
0,0.00,0,-846.88
0,0.00,0,-846.42
0,0.00,0,-846.73
0,0.00,0,-846.73
0,0.00,0,-847.34
0,0.00,0,-846.42
0,0.00,0,-845.81
0,0.00,0,-845.21
0,0.00,0,-844.90
0,0.00,0,-845.81
0,0.00,0,-845.51
0,0.00,0,-846.12
0,0.00,0,-846.27
0,0.00,0,-847.49
0,0.00,0,-848.25
0,0.00,0,-848.71
0,0.00,0,-847.64
0,0.00,0,-846.88
0,0.00,0,-846.27
0,0.00,0,-845.66
0,0.00,0,-845.97
0,0.00,0,-845.66
0,0.00,0,-845.97
0,0.00,0,-845.81
0,0.00,0,-846.58
0,0.00,0,-846.88
0,0.00,0,-848.10
0,0.00,0,-848.55
0,0.00,0,-848.10
0,0.00,0,-848.25
0,0.00,0,-848.10
0,0.00,0,-847.95
0,0.00,0,-846.88
0,0.00,0,-846.27
0,0.00,0,-845.66
0,0.00,0,-846.42
0,0.00,0,-846.58
0,0.00,0,-847.03
0,0.00,0,-847.49
0,0.00,0,-847.49
0,0.00,0,-848.40
0,0.00,0,-848.71
0,0.00,0,-849.01
0,0.00,0,-848.71
0,0.00,0,-848.25
0,0.00,0,-847.49
0,0.00,0,-847.64
0,0.00,0,-847.49
0,0.00,0,-847.18
0,0.00,0,-847.18
0,0.00,0,-846.73
0,0.00,0,-847.03
0,0.00,0,-847.34
0,0.00,0,-847.79
0,0.00,0,-847.34
0,0.00,0,-847.34
0,0.00,0,-847.49
0,0.00,0,-848.55
0,0.00,0,-849.01
0,0.00,0,-848.71
0,0.00,0,-848.25
0,0.00,0,-847.18
0,0.00,0,-847.03
0,0.00,0,-847.03
0,0.00,0,-846.88
0,0.00,0,-846.27
0,0.00,0,-846.58
0,0.00,0,-847.18
0,0.00,0,-848.25
0,0.00,0,-849.01
0,0.00,0,-849.16
0,0.00,0,-848.55
0,0.00,0,-848.55
0,0.00,0,-848.71
0,0.00,0,-848.86
0,0.00,0,-848.55
0,0.00,0,-847.95
0,0.00,0,-847.18
0,0.00,0,-846.73
0,0.00,0,-847.03
0,0.00,0,-847.18
0,0.00,0,-847.64
0,0.00,0,-847.79
0,0.00,0,-848.10
0,0.00,0,-849.16
0,0.00,0,-850.38
0,0.00,0,-850.84
0,0.00,0,-849.62
0,0.00,0,-848.86
0,0.00,0,-848.40
0,0.00,0,-848.25
0,0.00,0,-847.64
0,0.00,0,-846.73
0,0.00,0,-846.73
0,0.00,0,-847.18
0,0.00,0,-847.95
0,0.00,0,-848.86
0,0.00,0,-849.92
0,0.00,0,-850.23
0,0.00,0,-850.23
0,0.00,0,-850.08
0,0.00,0,-850.23
0,0.00,0,-850.08
0,0.00,0,-849.01
0,0.00,0,-847.79
0,0.00,0,-846.88
0,0.00,0,-847.03
0,0.00,0,-847.64
0,0.00,0,-847.95
0,0.00,0,-848.71
0,0.00,0,-849.47
0,0.00,0,-850.38
0,0.00,0,-850.23
0,0.00,0,-850.38
0,0.00,0,-849.92
0,0.00,0,-849.47
0,0.00,0,-848.71
0,0.00,0,-848.55
0,0.00,0,-848.10
0,0.00,0,-847.34
0,0.00,0,-847.34
0,0.00,0,-847.18
0,0.00,0,-848.40
0,0.00,0,-848.86
0,0.00,0,-849.16
0,0.00,0,-848.71
0,0.00,0,-849.01
0,0.00,0,-849.16
0,0.00,0,-848.86
0,0.00,0,-848.71
0,0.00,0,-848.10
0,0.00,0,-847.79
0,0.00,0,-846.73
0,0.00,0,-847.49
0,0.00,0,-847.95
0,0.00,0,-848.40
0,0.00,0,-848.25
0,0.00,0,-848.40
0,0.00,0,-849.62
0,0.00,0,-850.08
0,0.00,0,-850.38
0,0.00,0,-849.62
0,0.00,0,-849.62
0,0.00,0,-849.01
0,0.00,0,-848.40
0,0.00,0,-847.79
0,0.00,0,-847.95
0,0.00,0,-847.64
0,0.00,0,-848.10
0,0.00,0,-848.71
0,0.00,0,-849.47
0,0.00,0,-850.23
0,0.00,0,-849.92
0,0.00,0,-849.77
0,0.00,0,-849.47
0,0.00,0,-850.08
0,0.00,0,-849.92
0,0.00,0,-849.16
0,0.00,0,-848.86
0,0.00,0,-849.16
0,0.00,0,-849.32
0,0.00,0,-849.32
0,0.00,0,-849.77
0,0.00,0,-849.16
0,0.00,0,-849.32
0,0.00,0,-849.32
0,0.00,0,-849.92
0,0.00,0,-850.08
0,0.00,0,-849.62
0,0.00,0,-849.47
0,0.00,0,-849.01
0,0.00,0,-849.62
0,0.00,0,-849.47
0,0.00,0,-849.77
0,0.00,0,-849.47
0,0.00,0,-849.92
0,0.00,0,-849.47
0,0.00,0,-849.62
0,0.00,0,-849.77
0,0.00,0,-849.16
0,0.00,0,-848.71
0,0.00,0,-848.10
0,0.00,0,-849.16
0,0.00,0,-849.47
0,0.00,0,-850.08
0,0.00,0,-850.23
0,0.00,0,-850.53
0,0.00,0,-850.68
0,0.00,0,-850.68
0,0.00,0,-850.23
0,0.00,0,-848.71
0,0.00,0,-848.55
0,0.00,0,-847.64
0,0.00,0,-847.95
0,0.00,0,-848.10
0,0.00,0,-848.71
0,0.00,0,-849.47
0,0.00,0,-849.77
0,0.00,0,-850.99
0,0.00,0,-851.29
0,0.00,0,-851.60
0,0.00,0,-850.68
0,0.00,0,-850.23
0,0.00,0,-849.47
0,0.00,0,-849.32
0,0.00,0,-848.55
0,0.00,0,-848.40
0,0.00,0,-848.10
0,0.00,0,-848.86
0,0.00,0,-849.62
0,0.00,0,-850.53
0,0.00,0,-851.29
0,0.00,0,-851.60
0,0.00,0,-851.60
0,0.00,0,-852.05
0,0.00,0,-851.75
0,0.00,0,-850.99
0,0.00,0,-849.77
0,0.00,0,-848.86
0,0.00,0,-848.55
0,0.00,0,-849.01
0,0.00,0,-849.32
0,0.00,0,-849.47
0,0.00,0,-850.08
0,0.00,0,-850.68
0,0.00,0,-851.60
0,0.00,0,-852.21
0,0.00,0,-852.66
0,0.00,0,-852.36
0,0.00,0,-851.60
0,0.00,0,-851.14
0,0.00,0,-850.84
0,0.00,0,-850.38
0,0.00,0,-849.32
0,0.00,0,-848.40
0,0.00,0,-848.71
0,0.00,0,-849.77
0,0.00,0,-850.38
0,0.00,0,-851.29
0,0.00,0,-851.90
0,0.00,0,-852.05
0,0.00,0,-852.36
0,0.00,0,-852.66
0,0.00,0,-852.36
0,0.00,0,-851.45
0,0.00,0,-850.23
0,0.00,0,-849.77
0,0.00,0,-849.62
0,0.00,0,-849.62
0,0.00,0,-849.77
0,0.00,0,-849.77
0,0.00,0,-849.77
0,0.00,0,-850.53
0,0.00,0,-851.29
0,0.00,0,-851.75
0,0.00,0,-851.75
0,0.00,0,-851.90
0,0.00,0,-852.05
0,0.00,0,-851.29
0,0.00,0,-851.14
0,0.00,0,-851.14
0,0.00,0,-850.68
0,0.00,0,-849.32
0,0.00,0,-849.47
0,0.00,0,-849.92
0,0.00,0,-850.53
0,0.00,0,-850.38
0,0.00,0,-850.53
0,0.00,0,-851.60
0,0.00,0,-851.75
0,0.00,0,-852.36
0,0.00,0,-851.60
0,0.00,0,-852.21
0,0.00,0,-851.45
0,0.00,0,-851.90
0,0.00,0,-851.60
0,0.00,0,-851.14
0,0.00,0,-850.38
0,0.00,0,-849.47
0,0.00,0,-850.53
0,0.00,0,-850.23
0,0.00,0,-851.29
0,0.00,0,-850.68
0,0.00,0,-851.90
0,0.00,0,-852.36
0,0.00,0,-852.97
0,0.00,0,-853.12
0,0.00,0,-852.51
0,0.00,0,-852.97
0,0.00,0,-851.14
0,0.00,0,-851.45
0,0.00,0,-850.68
0,0.00,0,-851.14
0,0.00,0,-850.08
0,0.00,0,-849.77
0,0.00,0,-850.38
0,0.00,0,-850.84
0,0.00,0,-852.05
0,0.00,0,-851.60
0,0.00,0,-852.97
0,0.00,0,-852.66
0,0.00,0,-853.88
0,0.00,0,-853.42
0,0.00,0,-853.12
0,0.00,0,-852.21
0,0.00,0,-850.99
0,0.00,0,-851.14
0,0.00,0,-849.92
0,0.00,0,-850.23
0,0.00,0,-849.32
0,0.00,0,-850.23
0,0.00,0,-850.68
0,0.00,0,-851.90
0,0.00,0,-852.97
0,0.00,0,-853.27
0,0.00,0,-853.73
0,0.00,0,-853.12
0,0.00,0,-853.88
0,0.00,0,-852.97
0,0.00,0,-852.66
0,0.00,0,-851.14
0,0.00,0,-850.08
0,0.00,0,-850.23
0,0.00,0,-850.23
0,0.00,0,-850.84
0,0.00,0,-850.68
0,0.00,0,-851.75
0,0.00,0,-852.05
0,0.00,0,-853.42
0,0.00,0,-853.73
0,0.00,0,-853.88
0,0.00,0,-854.03
0,0.00,0,-852.97
0,0.00,0,-853.12
0,0.00,0,-851.90
0,0.00,0,-851.90
0,0.00,0,-850.84
0,0.00,0,-851.14
0,0.00,0,-850.68
0,0.00,0,-851.14
0,0.00,0,-852.21
0,0.00,0,-852.21
0,0.00,0,-853.12
0,0.00,0,-852.66
0,0.00,0,-854.03
0,0.00,0,-853.58
0,0.00,0,-853.88
0,0.00,0,-853.12
0,0.00,0,-852.51
0,0.00,0,-852.21
0,0.00,0,-851.45
0,0.00,0,-852.05
0,0.00,0,-851.14
0,0.00,0,-851.60
0,0.00,0,-851.45
0,0.00,0,-852.82
0,0.00,0,-853.12
0,0.00,0,-853.58
0,0.00,0,-853.73
0,0.00,0,-853.27
0,0.00,0,-853.58
0,0.00,0,-852.82
0,0.00,0,-852.97
0,0.00,0,-851.60
0,0.00,0,-851.90
0,0.00,0,-851.29
0,0.00,0,-851.45
0,0.00,0,-852.05
0,0.00,0,-852.36
0,0.00,0,-852.97
0,0.00,0,-852.51
0,0.00,0,-853.58
0,0.00,0,-853.73
0,0.00,0,-854.19
0,0.00,0,-853.12
0,0.00,0,-852.82
0,0.00,0,-852.66
0,0.00,0,-852.05
0,0.00,0,-851.29
0,0.00,0,-850.84
0,0.00,0,-851.90
0,0.00,0,-851.90
0,0.00,0,-852.66
0,0.00,0,-852.82
0,0.00,0,-853.88
0,0.00,0,-854.49
0,0.00,0,-854.19
0,0.00,0,-853.88
0,0.00,0,-853.88
0,0.00,0,-853.42
0,0.00,0,-852.36
0,0.00,0,-851.90
0,0.00,0,-851.60
0,0.00,0,-852.05
0,0.00,0,-851.75
0,0.00,0,-852.05
0,0.00,0,-852.51
0,0.00,0,-853.27
0,0.00,0,-853.88
0,0.00,0,-854.19
0,0.00,0,-854.79
0,0.00,0,-854.79
0,0.00,0,-854.49
0,0.00,0,-853.88
0,0.00,0,-853.58
0,0.00,0,-852.82
0,0.00,0,-852.36
0,0.00,0,-851.75
0,0.00,0,-851.45
0,0.00,0,-851.90
0,0.00,0,-852.51
0,0.00,0,-853.42
0,0.00,0,-853.73
0,0.00,0,-854.03
0,0.00,0,-854.34
0,0.00,0,-855.25
0,0.00,0,-854.64
0,0.00,0,-854.19
0,0.00,0,-852.82
0,0.00,0,-852.66
0,0.00,0,-852.51
0,0.00,0,-852.05
0,0.00,0,-852.21
0,0.00,0,-852.05
0,0.00,0,-852.97
0,0.00,0,-853.12
0,0.00,0,-853.58
0,0.00,0,-854.03
0,0.00,0,-854.64
0,0.00,0,-854.19
0,0.00,0,-853.88
0,0.00,0,-853.12
0,0.00,0,-853.27
0,0.00,0,-853.27
0,0.00,0,-852.21
0,0.00,0,-852.51
0,0.00,0,-852.21
0,0.00,0,-853.12
0,0.00,0,-853.42
0,0.00,0,-853.27
0,0.00,0,-853.88
0,0.00,0,-854.64
0,0.00,0,-854.34
0,0.00,0,-854.19
0,0.00,0,-854.03
0,0.00,0,-853.42
0,0.00,0,-854.03
0,0.00,0,-852.36
0,0.00,0,-852.36
0,0.00,0,-852.21
0,0.00,0,-852.05
0,0.00,0,-852.82
0,0.00,0,-852.82
0,0.00,0,-853.88
0,0.00,0,-854.49
0,0.00,0,-855.10
0,0.00,0,-855.25
0,0.00,0,-855.56
0,0.00,0,-854.64
0,0.00,0,-854.95
0,0.00,0,-854.19
0,0.00,0,-853.12
0,0.00,0,-852.66
0,0.00,0,-851.75
0,0.00,0,-852.66
0,0.00,0,-852.51
0,0.00,0,-852.97
0,0.00,0,-853.27
0,0.00,0,-854.49
0,0.00,0,-855.10
0,0.00,0,-855.71
0,0.00,0,-855.40
0,0.00,0,-855.10
0,0.00,0,-855.10
0,0.00,0,-854.03
0,0.00,0,-853.88
0,0.00,0,-852.97
0,0.00,0,-852.82
0,0.00,0,-852.82
0,0.00,0,-852.51
0,0.00,0,-853.12
0,0.00,0,-853.73
0,0.00,0,-854.49
0,0.00,0,-854.64
0,0.00,0,-854.34
0,0.00,0,-854.34
0,0.00,0,-854.64
0,0.00,0,-854.19
0,0.00,0,-854.03
0,0.00,0,-853.42
0,0.00,0,-853.42
0,0.00,0,-853.73
0,0.00,0,-853.42
0,0.00,0,-853.58
0,0.00,0,-853.58
0,0.00,0,-853.88
0,0.00,0,-854.49
0,0.00,0,-854.34
0,0.00,0,-854.64
0,0.00,0,-854.49
0,0.00,0,-854.19
0,0.00,0,-854.19
0,0.00,0,-853.88
0,0.00,0,-853.42
0,0.00,0,-853.42
0,0.00,0,-853.12
0,0.00,0,-852.97
0,0.00,0,-853.58
0,0.00,0,-853.88
0,0.00,0,-854.64
0,0.00,0,-854.49
0,0.00,0,-854.49
0,0.00,0,-854.95
0,0.00,0,-855.40
0,0.00,0,-854.95
0,0.00,0,-854.64
0,0.00,0,-853.73
0,0.00,0,-853.88
0,0.00,0,-853.73
0,0.00,0,-853.73
0,0.00,0,-853.58
0,0.00,0,-853.42
0,0.00,0,-853.88
0,0.00,0,-854.34
0,0.00,0,-854.49
0,0.00,0,-854.64
0,0.00,0,-854.95
0,0.00,0,-854.95
0,0.00,0,-854.95
0,0.00,0,-854.79
0,0.00,0,-854.79
0,0.00,0,-854.64
0,0.00,0,-854.03
0,0.00,0,-853.73
0,0.00,0,-853.58
0,0.00,0,-854.03
0,0.00,0,-854.64
0,0.00,0,-854.49
0,0.00,0,-854.03
0,0.00,0,-854.03
0,0.00,0,-854.64
0,0.00,0,-855.10
0,0.00,0,-854.79
0,0.00,0,-854.49
0,0.00,0,-854.34
0,0.00,0,-854.34
0,0.00,0,-854.03
0,0.00,0,-853.73
0,0.00,0,-853.73
0,0.00,0,-854.19
0,0.00,0,-854.03
0,0.00,0,-854.19
0,0.00,0,-854.19
0,0.00,0,-854.49
0,0.00,0,-854.49
0,0.00,0,-854.34
0,0.00,0,-854.64
0,0.00,0,-854.64
0,0.00,0,-854.49
0,0.00,0,-854.19
0,0.00,0,-854.03
0,0.00,0,-853.88
0,0.00,0,-854.19
0,0.00,0,-854.03
0,0.00,0,-854.03
0,0.00,0,-854.34
0,0.00,0,-854.64
0,0.00,0,-854.95
0,0.00,0,-855.10
0,0.00,0,-854.95
0,0.00,0,-854.64
0,0.00,0,-854.49
0,0.00,0,-854.64
0,0.00,0,-854.49
0,0.00,0,-854.34
0,0.00,0,-854.34
0,0.00,0,-854.34
0,0.00,0,-854.34
0,0.00,0,-854.49
0,0.00,0,-854.79
0,0.00,0,-854.64
0,0.00,0,-854.95
0,0.00,0,-854.95
0,0.00,0,-855.10
0,0.00,0,-855.25
0,0.00,0,-855.40
0,0.00,0,-854.95
0,0.00,0,-854.49
0,0.00,0,-854.64
0,0.00,0,-854.79
0,0.00,0,-854.79
0,0.00,0,-854.34
0,0.00,0,-854.03
0,0.00,0,-854.19
0,0.00,0,-854.79
0,0.00,0,-855.10
0,0.00,0,-855.10
0,0.00,0,-855.10
0,0.00,0,-855.25
0,0.00,0,-855.10
0,0.00,0,-855.10
0,0.00,0,-855.10
0,0.00,0,-854.95
0,0.00,0,-854.49
0,0.00,0,-854.19
0,0.00,0,-854.19
0,0.00,0,-854.49
0,0.00,0,-854.64
0,0.00,0,-854.64
0,0.00,0,-854.79
0,0.00,0,-854.95
0,0.00,0,-854.95
0,0.00,0,-855.10
0,0.00,0,-854.95
0,0.00,0,-855.10
0,0.00,0,-854.95
0,0.00,0,-854.95
0,0.00,0,-854.64
0,0.00,0,-854.34
0,0.00,0,-854.64
0,0.00,0,-854.64
0,0.00,0,-854.64
0,0.00,0,-854.49
0,0.00,0,-854.79
0,0.00,0,-854.95
0,0.00,0,-855.25
0,0.00,0,-855.40
0,0.00,0,-855.25
0,0.00,0,-854.95
0,0.00,0,-854.49
0,0.00,0,-854.79
0,0.00,0,-854.95
0,0.00,0,-855.25
0,0.00,0,-855.10
0,0.00,0,-854.79
0,0.00,0,-854.64
0,0.00,0,-854.79
0,0.00,0,-855.25
0,0.00,0,-855.40
0,0.00,0,-855.25
0,0.00,0,-855.10
0,0.00,0,-855.25
0,0.00,0,-855.25
0,0.00,0,-855.40
0,0.00,0,-855.25
0,0.00,0,-854.79
0,0.00,0,-854.79
0,0.00,0,-854.79
0,0.00,0,-855.10
0,0.00,0,-855.25
0,0.00,0,-855.25
0,0.00,0,-855.25
0,0.00,0,-855.40
0,0.00,0,-855.86
0,0.00,0,-856.01
0,0.00,0,-856.01
0,0.00,0,-855.40
0,0.00,0,-854.95
0,0.00,0,-854.64
0,0.00,0,-854.79
0,0.00,0,-855.10
0,0.00,0,-854.95
0,0.00,0,-854.95
0,0.00,0,-854.34
0,0.00,0,-854.79
0,0.00,0,-855.25
0,0.00,0,-855.86
0,0.00,0,-855.86
0,0.00,0,-855.71
0,0.00,0,-856.01
0,0.00,0,-855.71
0,0.00,0,-855.40
0,0.00,0,-854.79
0,0.00,0,-854.95
0,0.00,0,-854.64
0,0.00,0,-854.79
0,0.00,0,-854.95
0,0.00,0,-855.10
0,0.00,0,-855.40
0,0.00,0,-855.25
0,0.00,0,-855.56
0,0.00,0,-855.71
0,0.00,0,-856.16
0,0.00,0,-855.71
0,0.00,0,-855.71
0,0.00,0,-855.40
0,0.00,0,-855.25
0,0.00,0,-854.95
0,0.00,0,-854.64
0,0.00,0,-854.79
0,0.00,0,-854.64
0,0.00,0,-855.10
0,0.00,0,-855.25
0,0.00,0,-855.56
0,0.00,0,-855.71
0,0.00,0,-856.01
0,0.00,0,-856.32
0,0.00,0,-856.16
0,0.00,0,-855.86
0,0.00,0,-855.40
0,0.00,0,-855.25
0,0.00,0,-854.95
0,0.00,0,-854.95
0,0.00,0,-855.10
0,0.00,0,-855.10
0,0.00,0,-855.25
0,0.00,0,-855.25
0,0.00,0,-855.86
0,0.00,0,-855.86
0,0.00,0,-856.32
0,0.00,0,-856.16
0,0.00,0,-855.86
0,0.00,0,-855.71
0,0.00,0,-856.01
0,0.00,0,-855.56
0,0.00,0,-854.95
0,0.00,0,-854.79
0,0.00,0,-854.64
0,0.00,0,-855.10
0,0.00,0,-855.40
0,0.00,0,-856.01
0,0.00,0,-855.71
0,0.00,0,-855.86
0,0.00,0,-856.01
0,0.00,0,-856.16
0,0.00,0,-856.16
0,0.00,0,-855.86
0,0.00,0,-855.56
0,0.00,0,-855.25
0,0.00,0,-855.10
0,0.00,0,-855.10
0,0.00,0,-855.25
0,0.00,0,-854.95
0,0.00,0,-855.25
0,0.00,0,-855.40
0,0.00,0,-855.56
0,0.00,0,-855.56
0,0.00,0,-855.56
0,0.00,0,-855.86
0,0.00,0,-855.86
0,0.00,0,-855.86
0,0.00,0,-855.40
0,0.00,0,-855.71
0,0.00,0,-855.40
0,0.00,0,-855.10
0,0.00,0,-854.95
0,0.00,0,-855.25
0,0.00,0,-855.71
0,0.00,0,-855.71
0,0.00,0,-855.86
0,0.00,0,-855.86
0,0.00,0,-856.16
0,0.00,0,-855.86
0,0.00,0,-855.71
0,0.00,0,-855.40
0,0.00,0,-855.40
0,0.00,0,-855.40
0,0.00,0,-855.71
0,0.00,0,-855.56
0,0.00,0,-855.56
0,0.00,0,-855.71
0,0.00,0,-855.56
0,0.00,0,-855.86
0,0.00,0,-855.86
0,0.00,0,-856.01
0,0.00,0,-855.71
0,0.00,0,-855.86
0,0.00,0,-856.16
0,0.00,0,-855.86
0,0.00,0,-856.01
0,0.00,0,-855.40
0,0.00,0,-855.71
0,0.00,0,-855.86
0,0.00,0,-856.16
0,0.00,0,-856.01
0,0.00,0,-855.86
0,0.00,0,-855.71
0,0.00,0,-855.86
0,0.00,0,-856.01
0,0.00,0,-855.86
0,0.00,0,-855.86
0,0.00,0,-855.56
0,0.00,0,-855.86
0,0.00,0,-855.71
0,0.00,0,-856.01
0,0.00,0,-855.71
0,0.00,0,-855.56
0,0.00,0,-855.56
0,0.00,0,-855.71
0,0.00,0,-856.16
0,0.00,0,-855.86
0,0.00,0,-856.16
0,0.00,0,-855.71
0,0.00,0,-855.86
0,0.00,0,-855.56
0,0.00,0,-855.40
0,0.00,0,-855.71
0,0.00,0,-855.71
0,0.00,0,-855.86
0,0.00,0,-855.71
0,0.00,0,-856.01
0,0.00,0,-855.56
0,0.00,0,-855.86
0,0.00,0,-855.86
0,0.00,0,-856.16
0,0.00,0,-856.01
0,0.00,0,-856.01
0,0.00,0,-855.86
0,0.00,0,-855.86
0,0.00,0,-855.86
0,0.00,0,-855.56
0,0.00,0,-855.71
0,0.00,0,-855.56
0,0.00,0,-855.86
0,0.00,0,-856.01
0,0.00,0,-856.16
0,0.00,0,-856.32
0,0.00,0,-856.47
0,0.00,0,-856.47
0,0.00,0,-856.01
0,0.00,0,-856.01
0,0.00,0,-855.86
0,0.00,0,-856.01
0,0.00,0,-855.71
0,0.00,0,-855.86
0,0.00,0,-855.71
0,0.00,0,-855.86
0,0.00,0,-856.32
0,0.00,0,-856.16
0,0.00,0,-856.16
0,0.00,0,-855.86
0,0.00,0,-856.01
0,0.00,0,-856.16
0,0.00,0,-856.32
0,0.00,0,-856.32
0,0.00,0,-856.01
0,0.00,0,-855.71
0,0.00,0,-855.71
0,0.00,0,-856.01
0,0.00,0,-856.01
0,0.00,0,-855.71
0,0.00,0,-855.56
0,0.00,0,-855.71
0,0.00,0,-856.16
0,0.00,0,-856.32
0,0.00,0,-856.32
0,0.00,0,-856.16
0,0.00,0,-856.16
0,0.00,0,-856.01
0,0.00,0,-856.16
0,0.00,0,-856.16
0,0.00,0,-856.01
0,0.00,0,-855.56
0,0.00,0,-855.56
0,0.00,0,-855.71
0,0.00,0,-855.71
0,0.00,0,-855.56
0,0.00,0,-853.58
0,0.00,0,-850.68
0,0.00,0,-849.62
0,0.00,0,-846.73
0,0.00,0,-844.60
0,0.00,0,-841.86
0,0.00,0,-844.29
0,0.00,0,-845.97
0,0.00,0,-846.42
0,0.00,0,-850.08
0,0.00,0,-850.08
0,0.00,0,-853.12
0,0.00,0,-855.56
0,0.00,0,-855.25
0,0.00,0,-857.38
0,0.00,0,-856.93
0,0.00,0,-858.30
0,0.00,0,-860.12
0,0.00,0,-859.82
0,0.00,0,-861.19
0,0.00,0,-861.19
0,0.00,0,-861.95
0,0.00,0,-863.62
0,0.00,0,-862.86
0,0.00,0,-863.32
0,0.00,0,-862.71
0,0.00,0,-861.95
0,0.00,0,-861.03
0,0.00,0,-858.75
0,0.00,0,-857.84
0,0.00,0,-855.86
0,0.00,0,-854.64
0,0.00,0,-852.82
0,0.00,0,-850.53
0,0.00,0,-848.71
0,0.00,0,-845.97
0,0.00,0,-844.44
0,0.00,0,-843.68
0,0.00,0,-844.60
0,0.00,0,-846.27
0,0.00,0,-848.55
0,0.00,0,-851.29
0,0.00,0,-853.27
0,0.00,0,-855.56
0,0.00,0,-857.08
0,0.00,0,-858.14
0,0.00,0,-859.36
0,0.00,0,-859.82
0,0.00,0,-860.27
0,0.00,0,-859.97
0,0.00,0,-859.97
0,0.00,0,-859.06
0,0.00,0,-856.77
0,0.00,0,-854.79
0,0.00,0,-851.75
0,0.00,0,-849.47
0,0.00,0,-847.49
0,0.00,0,-846.27
0,0.00,0,-846.42
0,0.00,0,-846.58
0,0.00,0,-847.64
0,0.00,0,-848.40
0,0.00,0,-849.77
0,0.00,0,-851.14
0,0.00,0,-852.66
0,0.00,0,-854.19
0,0.00,0,-855.25
0,0.00,0,-857.23
0,0.00,0,-858.90
0,0.00,0,-860.27
0,0.00,0,-860.58
0,0.00,0,-859.97
0,0.00,0,-859.36
0,0.00,0,-857.38
0,0.00,0,-855.40
0,0.00,0,-852.97
0,0.00,0,-851.14
0,0.00,0,-850.08
0,0.00,0,-848.86
0,0.00,0,-848.25
0,0.00,0,-847.49
0,0.00,0,-848.10
0,0.00,0,-848.71
0,0.00,0,-848.71
0,0.00,0,-849.47
0,0.00,0,-850.38
0,0.00,0,-852.51
0,0.00,0,-854.49
0,0.00,0,-856.32
0,0.00,0,-858.14
0,0.00,0,-859.51
0,0.00,0,-860.12
0,0.00,0,-859.51
0,0.00,0,-858.45
0,0.00,0,-857.08
0,0.00,0,-855.86
0,0.00,0,-854.79
0,0.00,0,-853.12
0,0.00,0,-851.90
0,0.00,0,-851.14
0,0.00,0,-850.23
0,0.00,0,-849.16
0,0.00,0,-847.95
0,0.00,0,-847.79
0,0.00,0,-848.25
0,0.00,0,-849.16
0,0.00,0,-850.38
0,0.00,0,-852.05
0,0.00,0,-854.19
0,0.00,0,-856.01
0,0.00,0,-857.08
0,0.00,0,-857.69
0,0.00,0,-858.14
0,0.00,0,-858.75
0,0.00,0,-858.14
0,0.00,0,-857.38
0,0.00,0,-856.32
0,0.00,0,-855.71
0,0.00,0,-855.10
0,0.00,0,-853.88
0,0.00,0,-852.36
0,0.00,0,-850.53
0,0.00,0,-849.32
0,0.00,0,-848.25
0,0.00,0,-847.95
0,0.00,0,-848.25
0,0.00,0,-849.16
0,0.00,0,-850.68
0,0.00,0,-852.05
0,0.00,0,-853.42
0,0.00,0,-854.34
0,0.00,0,-855.40
0,0.00,0,-856.47
0,0.00,0,-856.93
0,0.00,0,-857.38
0,0.00,0,-857.84
0,0.00,0,-857.99
0,0.00,0,-857.99
0,0.00,0,-857.08
0,0.00,0,-855.86
0,0.00,0,-854.34
0,0.00,0,-852.82
0,0.00,0,-851.14
0,0.00,0,-849.62
0,0.00,0,-849.16
0,0.00,0,-849.32
0,0.00,0,-849.77
0,0.00,0,-850.08
0,0.00,0,-850.53
0,0.00,0,-851.29
0,0.00,0,-852.21
0,0.00,0,-852.97
0,0.00,0,-853.73
0,0.00,0,-854.79
0,0.00,0,-856.16
0,0.00,0,-857.23
0,0.00,0,-858.14
0,0.00,0,-858.45
0,0.00,0,-857.99
0,0.00,0,-856.93
0,0.00,0,-855.40
0,0.00,0,-853.88
0,0.00,0,-852.82
0,0.00,0,-852.05
0,0.00,0,-851.29
0,0.00,0,-850.84
0,0.00,0,-850.53
0,0.00,0,-850.38
0,0.00,0,-850.23
0,0.00,0,-850.08
0,0.00,0,-850.53
0,0.00,0,-851.14
0,0.00,0,-852.05
0,0.00,0,-853.58
0,0.00,0,-855.25
0,0.00,0,-856.47
0,0.00,0,-857.23
0,0.00,0,-857.53
0,0.00,0,-857.38
0,0.00,0,-857.08
0,0.00,0,-856.47
0,0.00,0,-855.56
0,0.00,0,-854.95
0,0.00,0,-854.49
0,0.00,0,-853.88
0,0.00,0,-852.82
0,0.00,0,-851.60
0,0.00,0,-850.84
0,0.00,0,-850.23
0,0.00,0,-849.77
0,0.00,0,-849.62
0,0.00,0,-850.23
0,0.00,0,-851.45
0,0.00,0,-852.51
0,0.00,0,-853.58
0,0.00,0,-854.49
0,0.00,0,-855.86
0,0.00,0,-856.32
0,0.00,0,-856.32
0,0.00,0,-856.32
0,0.00,0,-856.62
0,0.00,0,-856.32
0,0.00,0,-856.32
0,0.00,0,-855.86
0,0.00,0,-854.95
0,0.00,0,-854.19
0,0.00,0,-853.12
0,0.00,0,-852.05
0,0.00,0,-850.99
0,0.00,0,-850.23
0,0.00,0,-850.08
0,0.00,0,-850.38
0,0.00,0,-850.84
0,0.00,0,-851.60
0,0.00,0,-852.51
0,0.00,0,-853.58
0,0.00,0,-854.19
0,0.00,0,-854.64
0,0.00,0,-855.25
0,0.00,0,-856.01
0,0.00,0,-856.77
0,0.00,0,-856.93
0,0.00,0,-857.08
0,0.00,0,-856.77
0,0.00,0,-856.32
0,0.00,0,-855.25
0,0.00,0,-853.88
0,0.00,0,-852.82
0,0.00,0,-851.75
0,0.00,0,-851.14
0,0.00,0,-850.99
0,0.00,0,-850.68
0,0.00,0,-850.84
0,0.00,0,-851.14
0,0.00,0,-851.60
0,0.00,0,-851.90
0,0.00,0,-852.51
0,0.00,0,-853.42
0,0.00,0,-854.34
0,0.00,0,-855.25
0,0.00,0,-856.01
0,0.00,0,-856.62
0,0.00,0,-857.23
0,0.00,0,-856.77
0,0.00,0,-856.47
0,0.00,0,-855.71
0,0.00,0,-855.25
0,0.00,0,-854.34
0,0.00,0,-853.12
0,0.00,0,-852.51
0,0.00,0,-852.21
0,0.00,0,-852.21
0,0.00,0,-851.29
0,0.00,0,-850.99
0,0.00,0,-850.84
0,0.00,0,-851.45
0,0.00,0,-851.90
0,0.00,0,-852.36
0,0.00,0,-853.27
0,0.00,0,-854.03
0,0.00,0,-855.25
0,0.00,0,-855.86
0,0.00,0,-856.16
0,0.00,0,-856.62
0,0.00,0,-856.47
0,0.00,0,-856.16
0,0.00,0,-855.71
0,0.00,0,-855.40
0,0.00,0,-854.95
0,0.00,0,-854.19
0,0.00,0,-853.42
0,0.00,0,-852.51
0,0.00,0,-851.75
0,0.00,0,-851.60
0,0.00,0,-851.29
0,0.00,0,-851.29
0,0.00,0,-851.45
0,0.00,0,-851.90
0,0.00,0,-852.66
0,0.00,0,-853.12
0,0.00,0,-853.73
0,0.00,0,-854.79
0,0.00,0,-855.40
