0,0.00,0,-654.03
0,0.00,0,-602.59
0,0.00,0,-706.70
0,0.00,0,-751.75
0,0.00,0,-689.35
0,0.00,0,-622.53
0,0.00,0,-596.80
0,0.00,0,-712.33
0,0.00,0,-705.02
0,0.00,0,-628.46
0,0.00,0,-595.13
0,0.00,0,-597.87
0,0.00,0,-718.26
0,0.00,0,-675.80
0,0.00,0,-578.54
0,0.00,0,-618.57
0,0.00,0,-623.14
0,0.00,0,-743.07
0,0.00,0,-660.12
0,0.00,0,-581.28
0,0.00,0,-670.32
0,0.00,0,-684.02
0,0.00,0,-754.34
0,0.00,0,-663.62
0,0.00,0,-587.37
0,0.00,0,-722.37
0,0.00,0,-758.60
0,0.00,0,-743.68
0,0.00,0,-643.84
0,0.00,0,-624.66
0,0.00,0,-753.88
0,0.00,0,-766.67
0,0.00,0,-701.22
0,0.00,0,-609.44
0,0.00,0,-647.34
0,0.00,0,-768.95
0,0.00,0,-719.94
0,0.00,0,-656.62
0,0.00,0,-591.17
0,0.00,0,-664.84
0,0.00,0,-738.51
0,0.00,0,-657.69
0,0.00,0,-616.44
0,0.00,0,-582.95
0,0.00,0,-670.32
0,0.00,0,-726.33
0,0.00,0,-597.87
0,0.00,0,-605.33
0,0.00,0,-608.83
0,0.00,0,-692.09
0,0.00,0,-723.90
0,0.00,0,-575.65
0,0.00,0,-640.18
0,0.00,0,-664.84
0,0.00,0,-722.98
0,0.00,0,-725.11
0,0.00,0,-583.41
0,0.00,0,-664.84
0,0.00,0,-754.79
0,0.00,0,-754.34
0,0.00,0,-698.93
0,0.00,0,-601.98
0,0.00,0,-705.94
0,0.00,0,-775.34
0,0.00,0,-740.49
0,0.00,0,-646.88
0,0.00,0,-605.63
0,0.00,0,-738.66
0,0.00,0,-764.99
0,0.00,0,-687.37
0,0.00,0,-615.83
0,0.00,0,-619.03
0,0.00,0,-735.92
0,0.00,0,-700.61
0,0.00,0,-639.12
0,0.00,0,-591.63
0,0.00,0,-620.70
0,0.00,0,-735.46
0,0.00,0,-652.97
0,0.00,0,-591.93
0,0.00,0,-605.94
0,0.00,0,-639.57
0,0.00,0,-745.36
0,0.00,0,-620.09
0,0.00,0,-595.59
0,0.00,0,-653.42
0,0.00,0,-680.37
0,0.00,0,-751.45
0,0.00,0,-620.70
0,0.00,0,-609.89
0,0.00,0,-724.96
0,0.00,0,-748.71
0,0.00,0,-741.25
0,0.00,0,-612.79
0,0.00,0,-645.97
0,0.00,0,-766.36
0,0.00,0,-757.84
0,0.00,0,-695.89
0,0.00,0,-597.41
0,0.00,0,-677.93
0,0.00,0,-784.02
0,0.00,0,-720.85
0,0.00,0,-646.73
0,0.00,0,-595.89
0,0.00,0,-694.82
0,0.00,0,-736.38
0,0.00,0,-658.90
0,0.00,0,-613.24
0,0.00,0,-585.08
0,0.00,0,-698.78
0,0.00,0,-706.39
0,0.00,0,-593.00
0,0.00,0,-601.52
0,0.00,0,-600.15
0,0.00,0,-716.89
0,0.00,0,-687.67
0,0.00,0,-568.65
0,0.00,0,-643.53
0,0.00,0,-644.90
0,0.00,0,-743.23
0,0.00,0,-686.00
0,0.00,0,-577.63
0,0.00,0,-686.61
0,0.00,0,-737.60
0,0.00,0,-761.80
0,0.00,0,-668.80
0,0.00,0,-602.74
0,0.00,0,-727.70
0,0.00,0,-767.28
0,0.00,0,-738.51
0,0.00,0,-627.55
0,0.00,0,-622.98
0,0.00,0,-757.69
0,0.00,0,-754.34
0,0.00,0,-683.26
0,0.00,0,-602.74
0,0.00,0,-640.94
0,0.00,0,-743.07
0,0.00,0,-687.98
0,0.00,0,-637.44
0,0.00,0,-581.74
0,0.00,0,-642.31
0,0.00,0,-733.03
0,0.00,0,-629.83
0,0.00,0,-593.15
0,0.00,0,-595.13
0,0.00,0,-654.95
0,0.00,0,-741.10
0,0.00,0,-591.17
0,0.00,0,-611.42
0,0.00,0,-640.33
0,0.00,0,-692.24
0,0.00,0,-745.21
0,0.00,0,-593.00
0,0.00,0,-633.49
0,0.00,0,-723.59
0,0.00,0,-749.92
0,0.00,0,-731.81
0,0.00,0,-597.72
0,0.00,0,-671.08
0,0.00,0,-768.80
0,0.00,0,-754.49
0,0.00,0,-686.15
0,0.00,0,-599.70
0,0.00,0,-704.57
0,0.00,0,-778.08
0,0.00,0,-719.94
0,0.00,0,-633.18
0,0.00,0,-604.72
0,0.00,0,-717.81
0,0.00,0,-724.81
0,0.00,0,-663.47
0,0.00,0,-601.67
0,0.00,0,-598.93
0,0.00,0,-719.79
0,0.00,0,-684.63
0,0.00,0,-599.85
0,0.00,0,-596.65
0,0.00,0,-612.94
0,0.00,0,-732.88
0,0.00,0,-654.19
0,0.00,0,-579.76
0,0.00,0,-637.44
0,0.00,0,-649.47
0,0.00,0,-752.97
0,0.00,0,-647.95
0,0.00,0,-590.87
0,0.00,0,-693.30
0,0.00,0,-731.51
0,0.00,0,-759.51
0,0.00,0,-643.23
0,0.00,0,-610.96
0,0.00,0,-742.31
0,0.00,0,-764.23
0,0.00,0,-729.38
0,0.00,0,-622.07
0,0.00,0,-646.58
0,0.00,0,-764.99
0,0.00,0,-756.77
0,0.00,0,-671.69
0,0.00,0,-597.87
0,0.00,0,-670.02
0,0.00,0,-747.03
0,0.00,0,-690.56
0,0.00,0,-635.01
0,0.00,0,-578.69
0,0.00,0,-677.47
0,0.00,0,-722.37
0,0.00,0,-627.70
0,0.00,0,-597.87
0,0.00,0,-588.58
0,0.00,0,-686.30
0,0.00,0,-714.76
0,0.00,0,-578.69
0,0.00,0,-619.18
0,0.00,0,-620.55
0,0.00,0,-719.18
0,0.00,0,-710.96
0,0.00,0,-575.65
0,0.00,0,-658.30
0,0.00,0,-698.17
0,0.00,0,-749.47
0,0.00,0,-707.31
0,0.00,0,-583.41
0,0.00,0,-690.11
0,0.00,0,-769.10
0,0.00,0,-748.55
0,0.00,0,-671.84
0,0.00,0,-610.65
0,0.00,0,-723.74
0,0.00,0,-777.93
0,0.00,0,-716.29
0,0.00,0,-621.00
0,0.00,0,-620.85
0,0.00,0,-738.66
0,0.00,0,-723.59
0,0.00,0,-666.67
0,0.00,0,-596.96
0,0.00,0,-623.44
0,0.00,0,-729.83
0,0.00,0,-669.56
0,0.00,0,-606.70
0,0.00,0,-588.43
0,0.00,0,-627.40
0,0.00,0,-736.53
0,0.00,0,-622.68
0,0.00,0,-587.98
0,0.00,0,-620.55
0,0.00,0,-656.47
0,0.00,0,-753.58
0,0.00,0,-604.87
0,0.00,0,-614.76
0,0.00,0,-685.69
0,0.00,0,-713.24
0,0.00,0,-753.73
0,0.00,0,-613.70
0,0.00,0,-625.42
0,0.00,0,-755.40
0,0.00,0,-754.79
0,0.00,0,-722.68
0,0.00,0,-613.55
0,0.00,0,-669.71
0,0.00,0,-772.91
0,0.00,0,-747.18
0,0.00,0,-666.06
0,0.00,0,-598.93
0,0.00,0,-694.82
0,0.00,0,-754.34
0,0.00,0,-688.28
0,0.00,0,-630.75
0,0.00,0,-588.89
0,0.00,0,-702.13
0,0.00,0,-711.42
0,0.00,0,-625.42
0,0.00,0,-598.63
0,0.00,0,-590.56
0,0.00,0,-707.61
0,0.00,0,-688.13
0,0.00,0,-574.28
0,0.00,0,-619.63
0,0.00,0,-615.22
0,0.00,0,-739.42
0,0.00,0,-673.82
0,0.00,0,-577.17
0,0.00,0,-670.62
0,0.00,0,-682.04
0,0.00,0,-756.01
0,0.00,0,-677.32
0,0.00,0,-583.71
0,0.00,0,-715.37
0,0.00,0,-759.21
0,0.00,0,-749.01
0,0.00,0,-653.42
0,0.00,0,-624.20
0,0.00,0,-744.44
0,0.00,0,-769.10
0,0.00,0,-709.44
0,0.00,0,-608.22
0,0.00,0,-643.07
0,0.00,0,-759.06
0,0.00,0,-719.03
0,0.00,0,-662.10
0,0.00,0,-587.82
0,0.00,0,-653.42
0,0.00,0,-732.72
0,0.00,0,-655.86
0,0.00,0,-610.50
0,0.00,0,-577.78
0,0.00,0,-652.82
0,0.00,0,-728.16
0,0.00,0,-595.59
0,0.00,0,-597.41
0,0.00,0,-600.91
0,0.00,0,-682.34
0,0.00,0,-737.29
0,0.00,0,-576.26
0,0.00,0,-640.33
0,0.00,0,-666.21
0,0.00,0,-724.20
0,0.00,0,-740.33
0,0.00,0,-587.21
0,0.00,0,-657.53
0,0.00,0,-751.60
0,0.00,0,-757.08
0,0.00,0,-712.48
0,0.00,0,-612.79
0,0.00,0,-701.22
0,0.00,0,-766.51
0,0.00,0,-750.99
0,0.00,0,-649.77
0,0.00,0,-603.20
0,0.00,0,-730.75
0,0.00,0,-752.97
0,0.00,0,-691.32
0,0.00,0,-615.83
0,0.00,0,-605.94
0,0.00,0,-724.51
0,0.00,0,-692.85
0,0.00,0,-630.14
0,0.00,0,-590.72
0,0.00,0,-597.41
0,0.00,0,-727.40
0,0.00,0,-653.58
0,0.00,0,-574.89
0,0.00,0,-606.09
0,0.00,0,-618.26
0,0.00,0,-754.03
0,0.00,0,-630.29
0,0.00,0,-591.17
0,0.00,0,-668.80
0,0.00,0,-675.04
0,0.00,0,-766.06
0,0.00,0,-640.79
0,0.00,0,-599.70
0,0.00,0,-732.72
0,0.00,0,-750.08
0,0.00,0,-751.75
0,0.00,0,-640.03
0,0.00,0,-653.73
0,0.00,0,-749.62
0,0.00,0,-767.28
0,0.00,0,-707.15
0,0.00,0,-597.26
0,0.00,0,-672.91
0,0.00,0,-766.67
0,0.00,0,-721.00
0,0.00,0,-651.29
0,0.00,0,-586.61
0,0.00,0,-682.65
0,0.00,0,-723.59
0,0.00,0,-652.05
0,0.00,0,-608.98
0,0.00,0,-573.67
0,0.00,0,-681.13
0,0.00,0,-711.11
0,0.00,0,-582.19
0,0.00,0,-596.35
0,0.00,0,-590.72
0,0.00,0,-706.09
0,0.00,0,-706.24
0,0.00,0,-566.36
0,0.00,0,-649.62
0,0.00,0,-647.95
0,0.00,0,-739.12
0,0.00,0,-710.35
0,0.00,0,-577.47
0,0.00,0,-683.56
0,0.00,0,-740.79
0,0.00,0,-760.58
0,0.00,0,-689.35
0,0.00,0,-615.37
0,0.00,0,-718.42
0,0.00,0,-765.30
0,0.00,0,-750.23
0,0.00,0,-632.42
0,0.00,0,-621.16
0,0.00,0,-746.58
0,0.00,0,-754.03
0,0.00,0,-687.98
0,0.00,0,-600.46
0,0.00,0,-634.09
0,0.00,0,-733.03
0,0.00,0,-682.95
0,0.00,0,-639.12
0,0.00,0,-580.97
0,0.00,0,-627.85
0,0.00,0,-733.18
0,0.00,0,-632.88
0,0.00,0,-587.67
0,0.00,0,-596.04
0,0.00,0,-643.53
0,0.00,0,-747.18
0,0.00,0,-600.00
0,0.00,0,-607.46
0,0.00,0,-653.58
0,0.00,0,-686.45
0,0.00,0,-755.71
0,0.00,0,-609.13
0,0.00,0,-624.51
0,0.00,0,-729.98
0,0.00,0,-752.05
0,0.00,0,-738.51
0,0.00,0,-613.85
0,0.00,0,-669.86
0,0.00,0,-757.08
0,0.00,0,-762.40
0,0.00,0,-690.41
0,0.00,0,-596.35
0,0.00,0,-698.17
0,0.00,0,-769.41
0,0.00,0,-718.72
0,0.00,0,-638.51
0,0.00,0,-595.13
0,0.00,0,-704.72
0,0.00,0,-715.68
0,0.00,0,-654.19
0,0.00,0,-606.24
0,0.00,0,-582.34
0,0.00,0,-703.65
0,0.00,0,-691.93
0,0.00,0,-582.19
0,0.00,0,-597.26
0,0.00,0,-598.63
0,0.00,0,-725.88
0,0.00,0,-675.19
0,0.00,0,-571.39
0,0.00,0,-652.05
0,0.00,0,-650.38
0,0.00,0,-750.23
0,0.00,0,-681.58
0,0.00,0,-582.80
0,0.00,0,-699.70
0,0.00,0,-740.94
0,0.00,0,-761.34
0,0.00,0,-664.99
0,0.00,0,-621.61
0,0.00,0,-735.16
0,0.00,0,-765.45
0,0.00,0,-738.36
0,0.00,0,-619.94
0,0.00,0,-642.47
0,0.00,0,-757.53
0,0.00,0,-748.71
0,0.00,0,-676.86
0,0.00,0,-593.61
0,0.00,0,-655.40
0,0.00,0,-733.03
0,0.00,0,-678.08
0,0.00,0,-630.59
0,0.00,0,-576.41
0,0.00,0,-650.53
0,0.00,0,-726.18
0,0.00,0,-616.44
0,0.00,0,-587.21
0,0.00,0,-592.39
0,0.00,0,-666.67
0,0.00,0,-733.18
0,0.00,0,-580.06
0,0.00,0,-619.18
0,0.00,0,-642.77
0,0.00,0,-704.57
0,0.00,0,-739.27
0,0.00,0,-587.82
0,0.00,0,-647.95
0,0.00,0,-728.01
0,0.00,0,-753.12
0,0.00,0,-719.79
0,0.00,0,-600.15
0,0.00,0,-689.04
0,0.00,0,-764.69
0,0.00,0,-754.79
0,0.00,0,-669.86
0,0.00,0,-600.30
0,0.00,0,-719.79
0,0.00,0,-770.62
0,0.00,0,-708.37
0,0.00,0,-622.83
0,0.00,0,-609.59
0,0.00,0,-724.20
0,0.00,0,-708.83
