0,0.00,0,-710.35
0,0.00,0,-709.13
0,0.00,0,-709.74
0,0.00,0,-708.22
0,0.00,0,-707.46
0,0.00,0,-707.00
0,0.00,0,-705.78
0,0.00,0,-708.22
0,0.00,0,-706.24
0,0.00,0,-709.74
0,0.00,0,-707.46
0,0.00,0,-709.74
0,0.00,0,-707.46
0,0.00,0,-708.22
0,0.00,0,-707.46
0,0.00,0,-707.76
0,0.00,0,-709.89
0,0.00,0,-707.61
0,0.00,0,-710.65
0,0.00,0,-707.15
0,0.00,0,-709.89
0,0.00,0,-706.09
0,0.00,0,-707.15
0,0.00,0,-706.54
0,0.00,0,-707.00
0,0.00,0,-708.37
0,0.00,0,-706.54
0,0.00,0,-709.59
0,0.00,0,-707.00
0,0.00,0,-709.44
0,0.00,0,-706.85
0,0.00,0,-708.07
0,0.00,0,-708.37
0,0.00,0,-708.07
0,0.00,0,-709.59
0,0.00,0,-707.91
0,0.00,0,-710.35
0,0.00,0,-707.15
0,0.00,0,-708.98
0,0.00,0,-705.94
0,0.00,0,-708.07
0,0.00,0,-707.31
0,0.00,0,-707.61
0,0.00,0,-708.83
0,0.00,0,-706.70
0,0.00,0,-709.74
0,0.00,0,-706.09
0,0.00,0,-708.83
0,0.00,0,-705.78
0,0.00,0,-708.83
0,0.00,0,-707.76
0,0.00,0,-708.07
0,0.00,0,-708.83
0,0.00,0,-707.46
0,0.00,0,-708.98
0,0.00,0,-706.85
0,0.00,0,-708.07
0,0.00,0,-707.46
0,0.00,0,-708.68
0,0.00,0,-708.83
0,0.00,0,-708.68
0,0.00,0,-708.52
0,0.00,0,-707.91
0,0.00,0,-708.22
0,0.00,0,-707.31
0,0.00,0,-707.61
0,0.00,0,-708.52
0,0.00,0,-708.07
0,0.00,0,-709.44
0,0.00,0,-707.61
0,0.00,0,-709.28
0,0.00,0,-707.00
0,0.00,0,-707.76
0,0.00,0,-706.54
0,0.00,0,-707.76
0,0.00,0,-708.22
0,0.00,0,-708.07
0,0.00,0,-708.68
0,0.00,0,-707.31
0,0.00,0,-708.52
0,0.00,0,-706.39
0,0.00,0,-707.76
0,0.00,0,-707.00
0,0.00,0,-708.98
0,0.00,0,-708.37
0,0.00,0,-708.83
0,0.00,0,-708.37
0,0.00,0,-708.07
0,0.00,0,-707.91
0,0.00,0,-706.24
0,0.00,0,-707.76
0,0.00,0,-706.85
0,0.00,0,-708.68
0,0.00,0,-708.37
0,0.00,0,-708.22
0,0.00,0,-709.13
0,0.00,0,-707.15
0,0.00,0,-709.13
0,0.00,0,-706.09
0,0.00,0,-709.13
0,0.00,0,-707.46
0,0.00,0,-709.13
0,0.00,0,-709.13
0,0.00,0,-707.31
0,0.00,0,-709.74
0,0.00,0,-705.63
0,0.00,0,-708.83
0,0.00,0,-705.02
0,0.00,0,-708.83
0,0.00,0,-707.46
0,0.00,0,-708.68
0,0.00,0,-708.22
0,0.00,0,-707.61
0,0.00,0,-708.83
0,0.00,0,-706.39
0,0.00,0,-708.52
0,0.00,0,-706.54
0,0.00,0,-709.74
0,0.00,0,-707.76
0,0.00,0,-708.98
0,0.00,0,-707.91
0,0.00,0,-708.22
0,0.00,0,-707.91
0,0.00,0,-706.09
0,0.00,0,-707.91
0,0.00,0,-706.70
0,0.00,0,-708.98
0,0.00,0,-706.85
0,0.00,0,-708.37
0,0.00,0,-708.07
0,0.00,0,-706.70
0,0.00,0,-707.91
0,0.00,0,-705.94
0,0.00,0,-709.44
0,0.00,0,-707.76
0,0.00,0,-709.44
0,0.00,0,-708.37
0,0.00,0,-708.83
0,0.00,0,-708.22
0,0.00,0,-707.00
0,0.00,0,-707.15
0,0.00,0,-707.15
0,0.00,0,-708.52
0,0.00,0,-707.15
0,0.00,0,-708.37
0,0.00,0,-706.85
0,0.00,0,-707.91
0,0.00,0,-706.24
0,0.00,0,-706.70
0,0.00,0,-706.85
0,0.00,0,-708.37
0,0.00,0,-708.98
0,0.00,0,-708.68
0,0.00,0,-709.13
0,0.00,0,-708.37
0,0.00,0,-708.22
0,0.00,0,-707.00
0,0.00,0,-707.00
0,0.00,0,-707.46
0,0.00,0,-707.46
0,0.00,0,-708.52
0,0.00,0,-707.76
0,0.00,0,-708.22
0,0.00,0,-707.61
0,0.00,0,-707.00
0,0.00,0,-707.46
0,0.00,0,-706.39
0,0.00,0,-708.52
0,0.00,0,-707.15
0,0.00,0,-709.74
0,0.00,0,-708.22
0,0.00,0,-709.89
0,0.00,0,-707.91
0,0.00,0,-708.07
0,0.00,0,-707.76
0,0.00,0,-707.31
0,0.00,0,-709.13
0,0.00,0,-707.15
0,0.00,0,-709.74
0,0.00,0,-707.00
0,0.00,0,-708.83
0,0.00,0,-707.00
0,0.00,0,-706.85
0,0.00,0,-707.76
0,0.00,0,-706.85
0,0.00,0,-709.28
0,0.00,0,-708.07
0,0.00,0,-709.59
0,0.00,0,-709.74
0,0.00,0,-708.52
0,0.00,0,-708.83
0,0.00,0,-707.46
0,0.00,0,-709.13
0,0.00,0,-707.91
0,0.00,0,-708.98
0,0.00,0,-708.07
0,0.00,0,-708.37
0,0.00,0,-707.46
0,0.00,0,-706.70
0,0.00,0,-707.00
0,0.00,0,-707.00
0,0.00,0,-708.37
0,0.00,0,-707.46
0,0.00,0,-708.98
0,0.00,0,-708.52
0,0.00,0,-709.44
0,0.00,0,-708.37
0,0.00,0,-708.52
0,0.00,0,-708.22
0,0.00,0,-709.13
0,0.00,0,-708.83
0,0.00,0,-708.83
0,0.00,0,-708.22
0,0.00,0,-708.37
0,0.00,0,-707.15
0,0.00,0,-706.70
0,0.00,0,-705.94
0,0.00,0,-707.15
0,0.00,0,-707.61
0,0.00,0,-708.22
0,0.00,0,-708.22
0,0.00,0,-708.68
0,0.00,0,-708.98
0,0.00,0,-707.31
0,0.00,0,-708.52
0,0.00,0,-707.31
0,0.00,0,-709.89
0,0.00,0,-708.37
0,0.00,0,-708.98
0,0.00,0,-708.07
0,0.00,0,-707.76
0,0.00,0,-707.15
0,0.00,0,-706.24
0,0.00,0,-706.09
0,0.00,0,-706.85
0,0.00,0,-707.76
0,0.00,0,-707.91
0,0.00,0,-708.22
0,0.00,0,-708.52
0,0.00,0,-708.37
0,0.00,0,-708.52
0,0.00,0,-708.07
0,0.00,0,-708.68
0,0.00,0,-709.74
0,0.00,0,-708.83
0,0.00,0,-710.05
0,0.00,0,-707.91
0,0.00,0,-709.13
0,0.00,0,-706.70
0,0.00,0,-707.00
0,0.00,0,-706.09
0,0.00,0,-706.54
0,0.00,0,-707.31
0,0.00,0,-707.31
0,0.00,0,-708.52
0,0.00,0,-707.91
0,0.00,0,-709.13
0,0.00,0,-708.07
0,0.00,0,-708.83
0,0.00,0,-708.52
0,0.00,0,-709.28
0,0.00,0,-709.59
0,0.00,0,-709.13
0,0.00,0,-709.74
0,0.00,0,-708.22
0,0.00,0,-708.07
0,0.00,0,-706.85
0,0.00,0,-706.39
0,0.00,0,-707.31
0,0.00,0,-706.39
0,0.00,0,-708.07
0,0.00,0,-706.70
0,0.00,0,-708.68
0,0.00,0,-706.85
0,0.00,0,-708.22
0,0.00,0,-706.85
0,0.00,0,-708.98
0,0.00,0,-708.98
0,0.00,0,-708.83
0,0.00,0,-709.89
0,0.00,0,-708.07
0,0.00,0,-709.59
0,0.00,0,-706.39
0,0.00,0,-708.22
0,0.00,0,-705.78
0,0.00,0,-708.37
0,0.00,0,-706.70
0,0.00,0,-707.61
0,0.00,0,-707.31
0,0.00,0,-707.61
0,0.00,0,-708.22
0,0.00,0,-706.39
0,0.00,0,-708.07
0,0.00,0,-707.31
0,0.00,0,-709.59
0,0.00,0,-708.68
0,0.00,0,-709.44
0,0.00,0,-708.68
0,0.00,0,-708.37
0,0.00,0,-707.46
0,0.00,0,-706.54
0,0.00,0,-707.46
0,0.00,0,-706.85
0,0.00,0,-708.98
0,0.00,0,-706.85
0,0.00,0,-708.37
0,0.00,0,-707.46
0,0.00,0,-707.31
0,0.00,0,-707.76
0,0.00,0,-706.39
0,0.00,0,-709.74
0,0.00,0,-707.46
0,0.00,0,-710.65
0,0.00,0,-707.91
0,0.00,0,-710.05
0,0.00,0,-707.91
0,0.00,0,-707.76
0,0.00,0,-707.61
0,0.00,0,-706.70
0,0.00,0,-708.83
0,0.00,0,-706.70
0,0.00,0,-708.98
0,0.00,0,-706.09
0,0.00,0,-708.52
0,0.00,0,-705.63
0,0.00,0,-707.31
0,0.00,0,-707.00
0,0.00,0,-708.07
0,0.00,0,-709.89
0,0.00,0,-708.07
0,0.00,0,-710.20
0,0.00,0,-708.22
0,0.00,0,-708.83
0,0.00,0,-707.15
0,0.00,0,-706.85
0,0.00,0,-708.07
0,0.00,0,-707.15
0,0.00,0,-708.37
0,0.00,0,-706.85
0,0.00,0,-708.07
0,0.00,0,-706.70
0,0.00,0,-706.70
0,0.00,0,-706.24
0,0.00,0,-706.54
0,0.00,0,-708.22
0,0.00,0,-707.15
0,0.00,0,-709.59
0,0.00,0,-707.76
0,0.00,0,-709.89
0,0.00,0,-707.76
0,0.00,0,-707.91
0,0.00,0,-707.31
0,0.00,0,-707.61
0,0.00,0,-708.37
0,0.00,0,-707.46
0,0.00,0,-707.76
0,0.00,0,-707.00
0,0.00,0,-707.00
0,0.00,0,-706.54
0,0.00,0,-706.24
0,0.00,0,-707.46
0,0.00,0,-707.91
0,0.00,0,-708.52
0,0.00,0,-708.98
0,0.00,0,-708.52
0,0.00,0,-709.74
0,0.00,0,-707.76
0,0.00,0,-708.98
0,0.00,0,-707.15
0,0.00,0,-709.44
0,0.00,0,-707.61
0,0.00,0,-708.22
0,0.00,0,-707.91
0,0.00,0,-707.31
0,0.00,0,-708.22
0,0.00,0,-706.09
0,0.00,0,-707.31
0,0.00,0,-706.85
0,0.00,0,-708.37
0,0.00,0,-708.37
0,0.00,0,-708.68
0,0.00,0,-709.13
0,0.00,0,-708.52
0,0.00,0,-708.07
0,0.00,0,-707.46
0,0.00,0,-708.07
0,0.00,0,-708.98
0,0.00,0,-708.22
0,0.00,0,-708.98
0,0.00,0,-707.46
0,0.00,0,-708.83
0,0.00,0,-706.24
0,0.00,0,-707.31
0,0.00,0,-706.39
0,0.00,0,-707.76
0,0.00,0,-708.22
0,0.00,0,-707.76
0,0.00,0,-709.74
0,0.00,0,-708.22
0,0.00,0,-709.59
0,0.00,0,-707.46
0,0.00,0,-708.37
0,0.00,0,-707.76
0,0.00,0,-708.37
0,0.00,0,-708.83
0,0.00,0,-708.22
0,0.00,0,-708.68
0,0.00,0,-707.46
0,0.00,0,-707.00
0,0.00,0,-706.70
0,0.00,0,-705.78
0,0.00,0,-707.61
0,0.00,0,-707.00
0,0.00,0,-708.37
0,0.00,0,-707.91
0,0.00,0,-708.07
0,0.00,0,-708.37
0,0.00,0,-707.46
0,0.00,0,-707.76
0,0.00,0,-707.46
0,0.00,0,-708.83
0,0.00,0,-708.07
0,0.00,0,-708.98
0,0.00,0,-707.91
0,0.00,0,-707.91
0,0.00,0,-707.31
0,0.00,0,-706.85
0,0.00,0,-706.85
0,0.00,0,-707.91
0,0.00,0,-707.46
0,0.00,0,-708.52
0,0.00,0,-707.31
0,0.00,0,-708.52
0,0.00,0,-707.46
0,0.00,0,-708.07
0,0.00,0,-707.61
0,0.00,0,-708.22
0,0.00,0,-708.98
0,0.00,0,-708.52
0,0.00,0,-709.74
0,0.00,0,-708.22
0,0.00,0,-709.28
0,0.00,0,-707.00
0,0.00,0,-707.31
0,0.00,0,-706.85
0,0.00,0,-708.37
0,0.00,0,-708.07
0,0.00,0,-708.37
0,0.00,0,-708.52
0,0.00,0,-708.22
0,0.00,0,-708.68
0,0.00,0,-707.46
0,0.00,0,-708.52
0,0.00,0,-708.07
0,0.00,0,-709.28
0,0.00,0,-708.83
0,0.00,0,-708.68
0,0.00,0,-708.83
0,0.00,0,-707.46
0,0.00,0,-707.76
0,0.00,0,-706.24
0,0.00,0,-707.61
0,0.00,0,-707.31
0,0.00,0,-707.46
0,0.00,0,-708.22
0,0.00,0,-707.76
0,0.00,0,-708.52
0,0.00,0,-707.76
0,0.00,0,-708.37
0,0.00,0,-707.46
0,0.00,0,-709.44
0,0.00,0,-708.07
0,0.00,0,-709.74
0,0.00,0,-708.22
0,0.00,0,-708.83
0,0.00,0,-708.22
0,0.00,0,-706.85
0,0.00,0,-707.31
0,0.00,0,-705.94
0,0.00,0,-708.37
0,0.00,0,-706.54
0,0.00,0,-708.37
0,0.00,0,-707.00
0,0.00,0,-708.37
0,0.00,0,-707.46
0,0.00,0,-707.76
0,0.00,0,-708.22
0,0.00,0,-708.52
0,0.00,0,-710.05
0,0.00,0,-708.37
0,0.00,0,-710.05
0,0.00,0,-707.61
0,0.00,0,-709.13
0,0.00,0,-706.70
0,0.00,0,-706.70
0,0.00,0,-707.46
0,0.00,0,-706.09
0,0.00,0,-708.83
0,0.00,0,-705.78
0,0.00,0,-709.59
