0,0.00,0,-676.56
0,0.00,0,-605.63
0,0.00,0,-604.41
0,0.00,0,-653.58
0,0.00,0,-683.41
0,0.00,0,-630.59
0,0.00,0,-594.06
0,0.00,0,-637.29
0,0.00,0,-674.89
0,0.00,0,-646.27
0,0.00,0,-583.10
0,0.00,0,-619.33
0,0.00,0,-663.32
0,0.00,0,-665.30
0,0.00,0,-591.93
0,0.00,0,-605.63
0,0.00,0,-655.40
0,0.00,0,-678.39
0,0.00,0,-613.55
0,0.00,0,-594.98
0,0.00,0,-646.73
0,0.00,0,-681.89
0,0.00,0,-641.55
0,0.00,0,-590.11
0,0.00,0,-633.79
0,0.00,0,-675.80
0,0.00,0,-660.58
0,0.00,0,-588.74
0,0.00,0,-612.48
0,0.00,0,-660.73
0,0.00,0,-670.17
0,0.00,0,-600.30
0,0.00,0,-596.80
0,0.00,0,-648.86
0,0.00,0,-677.63
0,0.00,0,-621.31
0,0.00,0,-589.50
0,0.00,0,-636.07
0,0.00,0,-679.30
0,0.00,0,-647.79
0,0.00,0,-590.87
0,0.00,0,-627.85
0,0.00,0,-671.69
0,0.00,0,-671.84
0,0.00,0,-597.11
0,0.00,0,-613.70
0,0.00,0,-657.99
0,0.00,0,-679.15
0,0.00,0,-610.65
0,0.00,0,-595.74
0,0.00,0,-643.23
0,0.00,0,-676.71
0,0.00,0,-630.44
0,0.00,0,-584.17
0,0.00,0,-629.83
0,0.00,0,-671.54
0,0.00,0,-656.01
0,0.00,0,-588.89
0,0.00,0,-618.11
0,0.00,0,-665.75
0,0.00,0,-675.95
0,0.00,0,-604.87
0,0.00,0,-605.33
0,0.00,0,-654.34
0,0.00,0,-681.43
0,0.00,0,-621.61
0,0.00,0,-590.26
0,0.00,0,-636.53
0,0.00,0,-673.67
0,0.00,0,-640.49
0,0.00,0,-582.80
0,0.00,0,-622.53
0,0.00,0,-668.19
0,0.00,0,-663.77
0,0.00,0,-593.76
0,0.00,0,-612.18
0,0.00,0,-661.19
0,0.00,0,-681.58
0,0.00,0,-614.31
0,0.00,0,-601.22
0,0.00,0,-648.25
0,0.00,0,-683.41
0,0.00,0,-634.25
0,0.00,0,-590.56
0,0.00,0,-633.18
0,0.00,0,-673.06
0,0.00,0,-654.79
0,0.00,0,-587.06
0,0.00,0,-616.44
0,0.00,0,-660.58
0,0.00,0,-669.25
0,0.00,0,-597.87
0,0.00,0,-604.57
0,0.00,0,-652.21
0,0.00,0,-679.76
0,0.00,0,-621.31
0,0.00,0,-594.37
0,0.00,0,-642.31
0,0.00,0,-677.78
0,0.00,0,-644.14
0,0.00,0,-589.04
0,0.00,0,-628.16
0,0.00,0,-670.47
0,0.00,0,-666.67
0,0.00,0,-594.82
0,0.00,0,-613.55
0,0.00,0,-660.43
0,0.00,0,-677.63
0,0.00,0,-607.46
0,0.00,0,-598.48
0,0.00,0,-646.88
0,0.00,0,-680.97
0,0.00,0,-631.35
0,0.00,0,-588.28
0,0.00,0,-632.42
0,0.00,0,-672.60
0,0.00,0,-653.73
0,0.00,0,-587.06
0,0.00,0,-619.79
0,0.00,0,-664.99
0,0.00,0,-673.06
0,0.00,0,-598.93
0,0.00,0,-606.24
0,0.00,0,-655.86
0,0.00,0,-682.04
0,0.00,0,-623.29
0,0.00,0,-593.76
0,0.00,0,-640.49
0,0.00,0,-678.08
0,0.00,0,-641.70
0,0.00,0,-585.84
0,0.00,0,-627.70
0,0.00,0,-669.71
0,0.00,0,-664.54
0,0.00,0,-590.41
0,0.00,0,-609.74
0,0.00,0,-656.77
0,0.00,0,-674.28
0,0.00,0,-605.18
0,0.00,0,-597.87
0,0.00,0,-650.53
0,0.00,0,-682.65
0,0.00,0,-633.64
0,0.00,0,-591.17
0,0.00,0,-636.23
0,0.00,0,-677.32
0,0.00,0,-654.03
0,0.00,0,-589.50
0,0.00,0,-619.33
0,0.00,0,-665.60
0,0.00,0,-667.43
0,0.00,0,-595.59
0,0.00,0,-602.28
0,0.00,0,-652.97
0,0.00,0,-677.63
0,0.00,0,-615.37
0,0.00,0,-591.63
0,0.00,0,-641.10
0,0.00,0,-678.54
0,0.00,0,-642.16
0,0.00,0,-592.09
0,0.00,0,-631.81
0,0.00,0,-676.26
0,0.00,0,-665.45
0,0.00,0,-593.61
0,0.00,0,-613.85
0,0.00,0,-659.36
0,0.00,0,-676.41
0,0.00,0,-605.18
0,0.00,0,-600.30
0,0.00,0,-648.25
0,0.00,0,-679.00
0,0.00,0,-626.48
0,0.00,0,-585.69
0,0.00,0,-632.42
0,0.00,0,-672.45
0,0.00,0,-649.47
0,0.00,0,-586.61
0,0.00,0,-620.09
0,0.00,0,-666.06
0,0.00,0,-669.56
0,0.00,0,-596.80
0,0.00,0,-606.09
0,0.00,0,-655.71
0,0.00,0,-680.52
0,0.00,0,-618.42
0,0.00,0,-594.52
0,0.00,0,-641.86
0,0.00,0,-679.15
0,0.00,0,-639.57
0,0.00,0,-588.58
0,0.00,0,-629.83
0,0.00,0,-671.39
0,0.00,0,-659.97
0,0.00,0,-587.52
0,0.00,0,-612.18
0,0.00,0,-659.06
0,0.00,0,-673.97
0,0.00,0,-607.31
0,0.00,0,-600.46
0,0.00,0,-650.23
0,0.00,0,-681.13
0,0.00,0,-626.64
0,0.00,0,-591.48
0,0.00,0,-638.20
0,0.00,0,-680.82
0,0.00,0,-653.12
0,0.00,0,-591.78
0,0.00,0,-622.68
0,0.00,0,-667.58
0,0.00,0,-669.41
0,0.00,0,-596.04
0,0.00,0,-607.61
0,0.00,0,-654.19
0,0.00,0,-677.78
0,0.00,0,-613.09
0,0.00,0,-593.61
0,0.00,0,-641.55
0,0.00,0,-679.60
0,0.00,0,-639.57
0,0.00,0,-592.24
0,0.00,0,-633.49
0,0.00,0,-672.91
0,0.00,0,-659.36
0,0.00,0,-590.11
0,0.00,0,-618.11
0,0.00,0,-661.19
0,0.00,0,-672.60
0,0.00,0,-600.15
0,0.00,0,-598.17
0,0.00,0,-646.12
0,0.00,0,-673.06
0,0.00,0,-618.87
0,0.00,0,-586.00
0,0.00,0,-636.83
0,0.00,0,-675.49
0,0.00,0,-646.58
0,0.00,0,-586.15
0,0.00,0,-622.98
0,0.00,0,-669.56
0,0.00,0,-670.78
0,0.00,0,-599.54
0,0.00,0,-608.83
0,0.00,0,-656.93
0,0.00,0,-678.23
0,0.00,0,-609.59
0,0.00,0,-592.54
0,0.00,0,-639.42
0,0.00,0,-676.86
0,0.00,0,-633.03
0,0.00,0,-585.69
0,0.00,0,-627.25
0,0.00,0,-670.32
0,0.00,0,-657.69
0,0.00,0,-592.39
0,0.00,0,-620.85
0,0.00,0,-667.43
0,0.00,0,-679.15
0,0.00,0,-607.31
0,0.00,0,-609.28
0,0.00,0,-654.34
0,0.00,0,-682.04
0,0.00,0,-624.66
0,0.00,0,-593.91
0,0.00,0,-635.77
0,0.00,0,-672.15
0,0.00,0,-637.44
0,0.00,0,-581.74
0,0.00,0,-623.14
0,0.00,0,-663.62
0,0.00,0,-664.08
0,0.00,0,-592.85
0,0.00,0,-610.81
0,0.00,0,-659.06
0,0.00,0,-679.15
0,0.00,0,-611.87
0,0.00,0,-600.30
0,0.00,0,-649.92
0,0.00,0,-684.78
0,0.00,0,-638.81
0,0.00,0,-591.17
0,0.00,0,-631.20
0,0.00,0,-673.97
0,0.00,0,-655.40
0,0.00,0,-587.37
0,0.00,0,-615.22
0,0.00,0,-660.88
0,0.00,0,-669.86
0,0.00,0,-595.89
0,0.00,0,-598.02
0,0.00,0,-648.86
0,0.00,0,-677.78
0,0.00,0,-621.16
0,0.00,0,-591.02
0,0.00,0,-639.42
0,0.00,0,-679.15
0,0.00,0,-645.66
0,0.00,0,-588.43
0,0.00,0,-628.01
0,0.00,0,-672.60
0,0.00,0,-668.04
0,0.00,0,-595.74
0,0.00,0,-609.44
0,0.00,0,-656.77
0,0.00,0,-673.52
0,0.00,0,-603.96
0,0.00,0,-593.00
0,0.00,0,-642.92
0,0.00,0,-676.56
0,0.00,0,-628.92
0,0.00,0,-586.91
0,0.00,0,-632.88
0,0.00,0,-672.91
0,0.00,0,-655.25
0,0.00,0,-592.24
0,0.00,0,-623.44
0,0.00,0,-669.25
0,0.00,0,-674.43
0,0.00,0,-602.13
0,0.00,0,-605.18
0,0.00,0,-653.73
0,0.00,0,-679.15
0,0.00,0,-617.20
0,0.00,0,-591.32
0,0.00,0,-636.23
0,0.00,0,-673.97
0,0.00,0,-636.23
0,0.00,0,-582.95
0,0.00,0,-623.74
0,0.00,0,-668.04
0,0.00,0,-662.71
0,0.00,0,-593.76
0,0.00,0,-614.16
0,0.00,0,-660.27
0,0.00,0,-679.60
0,0.00,0,-610.81
0,0.00,0,-602.44
0,0.00,0,-648.40
0,0.00,0,-682.19
0,0.00,0,-629.98
0,0.00,0,-590.26
0,0.00,0,-633.94
0,0.00,0,-672.60
0,0.00,0,-651.14
0,0.00,0,-584.78
0,0.00,0,-619.79
0,0.00,0,-663.17
0,0.00,0,-669.10
0,0.00,0,-596.50
0,0.00,0,-604.72
0,0.00,0,-654.64
0,0.00,0,-681.13
0,0.00,0,-618.42
0,0.00,0,-593.91
0,0.00,0,-641.70
0,0.00,0,-681.43
0,0.00,0,-642.62
0,0.00,0,-587.52
0,0.00,0,-626.79
0,0.00,0,-669.10
0,0.00,0,-662.56
0,0.00,0,-589.80
0,0.00,0,-611.87
0,0.00,0,-657.23
0,0.00,0,-676.10
0,0.00,0,-604.72
0,0.00,0,-598.78
0,0.00,0,-647.95
0,0.00,0,-680.97
0,0.00,0,-629.83
0,0.00,0,-589.65
0,0.00,0,-635.46
0,0.00,0,-675.34
0,0.00,0,-652.05
0,0.00,0,-587.98
0,0.00,0,-619.94
0,0.00,0,-664.23
0,0.00,0,-667.43
0,0.00,0,-593.76
0,0.00,0,-602.44
0,0.00,0,-652.36
0,0.00,0,-678.39
0,0.00,0,-615.53
0,0.00,0,-594.37
0,0.00,0,-642.47
0,0.00,0,-680.52
0,0.00,0,-642.01
0,0.00,0,-590.72
0,0.00,0,-631.20
0,0.00,0,-674.28
0,0.00,0,-664.38
0,0.00,0,-593.46
0,0.00,0,-616.59
0,0.00,0,-662.25
0,0.00,0,-676.41
0,0.00,0,-604.87
0,0.00,0,-599.39
0,0.00,0,-647.79
0,0.00,0,-678.54
0,0.00,0,-622.98
0,0.00,0,-586.30
0,0.00,0,-636.23
0,0.00,0,-676.71
0,0.00,0,-649.16
0,0.00,0,-589.19
0,0.00,0,-622.53
0,0.00,0,-669.10
0,0.00,0,-669.86
0,0.00,0,-596.19
0,0.00,0,-608.98
0,0.00,0,-657.53
0,0.00,0,-681.74
0,0.00,0,-615.37
0,0.00,0,-595.13
0,0.00,0,-642.16
0,0.00,0,-679.30
0,0.00,0,-634.70
0,0.00,0,-584.17
0,0.00,0,-626.94
0,0.00,0,-670.78
0,0.00,0,-659.82
0,0.00,0,-590.72
0,0.00,0,-616.44
0,0.00,0,-663.62
0,0.00,0,-676.56
0,0.00,0,-604.11
0,0.00,0,-602.89
0,0.00,0,-651.75
0,0.00,0,-682.95
0,0.00,0,-629.38
0,0.00,0,-593.61
0,0.00,0,-638.05
0,0.00,0,-675.95
0,0.00,0,-646.27
0,0.00,0,-586.76
0,0.00,0,-622.22
0,0.00,0,-664.69
0,0.00,0,-665.91
0,0.00,0,-593.46
0,0.00,0,-608.52
0,0.00,0,-655.56
0,0.00,0,-678.84
0,0.00,0,-614.31
0,0.00,0,-596.50
0,0.00,0,-644.14
0,0.00,0,-680.82
0,0.00,0,-636.53
0,0.00,0,-588.74
0,0.00,0,-631.66
0,0.00,0,-674.43
0,0.00,0,-661.49
0,0.00,0,-589.95
0,0.00,0,-614.16
0,0.00,0,-660.73
0,0.00,0,-674.58
0,0.00,0,-600.76
0,0.00,0,-600.61
0,0.00,0,-649.77
0,0.00,0,-681.89
0,0.00,0,-623.44
0,0.00,0,-589.65
0,0.00,0,-635.62
0,0.00,0,-675.95
0,0.00,0,-647.34
0,0.00,0,-584.93
0,0.00,0,-623.44
0,0.00,0,-666.82
0,0.00,0,-666.82
0,0.00,0,-591.63
0,0.00,0,-610.20
0,0.00,0,-659.51
0,0.00,0,-679.30
0,0.00,0,-609.89
0,0.00,0,-591.78
0,0.00,0,-645.05
0,0.00,0,-678.84
0,0.00,0,-632.57
0,0.00,0,-585.84
0,0.00,0,-632.27
0,0.00,0,-675.34
0,0.00,0,-656.62
0,0.00,0,-586.30
0,0.00,0,-613.70
0,0.00,0,-663.47
0,0.00,0,-673.52
0,0.00,0,-600.30
0,0.00,0,-600.76
0,0.00,0,-651.60
0,0.00,0,-681.28
0,0.00,0,-620.85
0,0.00,0,-591.63
0,0.00,0,-639.27
0,0.00,0,-679.45
0,0.00,0,-645.05
0,0.00,0,-588.58
0,0.00,0,-625.72
0,0.00,0,-671.84
0,0.00,0,-668.49
0,0.00,0,-597.72
0,0.00,0,-613.85
