0,0.00,0,-714.76
0,0.00,0,-714.61
0,0.00,0,-715.83
0,0.00,0,-716.74
0,0.00,0,-718.11
0,0.00,0,-718.26
0,0.00,0,-718.26
0,0.00,0,-717.05
0,0.00,0,-715.68
0,0.00,0,-715.22
0,0.00,0,-715.07
0,0.00,0,-716.89
0,0.00,0,-716.89
0,0.00,0,-718.42
0,0.00,0,-717.35
0,0.00,0,-717.66
0,0.00,0,-715.37
0,0.00,0,-714.76
0,0.00,0,-713.85
0,0.00,0,-714.61
0,0.00,0,-716.89
0,0.00,0,-717.66
0,0.00,0,-719.33
0,0.00,0,-717.96
0,0.00,0,-717.96
0,0.00,0,-715.53
0,0.00,0,-715.83
0,0.00,0,-715.07
0,0.00,0,-717.05
0,0.00,0,-716.89
0,0.00,0,-718.11
0,0.00,0,-717.81
0,0.00,0,-717.05
0,0.00,0,-716.29
0,0.00,0,-714.31
0,0.00,0,-714.92
0,0.00,0,-715.07
0,0.00,0,-717.50
0,0.00,0,-718.11
0,0.00,0,-719.79
0,0.00,0,-718.72
0,0.00,0,-717.96
0,0.00,0,-716.13
0,0.00,0,-716.29
0,0.00,0,-715.98
0,0.00,0,-717.35
0,0.00,0,-717.66
0,0.00,0,-718.57
0,0.00,0,-717.81
0,0.00,0,-717.50
0,0.00,0,-715.83
0,0.00,0,-715.37
0,0.00,0,-716.29
0,0.00,0,-717.05
0,0.00,0,-719.18
0,0.00,0,-718.87
0,0.00,0,-720.24
0,0.00,0,-718.42
0,0.00,0,-717.81
0,0.00,0,-716.29
0,0.00,0,-716.29
0,0.00,0,-717.20
0,0.00,0,-718.11
0,0.00,0,-718.72
0,0.00,0,-718.72
0,0.00,0,-717.96
0,0.00,0,-716.74
0,0.00,0,-715.98
0,0.00,0,-715.22
0,0.00,0,-716.59
0,0.00,0,-718.11
0,0.00,0,-718.72
0,0.00,0,-719.48
0,0.00,0,-718.42
0,0.00,0,-717.96
0,0.00,0,-715.37
0,0.00,0,-715.07
0,0.00,0,-714.00
0,0.00,0,-715.83
0,0.00,0,-716.44
0,0.00,0,-717.81
0,0.00,0,-718.57
0,0.00,0,-717.50
0,0.00,0,-718.11
0,0.00,0,-714.76
0,0.00,0,-715.83
0,0.00,0,-713.85
0,0.00,0,-717.05
0,0.00,0,-716.89
0,0.00,0,-719.18
0,0.00,0,-718.11
0,0.00,0,-717.66
0,0.00,0,-715.68
0,0.00,0,-714.00
0,0.00,0,-714.46
0,0.00,0,-714.00
0,0.00,0,-717.35
0,0.00,0,-717.05
0,0.00,0,-719.79
0,0.00,0,-717.96
0,0.00,0,-717.96
0,0.00,0,-715.22
0,0.00,0,-714.76
0,0.00,0,-714.76
0,0.00,0,-715.98
0,0.00,0,-717.05
0,0.00,0,-717.96
0,0.00,0,-718.57
0,0.00,0,-717.35
0,0.00,0,-715.98
0,0.00,0,-714.31
0,0.00,0,-714.46
0,0.00,0,-715.68
0,0.00,0,-716.74
0,0.00,0,-718.11
0,0.00,0,-719.18
0,0.00,0,-718.87
0,0.00,0,-717.66
0,0.00,0,-715.83
0,0.00,0,-715.53
0,0.00,0,-715.98
0,0.00,0,-716.89
0,0.00,0,-717.81
0,0.00,0,-718.26
0,0.00,0,-717.81
0,0.00,0,-717.50
0,0.00,0,-715.37
0,0.00,0,-715.22
0,0.00,0,-715.07
0,0.00,0,-716.74
0,0.00,0,-717.50
0,0.00,0,-718.87
0,0.00,0,-718.57
0,0.00,0,-717.96
0,0.00,0,-716.89
0,0.00,0,-715.83
0,0.00,0,-716.59
0,0.00,0,-716.74
0,0.00,0,-717.96
0,0.00,0,-718.11
0,0.00,0,-718.57
0,0.00,0,-717.66
0,0.00,0,-717.05
0,0.00,0,-715.07
0,0.00,0,-715.68
0,0.00,0,-715.53
0,0.00,0,-717.66
0,0.00,0,-718.11
0,0.00,0,-718.87
0,0.00,0,-718.57
0,0.00,0,-717.50
0,0.00,0,-716.13
0,0.00,0,-715.07
0,0.00,0,-715.22
0,0.00,0,-716.44
0,0.00,0,-717.35
0,0.00,0,-717.66
0,0.00,0,-718.11
0,0.00,0,-716.89
0,0.00,0,-716.74
0,0.00,0,-714.76
0,0.00,0,-714.92
0,0.00,0,-715.07
0,0.00,0,-717.05
0,0.00,0,-717.96
0,0.00,0,-718.87
0,0.00,0,-718.42
0,0.00,0,-717.35
0,0.00,0,-715.83
0,0.00,0,-714.61
0,0.00,0,-714.46
0,0.00,0,-716.13
0,0.00,0,-716.89
0,0.00,0,-718.26
0,0.00,0,-717.96
0,0.00,0,-717.81
0,0.00,0,-716.74
0,0.00,0,-714.92
0,0.00,0,-715.07
0,0.00,0,-715.22
0,0.00,0,-717.35
0,0.00,0,-717.96
0,0.00,0,-719.48
0,0.00,0,-718.57
0,0.00,0,-717.96
0,0.00,0,-715.37
0,0.00,0,-715.07
0,0.00,0,-715.22
0,0.00,0,-716.74
0,0.00,0,-717.66
0,0.00,0,-718.72
0,0.00,0,-718.72
0,0.00,0,-718.42
0,0.00,0,-717.05
0,0.00,0,-715.98
0,0.00,0,-715.53
0,0.00,0,-716.44
0,0.00,0,-717.05
0,0.00,0,-717.66
0,0.00,0,-718.72
0,0.00,0,-717.66
0,0.00,0,-717.50
0,0.00,0,-714.46
0,0.00,0,-715.68
0,0.00,0,-714.76
0,0.00,0,-717.81
0,0.00,0,-717.66
0,0.00,0,-719.63
0,0.00,0,-718.87
0,0.00,0,-717.96
0,0.00,0,-717.20
0,0.00,0,-715.22
0,0.00,0,-716.29
0,0.00,0,-715.83
0,0.00,0,-718.11
0,0.00,0,-717.81
0,0.00,0,-719.03
0,0.00,0,-716.89
0,0.00,0,-716.13
0,0.00,0,-714.16
0,0.00,0,-714.76
0,0.00,0,-715.83
0,0.00,0,-717.05
0,0.00,0,-718.26
0,0.00,0,-719.33
0,0.00,0,-719.18
0,0.00,0,-717.96
0,0.00,0,-715.53
0,0.00,0,-715.22
0,0.00,0,-715.07
0,0.00,0,-715.98
0,0.00,0,-716.74
0,0.00,0,-717.50
0,0.00,0,-718.11
0,0.00,0,-717.50
0,0.00,0,-716.13
0,0.00,0,-714.31
0,0.00,0,-714.46
0,0.00,0,-714.92
0,0.00,0,-716.59
0,0.00,0,-717.81
0,0.00,0,-719.18
0,0.00,0,-719.79
0,0.00,0,-717.96
0,0.00,0,-717.05
0,0.00,0,-714.92
0,0.00,0,-715.37
0,0.00,0,-716.29
0,0.00,0,-717.20
0,0.00,0,-718.42
0,0.00,0,-717.50
0,0.00,0,-718.26
0,0.00,0,-715.98
0,0.00,0,-715.68
0,0.00,0,-714.00
0,0.00,0,-716.44
0,0.00,0,-717.05
0,0.00,0,-719.33
0,0.00,0,-719.18
0,0.00,0,-719.03
0,0.00,0,-718.57
0,0.00,0,-715.98
0,0.00,0,-716.29
0,0.00,0,-714.76
0,0.00,0,-717.50
0,0.00,0,-716.44
0,0.00,0,-719.18
0,0.00,0,-716.59
0,0.00,0,-718.42
0,0.00,0,-715.68
0,0.00,0,-716.44
0,0.00,0,-716.13
0,0.00,0,-716.74
0,0.00,0,-719.03
0,0.00,0,-718.26
0,0.00,0,-720.85
0,0.00,0,-717.81
0,0.00,0,-718.26
0,0.00,0,-714.76
0,0.00,0,-715.68
0,0.00,0,-715.22
0,0.00,0,-717.05
0,0.00,0,-716.89
0,0.00,0,-717.81
0,0.00,0,-717.81
0,0.00,0,-717.35
0,0.00,0,-715.83
0,0.00,0,-714.92
0,0.00,0,-715.83
0,0.00,0,-716.89
0,0.00,0,-718.57
0,0.00,0,-718.57
0,0.00,0,-719.33
0,0.00,0,-717.96
0,0.00,0,-716.74
0,0.00,0,-714.61
0,0.00,0,-714.46
0,0.00,0,-715.37
0,0.00,0,-716.13
0,0.00,0,-716.74
0,0.00,0,-717.20
0,0.00,0,-717.35
0,0.00,0,-717.20
0,0.00,0,-715.68
0,0.00,0,-715.53
0,0.00,0,-715.68
0,0.00,0,-717.35
0,0.00,0,-718.11
0,0.00,0,-718.87
0,0.00,0,-718.42
0,0.00,0,-718.11
0,0.00,0,-716.13
0,0.00,0,-715.07
0,0.00,0,-714.31
0,0.00,0,-715.07
0,0.00,0,-716.29
0,0.00,0,-716.74
0,0.00,0,-718.11
0,0.00,0,-717.20
0,0.00,0,-717.35
0,0.00,0,-715.53
0,0.00,0,-716.29
0,0.00,0,-716.29
0,0.00,0,-718.11
0,0.00,0,-718.42
0,0.00,0,-719.94
0,0.00,0,-718.87
0,0.00,0,-718.11
0,0.00,0,-715.53
0,0.00,0,-714.76
0,0.00,0,-714.76
0,0.00,0,-715.68
0,0.00,0,-717.05
0,0.00,0,-718.11
0,0.00,0,-719.33
0,0.00,0,-718.42
0,0.00,0,-717.35
0,0.00,0,-715.37
0,0.00,0,-715.98
0,0.00,0,-716.59
0,0.00,0,-718.57
0,0.00,0,-718.57
0,0.00,0,-719.63
0,0.00,0,-718.57
0,0.00,0,-717.50
0,0.00,0,-715.22
0,0.00,0,-714.61
0,0.00,0,-714.00
0,0.00,0,-716.44
0,0.00,0,-717.05
0,0.00,0,-718.87
0,0.00,0,-718.26
0,0.00,0,-718.57
0,0.00,0,-717.81
0,0.00,0,-716.59
0,0.00,0,-716.59
0,0.00,0,-716.44
0,0.00,0,-718.11
0,0.00,0,-717.81
0,0.00,0,-719.03
0,0.00,0,-717.50
0,0.00,0,-717.20
0,0.00,0,-714.46
0,0.00,0,-714.76
0,0.00,0,-714.16
0,0.00,0,-716.13
0,0.00,0,-716.89
0,0.00,0,-718.72
0,0.00,0,-719.18
0,0.00,0,-718.57
0,0.00,0,-717.50
0,0.00,0,-716.13
0,0.00,0,-716.13
0,0.00,0,-715.98
0,0.00,0,-717.81
0,0.00,0,-717.50
0,0.00,0,-719.18
0,0.00,0,-716.89
0,0.00,0,-716.89
0,0.00,0,-714.46
0,0.00,0,-714.92
0,0.00,0,-715.37
0,0.00,0,-716.29
0,0.00,0,-718.26
0,0.00,0,-718.57
0,0.00,0,-719.48
0,0.00,0,-717.50
0,0.00,0,-717.20
0,0.00,0,-715.37
0,0.00,0,-716.59
0,0.00,0,-716.29
0,0.00,0,-717.81
0,0.00,0,-717.50
0,0.00,0,-718.26
0,0.00,0,-717.66
0,0.00,0,-716.59
0,0.00,0,-715.53
0,0.00,0,-714.46
0,0.00,0,-716.44
0,0.00,0,-716.74
0,0.00,0,-719.48
0,0.00,0,-718.57
0,0.00,0,-719.63
0,0.00,0,-717.81
0,0.00,0,-716.44
0,0.00,0,-715.53
0,0.00,0,-714.92
0,0.00,0,-716.74
0,0.00,0,-716.74
0,0.00,0,-718.72
0,0.00,0,-717.05
0,0.00,0,-718.42
0,0.00,0,-715.83
0,0.00,0,-716.59
0,0.00,0,-714.92
0,0.00,0,-716.74
0,0.00,0,-717.66
0,0.00,0,-718.57
0,0.00,0,-719.63
0,0.00,0,-717.96
0,0.00,0,-717.96
0,0.00,0,-714.92
0,0.00,0,-715.53
0,0.00,0,-714.16
0,0.00,0,-716.74
0,0.00,0,-715.83
0,0.00,0,-718.26
0,0.00,0,-717.35
0,0.00,0,-717.35
0,0.00,0,-715.98
0,0.00,0,-714.92
0,0.00,0,-715.98
0,0.00,0,-716.13
0,0.00,0,-718.26
0,0.00,0,-718.42
0,0.00,0,-719.79
0,0.00,0,-717.81
0,0.00,0,-717.35
0,0.00,0,-714.46
0,0.00,0,-714.61
0,0.00,0,-714.46
0,0.00,0,-716.29
0,0.00,0,-716.89
0,0.00,0,-718.42
0,0.00,0,-718.11
0,0.00,0,-718.11
0,0.00,0,-716.44
0,0.00,0,-714.92
0,0.00,0,-716.13
0,0.00,0,-716.29
0,0.00,0,-719.03
0,0.00,0,-718.72
0,0.00,0,-720.09
0,0.00,0,-718.42
0,0.00,0,-717.20
0,0.00,0,-715.22
0,0.00,0,-714.16
0,0.00,0,-715.22
0,0.00,0,-716.13
0,0.00,0,-717.81
0,0.00,0,-717.81
0,0.00,0,-718.57
0,0.00,0,-717.50
0,0.00,0,-716.44
0,0.00,0,-715.22
0,0.00,0,-715.68
0,0.00,0,-717.20
0,0.00,0,-717.50
0,0.00,0,-719.18
0,0.00,0,-717.81
0,0.00,0,-718.26
0,0.00,0,-715.07
0,0.00,0,-715.22
0,0.00,0,-714.16
0,0.00,0,-716.13
0,0.00,0,-716.74
0,0.00,0,-717.50
0,0.00,0,-718.42
0,0.00,0,-717.20
0,0.00,0,-717.96
0,0.00,0,-715.37
0,0.00,0,-716.44
0,0.00,0,-715.37
0,0.00,0,-717.50
0,0.00,0,-717.20
0,0.00,0,-719.03
0,0.00,0,-717.35
0,0.00,0,-717.50
0,0.00,0,-714.61
0,0.00,0,-714.46
0,0.00,0,-714.46
0,0.00,0,-715.68
0,0.00,0,-717.81
0,0.00,0,-717.96
0,0.00,0,-720.24
0,0.00,0,-717.66
0,0.00,0,-718.42
0,0.00,0,-715.22
0,0.00,0,-716.59
0,0.00,0,-716.13
