0,0.00,0,-642.77
0,0.00,0,-589.65
0,0.00,0,-628.01
0,0.00,0,-671.99
0,0.00,0,-663.93
0,0.00,0,-591.32
0,0.00,0,-613.39
0,0.00,0,-659.06
0,0.00,0,-678.23
0,0.00,0,-606.09
0,0.00,0,-599.70
0,0.00,0,-646.27
0,0.00,0,-680.52
0,0.00,0,-625.42
0,0.00,0,-589.04
0,0.00,0,-635.31
0,0.00,0,-675.34
0,0.00,0,-650.84
0,0.00,0,-585.24
0,0.00,0,-619.33
0,0.00,0,-664.99
0,0.00,0,-668.04
0,0.00,0,-593.76
0,0.00,0,-607.61
0,0.00,0,-656.62
0,0.00,0,-681.58
0,0.00,0,-613.39
0,0.00,0,-593.61
0,0.00,0,-642.47
0,0.00,0,-680.37
0,0.00,0,-637.75
0,0.00,0,-587.67
0,0.00,0,-628.92
0,0.00,0,-670.93
0,0.00,0,-658.14
0,0.00,0,-586.45
0,0.00,0,-615.53
0,0.00,0,-659.82
0,0.00,0,-672.60
0,0.00,0,-598.48
0,0.00,0,-598.63
0,0.00,0,-648.86
0,0.00,0,-678.23
0,0.00,0,-621.31
0,0.00,0,-588.58
0,0.00,0,-640.79
0,0.00,0,-680.06
0,0.00,0,-647.79
0,0.00,0,-585.84
0,0.00,0,-623.59
0,0.00,0,-671.23
0,0.00,0,-669.71
0,0.00,0,-595.59
0,0.00,0,-608.37
0,0.00,0,-659.21
0,0.00,0,-677.93
0,0.00,0,-607.46
0,0.00,0,-590.87
0,0.00,0,-641.86
0,0.00,0,-679.15
0,0.00,0,-630.75
0,0.00,0,-584.47
0,0.00,0,-628.61
0,0.00,0,-675.80
0,0.00,0,-655.40
0,0.00,0,-589.95
0,0.00,0,-617.35
0,0.00,0,-666.51
0,0.00,0,-675.80
0,0.00,0,-601.37
0,0.00,0,-605.33
0,0.00,0,-653.73
0,0.00,0,-683.56
0,0.00,0,-619.03
0,0.00,0,-593.61
0,0.00,0,-637.29
0,0.00,0,-679.60
0,0.00,0,-639.57
0,0.00,0,-586.15
0,0.00,0,-624.35
0,0.00,0,-669.41
0,0.00,0,-665.91
0,0.00,0,-593.61
0,0.00,0,-613.85
0,0.00,0,-659.21
0,0.00,0,-679.76
0,0.00,0,-605.02
0,0.00,0,-601.52
0,0.00,0,-646.42
0,0.00,0,-684.02
0,0.00,0,-630.29
0,0.00,0,-588.58
0,0.00,0,-632.72
0,0.00,0,-672.75
0,0.00,0,-649.16
0,0.00,0,-581.89
0,0.00,0,-617.96
0,0.00,0,-661.19
0,0.00,0,-668.49
0,0.00,0,-592.69
0,0.00,0,-603.81
0,0.00,0,-655.71
0,0.00,0,-681.43
0,0.00,0,-620.70
0,0.00,0,-598.33
0,0.00,0,-647.95
0,0.00,0,-685.08
0,0.00,0,-641.25
0,0.00,0,-589.19
0,0.00,0,-631.66
0,0.00,0,-673.97
0,0.00,0,-661.49
0,0.00,0,-589.35
0,0.00,0,-609.89
0,0.00,0,-657.23
0,0.00,0,-669.10
0,0.00,0,-596.19
0,0.00,0,-595.28
0,0.00,0,-647.49
0,0.00,0,-680.37
0,0.00,0,-624.96
0,0.00,0,-589.35
0,0.00,0,-637.14
0,0.00,0,-680.37
0,0.00,0,-649.77
0,0.00,0,-589.35
0,0.00,0,-622.98
0,0.00,0,-670.02
0,0.00,0,-668.80
0,0.00,0,-593.00
0,0.00,0,-606.85
0,0.00,0,-656.47
0,0.00,0,-677.02
0,0.00,0,-608.68
0,0.00,0,-591.63
0,0.00,0,-641.40
0,0.00,0,-679.60
0,0.00,0,-633.49
0,0.00,0,-586.61
0,0.00,0,-632.12
0,0.00,0,-677.63
0,0.00,0,-660.12
0,0.00,0,-592.09
0,0.00,0,-617.20
0,0.00,0,-666.21
0,0.00,0,-676.56
0,0.00,0,-601.67
0,0.00,0,-603.96
0,0.00,0,-650.99
0,0.00,0,-683.26
0,0.00,0,-620.24
0,0.00,0,-590.87
0,0.00,0,-634.55
0,0.00,0,-675.65
0,0.00,0,-641.40
0,0.00,0,-585.24
0,0.00,0,-625.72
0,0.00,0,-669.71
0,0.00,0,-666.67
0,0.00,0,-594.67
0,0.00,0,-614.61
0,0.00,0,-659.21
0,0.00,0,-679.00
0,0.00,0,-607.00
0,0.00,0,-599.85
0,0.00,0,-645.21
0,0.00,0,-680.21
0,0.00,0,-627.85
0,0.00,0,-585.84
0,0.00,0,-632.57
0,0.00,0,-672.30
0,0.00,0,-651.29
0,0.00,0,-581.89
0,0.00,0,-615.98
0,0.00,0,-663.93
0,0.00,0,-673.36
0,0.00,0,-600.00
0,0.00,0,-607.31
0,0.00,0,-656.93
0,0.00,0,-685.69
0,0.00,0,-621.77
0,0.00,0,-592.85
0,0.00,0,-640.33
0,0.00,0,-679.15
0,0.00,0,-640.49
0,0.00,0,-583.10
0,0.00,0,-623.14
0,0.00,0,-666.36
0,0.00,0,-657.99
0,0.00,0,-585.24
0,0.00,0,-607.91
0,0.00,0,-658.60
0,0.00,0,-673.97
0,0.00,0,-603.35
0,0.00,0,-597.41
0,0.00,0,-650.23
0,0.00,0,-684.47
0,0.00,0,-629.83
0,0.00,0,-592.85
0,0.00,0,-638.66
0,0.00,0,-679.30
0,0.00,0,-650.53
0,0.00,0,-585.24
0,0.00,0,-619.03
0,0.00,0,-664.38
0,0.00,0,-664.38
0,0.00,0,-589.35
0,0.00,0,-604.11
0,0.00,0,-654.49
0,0.00,0,-677.17
0,0.00,0,-607.91
0,0.00,0,-591.48
0,0.00,0,-645.66
0,0.00,0,-680.97
0,0.00,0,-635.01
0,0.00,0,-588.43
0,0.00,0,-635.01
0,0.00,0,-679.00
0,0.00,0,-659.51
0,0.00,0,-590.56
0,0.00,0,-616.44
0,0.00,0,-665.45
0,0.00,0,-672.45
0,0.00,0,-600.00
0,0.00,0,-598.48
0,0.00,0,-650.68
0,0.00,0,-677.93
0,0.00,0,-618.11
0,0.00,0,-587.06
0,0.00,0,-634.09
0,0.00,0,-675.49
0,0.00,0,-645.36
0,0.00,0,-587.82
0,0.00,0,-619.33
0,0.00,0,-669.10
0,0.00,0,-669.41
0,0.00,0,-601.22
0,0.00,0,-612.48
0,0.00,0,-658.14
0,0.00,0,-683.26
0,0.00,0,-617.35
0,0.00,0,-601.07
0,0.00,0,-640.64
0,0.00,0,-679.45
0,0.00,0,-633.49
0,0.00,0,-592.54
0,0.00,0,-628.46
0,0.00,0,-670.17
0,0.00,0,-652.21
0,0.00,0,-588.58
0,0.00,0,-614.61
0,0.00,0,-657.38
0,0.00,0,-668.80
0,0.00,0,-599.09
0,0.00,0,-605.78
0,0.00,0,-649.92
0,0.00,0,-680.82
0,0.00,0,-622.22
0,0.00,0,-597.72
0,0.00,0,-640.94
0,0.00,0,-679.76
0,0.00,0,-644.90
0,0.00,0,-590.72
0,0.00,0,-627.70
0,0.00,0,-668.95
0,0.00,0,-665.75
0,0.00,0,-592.85
0,0.00,0,-612.18
0,0.00,0,-654.64
0,0.00,0,-673.67
0,0.00,0,-601.98
0,0.00,0,-596.19
0,0.00,0,-644.14
0,0.00,0,-678.08
0,0.00,0,-629.98
0,0.00,0,-588.74
0,0.00,0,-635.31
0,0.00,0,-673.06
0,0.00,0,-651.60
0,0.00,0,-584.17
0,0.00,0,-621.16
0,0.00,0,-664.38
0,0.00,0,-670.62
0,0.00,0,-595.28
0,0.00,0,-603.35
0,0.00,0,-652.66
0,0.00,0,-676.41
0,0.00,0,-611.87
0,0.00,0,-588.58
0,0.00,0,-642.62
0,0.00,0,-677.78
0,0.00,0,-640.49
0,0.00,0,-584.47
0,0.00,0,-629.53
0,0.00,0,-673.82
0,0.00,0,-663.32
0,0.00,0,-590.41
0,0.00,0,-613.70
0,0.00,0,-664.54
0,0.00,0,-676.86
0,0.00,0,-607.76
0,0.00,0,-600.46
0,0.00,0,-650.38
0,0.00,0,-683.10
0,0.00,0,-624.96
0,0.00,0,-588.74
0,0.00,0,-632.72
0,0.00,0,-675.95
0,0.00,0,-648.40
0,0.00,0,-586.45
0,0.00,0,-622.68
0,0.00,0,-668.80
0,0.00,0,-670.32
0,0.00,0,-594.67
0,0.00,0,-608.52
0,0.00,0,-654.19
0,0.00,0,-682.34
0,0.00,0,-615.07
0,0.00,0,-596.50
0,0.00,0,-642.16
0,0.00,0,-680.97
0,0.00,0,-636.83
0,0.00,0,-587.52
0,0.00,0,-628.01
0,0.00,0,-670.93
0,0.00,0,-659.21
0,0.00,0,-588.58
0,0.00,0,-614.76
0,0.00,0,-660.27
0,0.00,0,-678.23
0,0.00,0,-606.54
0,0.00,0,-603.65
0,0.00,0,-650.08
0,0.00,0,-681.43
0,0.00,0,-623.90
0,0.00,0,-591.63
0,0.00,0,-637.29
0,0.00,0,-676.86
0,0.00,0,-648.86
0,0.00,0,-588.74
0,0.00,0,-623.59
0,0.00,0,-666.36
0,0.00,0,-666.06
0,0.00,0,-592.09
0,0.00,0,-607.91
0,0.00,0,-654.95
0,0.00,0,-677.32
0,0.00,0,-608.37
0,0.00,0,-594.52
0,0.00,0,-644.14
0,0.00,0,-679.00
0,0.00,0,-634.25
0,0.00,0,-586.00
0,0.00,0,-631.81
0,0.00,0,-673.06
0,0.00,0,-656.01
0,0.00,0,-585.24
0,0.00,0,-616.74
0,0.00,0,-663.17
0,0.00,0,-672.60
0,0.00,0,-598.33
0,0.00,0,-599.24
0,0.00,0,-649.77
0,0.00,0,-676.56
0,0.00,0,-614.16
0,0.00,0,-585.84
0,0.00,0,-640.49
0,0.00,0,-677.47
0,0.00,0,-645.51
0,0.00,0,-587.37
0,0.00,0,-628.16
0,0.00,0,-673.97
0,0.00,0,-668.04
0,0.00,0,-593.61
0,0.00,0,-612.94
0,0.00,0,-663.77
0,0.00,0,-682.04
0,0.00,0,-611.87
0,0.00,0,-597.72
0,0.00,0,-647.03
0,0.00,0,-680.06
0,0.00,0,-627.09
0,0.00,0,-583.26
0,0.00,0,-630.75
0,0.00,0,-672.30
0,0.00,0,-652.51
0,0.00,0,-585.84
0,0.00,0,-616.59
0,0.00,0,-666.51
0,0.00,0,-671.99
0,0.00,0,-600.76
0,0.00,0,-604.57
0,0.00,0,-654.79
0,0.00,0,-684.17
0,0.00,0,-620.24
0,0.00,0,-597.72
0,0.00,0,-643.53
0,0.00,0,-683.10
0,0.00,0,-643.53
0,0.00,0,-586.61
0,0.00,0,-625.72
0,0.00,0,-667.12
0,0.00,0,-661.19
0,0.00,0,-586.00
0,0.00,0,-611.72
0,0.00,0,-657.53
0,0.00,0,-676.86
0,0.00,0,-606.54
0,0.00,0,-598.63
0,0.00,0,-649.47
0,0.00,0,-681.28
0,0.00,0,-632.12
0,0.00,0,-589.35
0,0.00,0,-636.83
0,0.00,0,-676.86
0,0.00,0,-654.49
0,0.00,0,-586.30
0,0.00,0,-617.96
0,0.00,0,-664.08
0,0.00,0,-668.95
0,0.00,0,-593.46
0,0.00,0,-601.22
0,0.00,0,-651.45
0,0.00,0,-678.23
0,0.00,0,-615.98
0,0.00,0,-592.09
0,0.00,0,-644.29
0,0.00,0,-681.89
0,0.00,0,-643.07
0,0.00,0,-589.35
0,0.00,0,-629.53
0,0.00,0,-674.73
0,0.00,0,-663.17
0,0.00,0,-591.63
0,0.00,0,-614.76
0,0.00,0,-662.56
0,0.00,0,-676.71
0,0.00,0,-604.41
0,0.00,0,-598.63
0,0.00,0,-647.18
0,0.00,0,-680.06
0,0.00,0,-622.53
0,0.00,0,-588.89
0,0.00,0,-636.38
0,0.00,0,-677.63
0,0.00,0,-649.77
0,0.00,0,-586.76
0,0.00,0,-623.14
0,0.00,0,-668.49
0,0.00,0,-669.10
0,0.00,0,-593.61
0,0.00,0,-608.98
0,0.00,0,-655.40
0,0.00,0,-680.37
0,0.00,0,-610.96
0,0.00,0,-593.15
0,0.00,0,-644.60
0,0.00,0,-680.21
0,0.00,0,-635.62
0,0.00,0,-585.69
0,0.00,0,-630.44
0,0.00,0,-673.67
0,0.00,0,-661.03
0,0.00,0,-589.95
0,0.00,0,-616.29
0,0.00,0,-664.08
0,0.00,0,-675.95
0,0.00,0,-601.67
0,0.00,0,-600.46
0,0.00,0,-649.47
0,0.00,0,-681.43
0,0.00,0,-622.37
0,0.00,0,-590.41
0,0.00,0,-636.23
0,0.00,0,-677.02
0,0.00,0,-646.42
0,0.00,0,-587.82
0,0.00,0,-624.81
0,0.00,0,-669.41
0,0.00,0,-668.34
0,0.00,0,-594.52
0,0.00,0,-612.63
0,0.00,0,-658.30
0,0.00,0,-679.45
0,0.00,0,-610.96
0,0.00,0,-595.28
0,0.00,0,-643.68
0,0.00,0,-676.71
0,0.00,0,-629.53
0,0.00,0,-586.15
0,0.00,0,-631.51
0,0.00,0,-673.06
0,0.00,0,-656.93
0,0.00,0,-587.82
0,0.00,0,-617.35
0,0.00,0,-664.08
0,0.00,0,-673.36
0,0.00,0,-599.24
0,0.00,0,-604.72
0,0.00,0,-652.36
