0,0.00,0,-695.28
0,0.00,0,-697.56
0,0.00,0,-697.26
0,0.00,0,-695.89
0,0.00,0,-692.24
0,0.00,0,-691.48
0,0.00,0,-691.93
0,0.00,0,-694.82
0,0.00,0,-695.89
0,0.00,0,-695.74
0,0.00,0,-692.69
0,0.00,0,-691.32
0,0.00,0,-692.39
0,0.00,0,-696.19
0,0.00,0,-698.63
0,0.00,0,-698.48
0,0.00,0,-696.04
0,0.00,0,-692.85
0,0.00,0,-693.00
0,0.00,0,-694.82
0,0.00,0,-696.80
0,0.00,0,-696.04
0,0.00,0,-694.52
0,0.00,0,-691.17
0,0.00,0,-690.87
0,0.00,0,-691.78
0,0.00,0,-695.43
0,0.00,0,-696.65
0,0.00,0,-696.35
0,0.00,0,-693.46
0,0.00,0,-692.39
0,0.00,0,-693.00
0,0.00,0,-695.59
0,0.00,0,-696.65
0,0.00,0,-696.65
0,0.00,0,-694.82
0,0.00,0,-692.54
0,0.00,0,-692.39
0,0.00,0,-693.30
0,0.00,0,-695.43
0,0.00,0,-695.28
0,0.00,0,-694.06
0,0.00,0,-691.63
0,0.00,0,-691.63
0,0.00,0,-693.00
0,0.00,0,-695.74
0,0.00,0,-696.96
0,0.00,0,-696.04
0,0.00,0,-693.61
0,0.00,0,-692.09
0,0.00,0,-692.69
0,0.00,0,-695.28
0,0.00,0,-696.35
0,0.00,0,-696.04
0,0.00,0,-693.15
0,0.00,0,-691.32
0,0.00,0,-691.32
0,0.00,0,-693.61
0,0.00,0,-695.28
0,0.00,0,-696.04
0,0.00,0,-694.52
0,0.00,0,-692.09
0,0.00,0,-691.93
0,0.00,0,-693.46
0,0.00,0,-696.35
0,0.00,0,-696.80
0,0.00,0,-695.89
0,0.00,0,-692.69
0,0.00,0,-691.02
0,0.00,0,-690.87
0,0.00,0,-693.46
0,0.00,0,-694.98
0,0.00,0,-695.13
0,0.00,0,-693.00
0,0.00,0,-691.02
0,0.00,0,-691.32
0,0.00,0,-693.30
0,0.00,0,-696.19
0,0.00,0,-696.80
0,0.00,0,-695.28
0,0.00,0,-693.15
0,0.00,0,-692.69
0,0.00,0,-693.61
0,0.00,0,-695.43
0,0.00,0,-696.04
0,0.00,0,-695.28
0,0.00,0,-692.39
0,0.00,0,-690.87
0,0.00,0,-691.63
0,0.00,0,-694.22
0,0.00,0,-695.89
0,0.00,0,-695.59
0,0.00,0,-693.46
0,0.00,0,-692.09
0,0.00,0,-692.85
0,0.00,0,-694.37
0,0.00,0,-696.35
0,0.00,0,-696.19
0,0.00,0,-693.61
0,0.00,0,-690.87
0,0.00,0,-690.56
0,0.00,0,-692.69
0,0.00,0,-694.98
0,0.00,0,-695.28
0,0.00,0,-693.91
0,0.00,0,-691.78
0,0.00,0,-691.48
0,0.00,0,-693.00
0,0.00,0,-695.43
0,0.00,0,-696.50
0,0.00,0,-695.74
0,0.00,0,-692.85
0,0.00,0,-690.56
0,0.00,0,-690.72
0,0.00,0,-693.15
0,0.00,0,-694.22
0,0.00,0,-694.37
0,0.00,0,-691.93
0,0.00,0,-691.02
0,0.00,0,-691.17
0,0.00,0,-694.67
0,0.00,0,-696.35
0,0.00,0,-697.72
0,0.00,0,-695.89
0,0.00,0,-693.46
0,0.00,0,-692.39
0,0.00,0,-693.30
0,0.00,0,-695.43
0,0.00,0,-695.74
0,0.00,0,-694.52
0,0.00,0,-691.63
0,0.00,0,-690.41
0,0.00,0,-690.56
0,0.00,0,-693.91
0,0.00,0,-696.04
0,0.00,0,-697.56
0,0.00,0,-694.67
0,0.00,0,-692.85
0,0.00,0,-691.93
0,0.00,0,-694.67
0,0.00,0,-695.89
0,0.00,0,-696.19
0,0.00,0,-694.37
0,0.00,0,-691.93
0,0.00,0,-690.87
0,0.00,0,-691.78
0,0.00,0,-694.37
0,0.00,0,-695.89
0,0.00,0,-695.74
0,0.00,0,-693.30
0,0.00,0,-692.39
0,0.00,0,-693.00
0,0.00,0,-695.74
0,0.00,0,-696.50
0,0.00,0,-696.65
0,0.00,0,-693.91
0,0.00,0,-692.09
0,0.00,0,-690.87
0,0.00,0,-693.15
0,0.00,0,-694.22
0,0.00,0,-695.74
0,0.00,0,-694.06
0,0.00,0,-692.39
0,0.00,0,-692.39
0,0.00,0,-693.91
0,0.00,0,-696.50
0,0.00,0,-696.96
0,0.00,0,-696.35
0,0.00,0,-692.85
0,0.00,0,-691.17
0,0.00,0,-691.32
0,0.00,0,-694.06
0,0.00,0,-695.28
0,0.00,0,-694.82
0,0.00,0,-692.69
0,0.00,0,-690.87
0,0.00,0,-691.78
0,0.00,0,-694.22
0,0.00,0,-697.26
0,0.00,0,-697.56
0,0.00,0,-695.89
0,0.00,0,-692.39
0,0.00,0,-691.48
0,0.00,0,-692.54
0,0.00,0,-694.37
0,0.00,0,-694.98
0,0.00,0,-693.76
0,0.00,0,-691.93
0,0.00,0,-690.26
0,0.00,0,-691.78
0,0.00,0,-693.76
0,0.00,0,-697.11
0,0.00,0,-696.80
0,0.00,0,-695.13
0,0.00,0,-691.93
0,0.00,0,-693.15
0,0.00,0,-694.52
0,0.00,0,-696.96
0,0.00,0,-695.43
0,0.00,0,-693.61
0,0.00,0,-690.41
0,0.00,0,-691.02
0,0.00,0,-692.54
0,0.00,0,-695.59
0,0.00,0,-696.50
0,0.00,0,-694.67
0,0.00,0,-691.93
0,0.00,0,-690.87
0,0.00,0,-693.46
0,0.00,0,-695.89
0,0.00,0,-697.26
0,0.00,0,-695.28
0,0.00,0,-692.54
0,0.00,0,-690.11
0,0.00,0,-691.02
0,0.00,0,-693.76
0,0.00,0,-696.35
0,0.00,0,-696.50
0,0.00,0,-694.22
0,0.00,0,-692.09
0,0.00,0,-691.93
0,0.00,0,-694.22
0,0.00,0,-696.65
0,0.00,0,-697.56
0,0.00,0,-695.74
0,0.00,0,-693.00
0,0.00,0,-691.48
0,0.00,0,-692.24
0,0.00,0,-694.67
0,0.00,0,-696.65
0,0.00,0,-696.04
0,0.00,0,-693.15
0,0.00,0,-692.09
0,0.00,0,-692.69
0,0.00,0,-695.28
0,0.00,0,-696.19
0,0.00,0,-696.65
0,0.00,0,-694.52
0,0.00,0,-692.09
0,0.00,0,-691.78
0,0.00,0,-693.76
0,0.00,0,-696.19
0,0.00,0,-696.19
0,0.00,0,-694.98
0,0.00,0,-691.32
0,0.00,0,-691.17
0,0.00,0,-692.09
0,0.00,0,-694.98
0,0.00,0,-696.35
0,0.00,0,-695.89
0,0.00,0,-693.76
0,0.00,0,-692.09
0,0.00,0,-692.69
0,0.00,0,-695.13
0,0.00,0,-696.80
0,0.00,0,-696.35
0,0.00,0,-694.37
0,0.00,0,-691.32
0,0.00,0,-691.32
0,0.00,0,-693.00
0,0.00,0,-695.74
0,0.00,0,-696.04
0,0.00,0,-695.13
0,0.00,0,-692.39
0,0.00,0,-691.63
0,0.00,0,-692.54
0,0.00,0,-695.28
0,0.00,0,-696.96
0,0.00,0,-696.04
0,0.00,0,-693.76
0,0.00,0,-691.63
0,0.00,0,-692.39
0,0.00,0,-694.22
0,0.00,0,-696.19
0,0.00,0,-695.89
0,0.00,0,-694.82
0,0.00,0,-692.24
0,0.00,0,-692.39
0,0.00,0,-693.61
0,0.00,0,-696.19
0,0.00,0,-696.65
0,0.00,0,-695.43
0,0.00,0,-692.69
0,0.00,0,-692.09
0,0.00,0,-693.00
0,0.00,0,-695.28
0,0.00,0,-696.04
0,0.00,0,-694.82
0,0.00,0,-692.24
0,0.00,0,-691.17
0,0.00,0,-692.09
0,0.00,0,-694.37
0,0.00,0,-695.89
0,0.00,0,-696.04
0,0.00,0,-693.91
0,0.00,0,-693.15
0,0.00,0,-692.69
0,0.00,0,-694.98
0,0.00,0,-696.35
0,0.00,0,-696.50
0,0.00,0,-693.91
0,0.00,0,-691.32
0,0.00,0,-690.56
0,0.00,0,-692.24
0,0.00,0,-694.82
0,0.00,0,-695.59
0,0.00,0,-695.28
0,0.00,0,-692.24
0,0.00,0,-692.24
0,0.00,0,-692.24
0,0.00,0,-695.59
0,0.00,0,-696.50
0,0.00,0,-697.56
0,0.00,0,-694.22
0,0.00,0,-692.39
0,0.00,0,-691.32
0,0.00,0,-693.76
0,0.00,0,-694.82
0,0.00,0,-695.89
0,0.00,0,-694.06
0,0.00,0,-692.09
0,0.00,0,-691.78
0,0.00,0,-693.30
0,0.00,0,-697.11
0,0.00,0,-697.72
0,0.00,0,-697.72
0,0.00,0,-693.76
0,0.00,0,-693.46
0,0.00,0,-692.54
0,0.00,0,-694.82
0,0.00,0,-695.13
0,0.00,0,-695.43
0,0.00,0,-693.00
0,0.00,0,-691.17
0,0.00,0,-691.32
0,0.00,0,-694.52
0,0.00,0,-696.80
0,0.00,0,-697.72
0,0.00,0,-695.89
0,0.00,0,-694.06
0,0.00,0,-693.76
0,0.00,0,-694.82
0,0.00,0,-696.96
0,0.00,0,-696.65
0,0.00,0,-695.43
0,0.00,0,-691.78
0,0.00,0,-690.56
0,0.00,0,-690.72
0,0.00,0,-693.76
0,0.00,0,-695.43
0,0.00,0,-695.59
0,0.00,0,-693.46
0,0.00,0,-692.24
0,0.00,0,-693.00
0,0.00,0,-695.13
0,0.00,0,-697.87
0,0.00,0,-697.72
0,0.00,0,-695.89
0,0.00,0,-692.24
0,0.00,0,-691.17
0,0.00,0,-692.54
0,0.00,0,-694.67
0,0.00,0,-696.19
0,0.00,0,-694.98
0,0.00,0,-693.00
0,0.00,0,-691.48
0,0.00,0,-693.30
0,0.00,0,-695.89
0,0.00,0,-698.33
0,0.00,0,-697.11
0,0.00,0,-694.52
0,0.00,0,-692.24
0,0.00,0,-693.00
0,0.00,0,-694.98
0,0.00,0,-696.35
0,0.00,0,-696.35
0,0.00,0,-693.91
0,0.00,0,-692.09
0,0.00,0,-691.93
0,0.00,0,-694.37
0,0.00,0,-696.04
0,0.00,0,-697.26
0,0.00,0,-695.13
0,0.00,0,-692.54
0,0.00,0,-691.32
0,0.00,0,-693.30
0,0.00,0,-695.89
0,0.00,0,-697.11
0,0.00,0,-695.89
0,0.00,0,-693.00
0,0.00,0,-691.32
0,0.00,0,-692.09
0,0.00,0,-694.98
0,0.00,0,-696.35
0,0.00,0,-696.65
0,0.00,0,-694.37
0,0.00,0,-692.85
0,0.00,0,-692.24
0,0.00,0,-694.67
0,0.00,0,-696.50
0,0.00,0,-697.72
0,0.00,0,-695.28
0,0.00,0,-692.39
0,0.00,0,-690.87
0,0.00,0,-692.39
0,0.00,0,-694.82
0,0.00,0,-696.04
0,0.00,0,-695.59
0,0.00,0,-692.69
0,0.00,0,-691.93
0,0.00,0,-692.54
0,0.00,0,-695.28
0,0.00,0,-697.11
0,0.00,0,-697.56
0,0.00,0,-695.28
0,0.00,0,-693.46
0,0.00,0,-692.69
0,0.00,0,-694.82
0,0.00,0,-696.19
0,0.00,0,-697.11
0,0.00,0,-694.98
0,0.00,0,-692.85
0,0.00,0,-691.78
0,0.00,0,-693.46
0,0.00,0,-695.59
0,0.00,0,-697.11
0,0.00,0,-696.50
0,0.00,0,-693.46
0,0.00,0,-691.93
0,0.00,0,-692.54
0,0.00,0,-695.59
0,0.00,0,-696.35
0,0.00,0,-696.19
0,0.00,0,-693.15
0,0.00,0,-691.48
0,0.00,0,-691.17
0,0.00,0,-693.61
0,0.00,0,-696.19
0,0.00,0,-696.80
0,0.00,0,-695.13
0,0.00,0,-691.78
0,0.00,0,-691.63
0,0.00,0,-693.30
0,0.00,0,-695.74
0,0.00,0,-696.04
0,0.00,0,-694.52
0,0.00,0,-691.78
0,0.00,0,-689.95
0,0.00,0,-691.48
0,0.00,0,-694.37
0,0.00,0,-696.35
0,0.00,0,-695.89
0,0.00,0,-693.30
0,0.00,0,-691.17
0,0.00,0,-691.93
0,0.00,0,-694.22
0,0.00,0,-696.04
0,0.00,0,-696.50
0,0.00,0,-694.37
0,0.00,0,-691.63
0,0.00,0,-690.41
0,0.00,0,-692.54
0,0.00,0,-694.67
0,0.00,0,-695.89
0,0.00,0,-694.67
0,0.00,0,-691.93
0,0.00,0,-690.72
0,0.00,0,-691.93
0,0.00,0,-695.13
0,0.00,0,-696.80
0,0.00,0,-696.65
0,0.00,0,-694.22
0,0.00,0,-691.32
0,0.00,0,-691.17
0,0.00,0,-693.46
0,0.00,0,-695.43
0,0.00,0,-695.59
0,0.00,0,-693.76
0,0.00,0,-691.63
0,0.00,0,-691.02
0,0.00,0,-692.39
0,0.00,0,-695.13
0,0.00,0,-696.96
0,0.00,0,-696.35
0,0.00,0,-694.06
0,0.00,0,-692.54
0,0.00,0,-693.46
0,0.00,0,-696.50
0,0.00,0,-696.96
0,0.00,0,-696.19
0,0.00,0,-692.69
0,0.00,0,-691.32
0,0.00,0,-691.17
0,0.00,0,-693.46
0,0.00,0,-695.74
0,0.00,0,-697.11
0,0.00,0,-695.89
0,0.00,0,-693.76
0,0.00,0,-693.15
0,0.00,0,-694.82
