0,0.00,0,-718.42
0,0.00,0,-718.26
0,0.00,0,-717.96
0,0.00,0,-718.26
0,0.00,0,-718.42
0,0.00,0,-718.72
0,0.00,0,-718.11
0,0.00,0,-718.42
0,0.00,0,-718.72
0,0.00,0,-718.87
0,0.00,0,-718.42
0,0.00,0,-718.42
0,0.00,0,-718.42
0,0.00,0,-717.66
0,0.00,0,-717.96
0,0.00,0,-718.26
0,0.00,0,-718.42
0,0.00,0,-718.42
0,0.00,0,-718.57
0,0.00,0,-718.57
0,0.00,0,-718.57
0,0.00,0,-718.42
0,0.00,0,-717.96
0,0.00,0,-718.42
0,0.00,0,-718.11
0,0.00,0,-718.11
0,0.00,0,-717.81
0,0.00,0,-718.26
0,0.00,0,-718.57
0,0.00,0,-718.26
0,0.00,0,-718.42
0,0.00,0,-718.26
0,0.00,0,-718.57
0,0.00,0,-718.42
0,0.00,0,-718.72
0,0.00,0,-718.57
0,0.00,0,-718.87
0,0.00,0,-718.57
0,0.00,0,-718.42
0,0.00,0,-718.57
0,0.00,0,-717.96
0,0.00,0,-718.26
0,0.00,0,-718.11
0,0.00,0,-717.96
0,0.00,0,-718.42
0,0.00,0,-719.03
0,0.00,0,-718.87
0,0.00,0,-718.42
0,0.00,0,-719.03
0,0.00,0,-718.72
0,0.00,0,-718.42
0,0.00,0,-718.26
0,0.00,0,-719.18
0,0.00,0,-718.72
0,0.00,0,-718.26
0,0.00,0,-718.72
0,0.00,0,-718.57
0,0.00,0,-718.72
0,0.00,0,-718.72
0,0.00,0,-718.87
0,0.00,0,-718.11
0,0.00,0,-717.96
0,0.00,0,-718.11
0,0.00,0,-718.11
0,0.00,0,-718.42
0,0.00,0,-718.26
0,0.00,0,-718.57
0,0.00,0,-718.42
0,0.00,0,-718.72
0,0.00,0,-718.57
0,0.00,0,-718.87
0,0.00,0,-718.87
0,0.00,0,-718.72
0,0.00,0,-719.03
0,0.00,0,-718.57
0,0.00,0,-718.72
0,0.00,0,-718.11
0,0.00,0,-718.42
0,0.00,0,-718.26
0,0.00,0,-717.81
0,0.00,0,-717.96
0,0.00,0,-718.11
0,0.00,0,-718.57
0,0.00,0,-717.81
0,0.00,0,-718.26
0,0.00,0,-718.57
0,0.00,0,-718.87
0,0.00,0,-718.72
0,0.00,0,-717.96
0,0.00,0,-718.57
0,0.00,0,-718.26
0,0.00,0,-718.57
0,0.00,0,-718.57
0,0.00,0,-719.03
0,0.00,0,-718.87
0,0.00,0,-718.26
0,0.00,0,-718.87
0,0.00,0,-717.96
0,0.00,0,-718.42
0,0.00,0,-717.96
0,0.00,0,-717.96
0,0.00,0,-717.96
0,0.00,0,-717.66
0,0.00,0,-718.26
0,0.00,0,-718.11
0,0.00,0,-719.03
0,0.00,0,-718.42
0,0.00,0,-718.57
0,0.00,0,-718.57
0,0.00,0,-719.03
0,0.00,0,-718.57
0,0.00,0,-718.11
0,0.00,0,-719.18
0,0.00,0,-718.87
0,0.00,0,-719.03
0,0.00,0,-718.26
0,0.00,0,-718.57
0,0.00,0,-718.42
0,0.00,0,-718.11
0,0.00,0,-718.26
0,0.00,0,-717.96
0,0.00,0,-718.57
0,0.00,0,-718.26
0,0.00,0,-718.87
0,0.00,0,-718.42
0,0.00,0,-718.26
0,0.00,0,-717.81
0,0.00,0,-717.96
0,0.00,0,-718.42
0,0.00,0,-717.96
0,0.00,0,-718.72
0,0.00,0,-718.42
0,0.00,0,-719.03
0,0.00,0,-719.18
0,0.00,0,-718.72
0,0.00,0,-718.57
0,0.00,0,-718.42
0,0.00,0,-718.57
0,0.00,0,-717.35
0,0.00,0,-718.11
0,0.00,0,-718.26
0,0.00,0,-718.57
0,0.00,0,-718.26
0,0.00,0,-718.42
0,0.00,0,-718.57
0,0.00,0,-718.42
0,0.00,0,-718.72
0,0.00,0,-718.11
0,0.00,0,-718.57
0,0.00,0,-718.87
0,0.00,0,-718.72
0,0.00,0,-718.42
0,0.00,0,-718.42
0,0.00,0,-718.57
0,0.00,0,-717.81
0,0.00,0,-717.96
0,0.00,0,-717.96
0,0.00,0,-718.11
0,0.00,0,-718.26
0,0.00,0,-718.72
0,0.00,0,-719.03
0,0.00,0,-718.57
0,0.00,0,-718.72
0,0.00,0,-717.96
0,0.00,0,-718.11
0,0.00,0,-718.26
0,0.00,0,-717.96
0,0.00,0,-718.26
0,0.00,0,-718.72
0,0.00,0,-719.33
0,0.00,0,-718.72
0,0.00,0,-718.72
0,0.00,0,-718.72
0,0.00,0,-718.57
0,0.00,0,-718.11
0,0.00,0,-717.81
0,0.00,0,-718.42
0,0.00,0,-718.57
0,0.00,0,-718.42
0,0.00,0,-718.26
0,0.00,0,-718.57
0,0.00,0,-719.18
0,0.00,0,-718.57
0,0.00,0,-718.57
0,0.00,0,-718.72
0,0.00,0,-718.72
0,0.00,0,-718.42
0,0.00,0,-718.57
0,0.00,0,-718.87
0,0.00,0,-718.26
0,0.00,0,-718.26
0,0.00,0,-718.26
0,0.00,0,-718.26
0,0.00,0,-718.11
0,0.00,0,-717.96
0,0.00,0,-718.87
0,0.00,0,-718.42
0,0.00,0,-718.72
0,0.00,0,-718.42
0,0.00,0,-718.57
0,0.00,0,-718.72
0,0.00,0,-718.26
0,0.00,0,-718.42
0,0.00,0,-718.26
0,0.00,0,-718.72
0,0.00,0,-718.26
0,0.00,0,-718.72
0,0.00,0,-718.57
0,0.00,0,-718.57
0,0.00,0,-718.72
0,0.00,0,-718.11
0,0.00,0,-718.26
0,0.00,0,-718.11
0,0.00,0,-718.42
0,0.00,0,-717.66
0,0.00,0,-718.11
0,0.00,0,-718.42
0,0.00,0,-718.42
0,0.00,0,-718.72
0,0.00,0,-718.42
0,0.00,0,-718.87
0,0.00,0,-718.57
0,0.00,0,-718.72
0,0.00,0,-718.57
0,0.00,0,-719.03
0,0.00,0,-718.72
0,0.00,0,-718.57
0,0.00,0,-718.87
0,0.00,0,-718.26
0,0.00,0,-718.11
0,0.00,0,-717.66
0,0.00,0,-718.42
0,0.00,0,-717.96
0,0.00,0,-718.26
0,0.00,0,-718.57
0,0.00,0,-718.26
0,0.00,0,-718.72
0,0.00,0,-718.87
0,0.00,0,-718.57
0,0.00,0,-717.66
0,0.00,0,-718.42
0,0.00,0,-718.87
0,0.00,0,-718.57
0,0.00,0,-718.11
0,0.00,0,-718.57
0,0.00,0,-718.57
0,0.00,0,-718.11
0,0.00,0,-718.57
0,0.00,0,-718.57
0,0.00,0,-718.57
0,0.00,0,-717.96
0,0.00,0,-717.96
0,0.00,0,-718.11
0,0.00,0,-718.26
0,0.00,0,-718.26
0,0.00,0,-718.26
0,0.00,0,-718.57
0,0.00,0,-718.57
0,0.00,0,-718.42
0,0.00,0,-718.72
0,0.00,0,-718.72
0,0.00,0,-718.57
0,0.00,0,-718.11
0,0.00,0,-718.26
0,0.00,0,-718.26
0,0.00,0,-718.42
0,0.00,0,-718.11
0,0.00,0,-717.81
0,0.00,0,-718.11
0,0.00,0,-718.26
0,0.00,0,-718.42
0,0.00,0,-717.96
0,0.00,0,-718.42
0,0.00,0,-718.72
0,0.00,0,-718.42
0,0.00,0,-718.57
0,0.00,0,-718.42
0,0.00,0,-718.42
0,0.00,0,-718.11
0,0.00,0,-718.11
0,0.00,0,-718.11
0,0.00,0,-718.11
0,0.00,0,-718.72
0,0.00,0,-718.57
0,0.00,0,-719.03
0,0.00,0,-718.72
0,0.00,0,-718.26
0,0.00,0,-718.42
0,0.00,0,-718.42
0,0.00,0,-718.42
0,0.00,0,-717.81
0,0.00,0,-718.42
0,0.00,0,-718.26
0,0.00,0,-718.57
0,0.00,0,-718.26
0,0.00,0,-718.57
0,0.00,0,-718.57
0,0.00,0,-718.42
0,0.00,0,-718.57
0,0.00,0,-718.26
0,0.00,0,-718.87
0,0.00,0,-718.57
0,0.00,0,-718.42
0,0.00,0,-718.57
0,0.00,0,-718.72
0,0.00,0,-718.57
0,0.00,0,-718.42
0,0.00,0,-718.57
0,0.00,0,-718.11
0,0.00,0,-718.57
0,0.00,0,-718.26
0,0.00,0,-718.26
0,0.00,0,-718.42
0,0.00,0,-718.42
0,0.00,0,-718.26
0,0.00,0,-718.11
0,0.00,0,-718.26
0,0.00,0,-718.11
0,0.00,0,-718.11
0,0.00,0,-718.57
0,0.00,0,-719.03
0,0.00,0,-718.42
0,0.00,0,-718.72
0,0.00,0,-719.18
0,0.00,0,-719.18
0,0.00,0,-718.72
0,0.00,0,-718.57
0,0.00,0,-718.26
0,0.00,0,-717.66
0,0.00,0,-717.96
0,0.00,0,-718.11
0,0.00,0,-718.26
0,0.00,0,-717.96
0,0.00,0,-718.42
0,0.00,0,-718.57
0,0.00,0,-717.81
0,0.00,0,-717.96
0,0.00,0,-718.11
0,0.00,0,-718.72
0,0.00,0,-717.81
0,0.00,0,-718.26
0,0.00,0,-718.87
0,0.00,0,-718.87
0,0.00,0,-718.72
0,0.00,0,-718.72
0,0.00,0,-719.03
0,0.00,0,-718.57
0,0.00,0,-718.42
0,0.00,0,-718.42
0,0.00,0,-718.57
0,0.00,0,-718.57
0,0.00,0,-717.96
0,0.00,0,-717.81
0,0.00,0,-717.96
0,0.00,0,-718.11
0,0.00,0,-717.81
0,0.00,0,-717.96
0,0.00,0,-718.42
0,0.00,0,-718.42
0,0.00,0,-718.42
0,0.00,0,-719.03
0,0.00,0,-719.63
0,0.00,0,-719.48
0,0.00,0,-719.33
0,0.00,0,-719.18
0,0.00,0,-719.03
0,0.00,0,-718.72
0,0.00,0,-718.57
0,0.00,0,-718.26
0,0.00,0,-718.72
0,0.00,0,-718.57
0,0.00,0,-718.11
0,0.00,0,-717.66
0,0.00,0,-717.96
0,0.00,0,-718.26
0,0.00,0,-717.96
0,0.00,0,-717.96
0,0.00,0,-718.11
0,0.00,0,-718.42
0,0.00,0,-718.57
0,0.00,0,-718.57
0,0.00,0,-719.03
0,0.00,0,-719.33
0,0.00,0,-719.33
0,0.00,0,-719.18
0,0.00,0,-719.48
0,0.00,0,-719.03
0,0.00,0,-718.42
0,0.00,0,-718.72
0,0.00,0,-718.57
0,0.00,0,-718.11
0,0.00,0,-717.81
0,0.00,0,-717.96
0,0.00,0,-717.81
0,0.00,0,-717.35
0,0.00,0,-717.81
0,0.00,0,-717.66
0,0.00,0,-718.26
0,0.00,0,-718.57
0,0.00,0,-719.03
0,0.00,0,-718.87
0,0.00,0,-719.03
0,0.00,0,-719.03
0,0.00,0,-718.42
0,0.00,0,-718.72
0,0.00,0,-718.57
0,0.00,0,-718.72
0,0.00,0,-718.72
0,0.00,0,-718.87
0,0.00,0,-718.72
0,0.00,0,-718.26
0,0.00,0,-718.42
0,0.00,0,-718.11
0,0.00,0,-717.96
0,0.00,0,-717.66
0,0.00,0,-717.50
0,0.00,0,-717.81
0,0.00,0,-717.81
0,0.00,0,-718.26
0,0.00,0,-718.26
0,0.00,0,-718.87
0,0.00,0,-718.87
0,0.00,0,-718.72
0,0.00,0,-719.18
0,0.00,0,-718.72
0,0.00,0,-719.03
0,0.00,0,-718.87
0,0.00,0,-719.03
0,0.00,0,-718.87
0,0.00,0,-718.87
0,0.00,0,-718.57
0,0.00,0,-718.11
0,0.00,0,-718.11
0,0.00,0,-718.11
0,0.00,0,-717.96
0,0.00,0,-718.11
0,0.00,0,-718.26
0,0.00,0,-718.26
0,0.00,0,-718.26
0,0.00,0,-718.57
0,0.00,0,-718.57
0,0.00,0,-718.57
0,0.00,0,-718.42
0,0.00,0,-718.57
0,0.00,0,-718.72
0,0.00,0,-718.72
0,0.00,0,-719.03
0,0.00,0,-718.87
0,0.00,0,-719.18
0,0.00,0,-718.72
0,0.00,0,-718.42
0,0.00,0,-718.57
0,0.00,0,-718.26
0,0.00,0,-717.66
0,0.00,0,-717.20
0,0.00,0,-717.81
0,0.00,0,-717.96
0,0.00,0,-718.42
0,0.00,0,-718.57
0,0.00,0,-718.72
0,0.00,0,-718.72
0,0.00,0,-718.57
0,0.00,0,-718.11
0,0.00,0,-718.26
0,0.00,0,-719.18
0,0.00,0,-718.87
0,0.00,0,-719.03
0,0.00,0,-719.03
0,0.00,0,-719.18
0,0.00,0,-718.72
0,0.00,0,-718.57
0,0.00,0,-718.42
0,0.00,0,-717.81
0,0.00,0,-718.26
0,0.00,0,-717.96
0,0.00,0,-718.57
0,0.00,0,-718.11
0,0.00,0,-718.42
0,0.00,0,-717.66
0,0.00,0,-717.66
0,0.00,0,-718.42
0,0.00,0,-717.81
0,0.00,0,-718.57
0,0.00,0,-717.96
0,0.00,0,-719.33
0,0.00,0,-719.03
0,0.00,0,-719.63
0,0.00,0,-719.48
0,0.00,0,-719.18
0,0.00,0,-719.48
0,0.00,0,-718.42
0,0.00,0,-718.72
0,0.00,0,-717.96
0,0.00,0,-718.57
0,0.00,0,-717.96
0,0.00,0,-718.26
0,0.00,0,-718.26
0,0.00,0,-717.96
0,0.00,0,-718.42
0,0.00,0,-717.81
