0,0.00,0,-723.14
0,0.00,0,-723.29
0,0.00,0,-724.05
0,0.00,0,-724.66
0,0.00,0,-724.66
0,0.00,0,-724.96
0,0.00,0,-725.11
0,0.00,0,-725.42
0,0.00,0,-724.81
0,0.00,0,-724.81
0,0.00,0,-724.05
0,0.00,0,-723.14
0,0.00,0,-722.83
0,0.00,0,-723.14
0,0.00,0,-723.59
0,0.00,0,-723.74
0,0.00,0,-724.20
0,0.00,0,-724.35
0,0.00,0,-724.66
0,0.00,0,-725.27
0,0.00,0,-725.57
0,0.00,0,-724.96
0,0.00,0,-725.11
0,0.00,0,-724.96
0,0.00,0,-724.35
0,0.00,0,-723.44
0,0.00,0,-723.59
0,0.00,0,-723.44
0,0.00,0,-723.14
0,0.00,0,-723.14
0,0.00,0,-724.05
0,0.00,0,-725.11
0,0.00,0,-725.42
0,0.00,0,-725.27
0,0.00,0,-725.27
0,0.00,0,-724.96
0,0.00,0,-724.20
0,0.00,0,-723.90
0,0.00,0,-724.05
0,0.00,0,-724.05
0,0.00,0,-723.44
0,0.00,0,-723.44
0,0.00,0,-723.90
0,0.00,0,-724.20
0,0.00,0,-724.35
0,0.00,0,-724.96
0,0.00,0,-724.96
0,0.00,0,-725.11
0,0.00,0,-724.51
0,0.00,0,-724.81
0,0.00,0,-725.11
0,0.00,0,-724.66
0,0.00,0,-724.05
0,0.00,0,-723.44
0,0.00,0,-723.90
0,0.00,0,-723.59
0,0.00,0,-724.05
0,0.00,0,-723.90
0,0.00,0,-724.35
0,0.00,0,-724.20
0,0.00,0,-724.66
0,0.00,0,-724.35
0,0.00,0,-724.35
0,0.00,0,-724.66
0,0.00,0,-724.51
0,0.00,0,-724.20
0,0.00,0,-723.74
0,0.00,0,-724.05
0,0.00,0,-724.05
0,0.00,0,-724.35
0,0.00,0,-724.35
0,0.00,0,-724.35
0,0.00,0,-724.20
0,0.00,0,-724.51
0,0.00,0,-724.35
0,0.00,0,-724.35
0,0.00,0,-724.05
0,0.00,0,-724.20
0,0.00,0,-724.20
0,0.00,0,-724.35
0,0.00,0,-724.51
0,0.00,0,-725.11
0,0.00,0,-725.11
0,0.00,0,-724.66
0,0.00,0,-724.20
0,0.00,0,-724.05
0,0.00,0,-724.05
0,0.00,0,-723.90
0,0.00,0,-724.05
0,0.00,0,-723.90
0,0.00,0,-724.20
0,0.00,0,-724.51
0,0.00,0,-725.11
0,0.00,0,-724.96
0,0.00,0,-724.96
0,0.00,0,-724.66
0,0.00,0,-724.81
0,0.00,0,-724.51
0,0.00,0,-724.35
0,0.00,0,-724.05
0,0.00,0,-724.35
0,0.00,0,-723.90
0,0.00,0,-723.29
0,0.00,0,-723.44
0,0.00,0,-724.35
0,0.00,0,-725.11
0,0.00,0,-725.11
0,0.00,0,-724.81
0,0.00,0,-724.81
0,0.00,0,-724.96
0,0.00,0,-724.66
0,0.00,0,-724.05
0,0.00,0,-724.05
0,0.00,0,-724.05
0,0.00,0,-723.29
0,0.00,0,-723.14
0,0.00,0,-723.74
0,0.00,0,-724.35
0,0.00,0,-724.51
0,0.00,0,-724.51
0,0.00,0,-724.66
0,0.00,0,-724.66
0,0.00,0,-724.66
0,0.00,0,-724.66
0,0.00,0,-724.81
0,0.00,0,-724.51
0,0.00,0,-723.44
0,0.00,0,-723.44
0,0.00,0,-723.59
0,0.00,0,-723.90
0,0.00,0,-723.59
0,0.00,0,-723.90
0,0.00,0,-724.81
0,0.00,0,-724.66
0,0.00,0,-724.81
0,0.00,0,-724.81
0,0.00,0,-724.96
0,0.00,0,-724.35
0,0.00,0,-724.05
0,0.00,0,-723.90
0,0.00,0,-724.35
0,0.00,0,-724.20
0,0.00,0,-723.90
0,0.00,0,-723.74
0,0.00,0,-724.20
0,0.00,0,-724.51
0,0.00,0,-724.66
0,0.00,0,-724.51
0,0.00,0,-724.51
0,0.00,0,-724.35
0,0.00,0,-724.20
0,0.00,0,-724.20
0,0.00,0,-724.51
0,0.00,0,-724.66
0,0.00,0,-724.35
0,0.00,0,-724.35
0,0.00,0,-724.20
0,0.00,0,-724.35
0,0.00,0,-723.90
0,0.00,0,-724.05
0,0.00,0,-724.05
0,0.00,0,-723.90
0,0.00,0,-724.05
0,0.00,0,-724.35
0,0.00,0,-724.66
0,0.00,0,-724.66
0,0.00,0,-724.66
0,0.00,0,-724.51
0,0.00,0,-724.51
0,0.00,0,-724.81
0,0.00,0,-724.96
0,0.00,0,-724.51
0,0.00,0,-724.35
0,0.00,0,-723.90
0,0.00,0,-723.90
0,0.00,0,-723.59
0,0.00,0,-724.05
0,0.00,0,-724.20
0,0.00,0,-724.35
0,0.00,0,-724.51
0,0.00,0,-724.51
0,0.00,0,-724.81
0,0.00,0,-724.81
0,0.00,0,-725.11
0,0.00,0,-724.66
0,0.00,0,-724.66
0,0.00,0,-723.90
0,0.00,0,-723.74
0,0.00,0,-723.44
0,0.00,0,-723.59
0,0.00,0,-723.44
0,0.00,0,-723.59
0,0.00,0,-723.90
0,0.00,0,-724.66
0,0.00,0,-725.57
0,0.00,0,-725.27
0,0.00,0,-725.27
0,0.00,0,-724.96
0,0.00,0,-724.96
0,0.00,0,-724.35
0,0.00,0,-724.05
0,0.00,0,-723.90
0,0.00,0,-723.90
0,0.00,0,-723.14
0,0.00,0,-723.59
0,0.00,0,-723.90
0,0.00,0,-724.51
0,0.00,0,-724.66
0,0.00,0,-724.66
0,0.00,0,-724.81
0,0.00,0,-725.11
0,0.00,0,-725.11
0,0.00,0,-724.66
0,0.00,0,-724.81
0,0.00,0,-724.51
0,0.00,0,-724.35
0,0.00,0,-723.74
0,0.00,0,-724.35
0,0.00,0,-724.05
0,0.00,0,-724.20
0,0.00,0,-723.90
0,0.00,0,-724.35
0,0.00,0,-724.35
0,0.00,0,-724.51
0,0.00,0,-724.81
0,0.00,0,-725.11
0,0.00,0,-725.11
0,0.00,0,-724.51
0,0.00,0,-724.66
0,0.00,0,-724.66
0,0.00,0,-724.81
0,0.00,0,-724.35
0,0.00,0,-724.05
0,0.00,0,-723.74
0,0.00,0,-724.05
0,0.00,0,-724.20
0,0.00,0,-724.05
0,0.00,0,-724.35
0,0.00,0,-724.35
0,0.00,0,-724.35
0,0.00,0,-724.51
0,0.00,0,-724.81
0,0.00,0,-724.96
0,0.00,0,-725.11
0,0.00,0,-724.81
0,0.00,0,-724.66
0,0.00,0,-723.90
0,0.00,0,-723.90
0,0.00,0,-723.59
0,0.00,0,-723.44
0,0.00,0,-723.44
0,0.00,0,-724.05
0,0.00,0,-724.20
0,0.00,0,-724.51
0,0.00,0,-724.96
0,0.00,0,-725.27
0,0.00,0,-725.27
0,0.00,0,-724.96
0,0.00,0,-725.27
0,0.00,0,-724.96
0,0.00,0,-724.51
0,0.00,0,-723.90
0,0.00,0,-723.59
0,0.00,0,-723.44
0,0.00,0,-722.98
0,0.00,0,-723.14
0,0.00,0,-723.90
0,0.00,0,-724.66
0,0.00,0,-724.96
0,0.00,0,-725.42
0,0.00,0,-725.57
0,0.00,0,-725.57
0,0.00,0,-725.42
0,0.00,0,-724.96
0,0.00,0,-724.35
0,0.00,0,-724.20
0,0.00,0,-723.74
0,0.00,0,-723.29
0,0.00,0,-722.83
0,0.00,0,-723.44
0,0.00,0,-723.90
0,0.00,0,-724.51
0,0.00,0,-724.35
0,0.00,0,-724.96
0,0.00,0,-725.27
0,0.00,0,-725.42
0,0.00,0,-724.96
0,0.00,0,-724.96
0,0.00,0,-724.81
0,0.00,0,-724.35
0,0.00,0,-723.74
0,0.00,0,-723.59
0,0.00,0,-723.74
0,0.00,0,-723.74
0,0.00,0,-723.59
0,0.00,0,-723.74
0,0.00,0,-724.35
0,0.00,0,-724.51
0,0.00,0,-724.66
0,0.00,0,-724.96
0,0.00,0,-725.11
0,0.00,0,-724.81
0,0.00,0,-724.66
0,0.00,0,-724.51
0,0.00,0,-724.51
0,0.00,0,-724.05
0,0.00,0,-724.05
0,0.00,0,-723.59
0,0.00,0,-723.44
0,0.00,0,-723.59
0,0.00,0,-723.90
0,0.00,0,-724.20
0,0.00,0,-724.35
0,0.00,0,-724.96
0,0.00,0,-724.81
0,0.00,0,-725.27
0,0.00,0,-725.11
0,0.00,0,-725.27
0,0.00,0,-724.66
0,0.00,0,-724.81
0,0.00,0,-724.20
0,0.00,0,-723.59
0,0.00,0,-723.14
0,0.00,0,-723.29
0,0.00,0,-723.59
0,0.00,0,-723.74
0,0.00,0,-724.05
0,0.00,0,-724.66
0,0.00,0,-725.27
0,0.00,0,-725.27
0,0.00,0,-725.42
0,0.00,0,-725.42
0,0.00,0,-725.27
0,0.00,0,-724.35
0,0.00,0,-724.35
0,0.00,0,-723.90
0,0.00,0,-723.59
0,0.00,0,-722.98
0,0.00,0,-723.29
0,0.00,0,-723.74
0,0.00,0,-724.05
0,0.00,0,-724.51
0,0.00,0,-725.11
0,0.00,0,-725.72
0,0.00,0,-725.27
0,0.00,0,-725.11
0,0.00,0,-725.27
0,0.00,0,-724.96
0,0.00,0,-724.20
0,0.00,0,-723.29
0,0.00,0,-723.29
0,0.00,0,-723.59
0,0.00,0,-723.44
0,0.00,0,-723.44
0,0.00,0,-723.44
0,0.00,0,-724.51
0,0.00,0,-725.11
0,0.00,0,-725.42
0,0.00,0,-725.27
0,0.00,0,-725.72
0,0.00,0,-725.57
0,0.00,0,-724.51
0,0.00,0,-723.90
0,0.00,0,-723.44
0,0.00,0,-723.29
0,0.00,0,-722.83
0,0.00,0,-722.83
0,0.00,0,-723.44
0,0.00,0,-724.35
0,0.00,0,-724.51
0,0.00,0,-724.81
0,0.00,0,-725.11
0,0.00,0,-725.27
0,0.00,0,-725.11
0,0.00,0,-724.66
0,0.00,0,-724.66
0,0.00,0,-724.20
0,0.00,0,-723.44
0,0.00,0,-723.44
0,0.00,0,-723.74
0,0.00,0,-723.74
0,0.00,0,-723.59
0,0.00,0,-723.90
0,0.00,0,-724.35
0,0.00,0,-724.81
0,0.00,0,-725.27
0,0.00,0,-724.96
0,0.00,0,-725.27
0,0.00,0,-725.27
0,0.00,0,-724.51
0,0.00,0,-723.59
0,0.00,0,-723.74
0,0.00,0,-724.05
0,0.00,0,-723.90
0,0.00,0,-723.74
0,0.00,0,-723.90
0,0.00,0,-724.20
0,0.00,0,-724.20
0,0.00,0,-724.35
0,0.00,0,-724.66
0,0.00,0,-724.96
0,0.00,0,-724.96
0,0.00,0,-724.81
0,0.00,0,-724.66
0,0.00,0,-724.51
0,0.00,0,-724.66
0,0.00,0,-724.66
0,0.00,0,-724.20
0,0.00,0,-723.74
0,0.00,0,-723.74
0,0.00,0,-723.90
0,0.00,0,-723.59
0,0.00,0,-723.59
0,0.00,0,-724.05
0,0.00,0,-724.35
0,0.00,0,-724.66
0,0.00,0,-724.66
0,0.00,0,-724.66
0,0.00,0,-724.66
0,0.00,0,-724.66
0,0.00,0,-724.05
0,0.00,0,-724.20
0,0.00,0,-723.90
0,0.00,0,-723.90
0,0.00,0,-723.59
0,0.00,0,-723.44
0,0.00,0,-723.74
0,0.00,0,-723.74
0,0.00,0,-724.35
0,0.00,0,-724.51
0,0.00,0,-724.96
0,0.00,0,-725.11
0,0.00,0,-725.11
0,0.00,0,-724.81
0,0.00,0,-724.35
0,0.00,0,-724.20
0,0.00,0,-723.14
0,0.00,0,-723.59
0,0.00,0,-723.29
0,0.00,0,-723.59
0,0.00,0,-723.44
0,0.00,0,-723.90
0,0.00,0,-724.51
0,0.00,0,-724.96
0,0.00,0,-725.11
0,0.00,0,-725.11
0,0.00,0,-725.72
0,0.00,0,-725.42
0,0.00,0,-724.81
0,0.00,0,-723.74
0,0.00,0,-723.74
0,0.00,0,-723.59
0,0.00,0,-723.44
0,0.00,0,-723.59
0,0.00,0,-723.74
0,0.00,0,-724.20
0,0.00,0,-724.35
0,0.00,0,-724.81
0,0.00,0,-724.81
0,0.00,0,-725.57
0,0.00,0,-725.27
0,0.00,0,-725.11
0,0.00,0,-724.35
0,0.00,0,-724.35
0,0.00,0,-723.44
0,0.00,0,-723.59
0,0.00,0,-723.59
0,0.00,0,-723.59
0,0.00,0,-723.74
0,0.00,0,-724.20
0,0.00,0,-724.20
0,0.00,0,-724.51
0,0.00,0,-724.96
0,0.00,0,-724.96
0,0.00,0,-724.96
0,0.00,0,-724.96
0,0.00,0,-724.96
0,0.00,0,-724.20
0,0.00,0,-723.74
0,0.00,0,-723.44
0,0.00,0,-723.59
0,0.00,0,-723.74
0,0.00,0,-723.74
0,0.00,0,-723.74
0,0.00,0,-724.05
0,0.00,0,-723.90
0,0.00,0,-723.90
0,0.00,0,-724.51
0,0.00,0,-724.81
0,0.00,0,-724.96
0,0.00,0,-724.81
0,0.00,0,-724.96
0,0.00,0,-724.66
0,0.00,0,-724.51
0,0.00,0,-723.90
0,0.00,0,-723.90
0,0.00,0,-723.59
0,0.00,0,-723.59
0,0.00,0,-723.44
0,0.00,0,-723.44
