0,0.00,0,-700.61
0,0.00,0,-705.18
0,0.00,0,-713.85
0,0.00,0,-712.02
0,0.00,0,-708.07
0,0.00,0,-700.00
0,0.00,0,-697.56
0,0.00,0,-701.22
0,0.00,0,-708.37
0,0.00,0,-712.79
0,0.00,0,-710.35
0,0.00,0,-703.20
0,0.00,0,-696.80
0,0.00,0,-698.63
0,0.00,0,-705.02
0,0.00,0,-712.94
0,0.00,0,-712.02
0,0.00,0,-707.31
0,0.00,0,-699.09
0,0.00,0,-698.93
0,0.00,0,-703.50
0,0.00,0,-712.02
0,0.00,0,-714.16
0,0.00,0,-709.74
0,0.00,0,-701.67
0,0.00,0,-697.41
0,0.00,0,-701.22
0,0.00,0,-708.22
0,0.00,0,-714.46
0,0.00,0,-711.57
0,0.00,0,-705.94
0,0.00,0,-698.63
0,0.00,0,-700.15
0,0.00,0,-704.41
0,0.00,0,-712.94
0,0.00,0,-713.09
0,0.00,0,-709.59
0,0.00,0,-700.91
0,0.00,0,-698.48
0,0.00,0,-703.04
0,0.00,0,-710.50
0,0.00,0,-714.92
0,0.00,0,-710.05
0,0.00,0,-703.35
0,0.00,0,-696.80
0,0.00,0,-700.46
0,0.00,0,-706.24
0,0.00,0,-713.24
0,0.00,0,-711.57
0,0.00,0,-706.54
0,0.00,0,-699.09
0,0.00,0,-698.17
0,0.00,0,-704.26
0,0.00,0,-711.57
0,0.00,0,-714.46
0,0.00,0,-709.44
0,0.00,0,-702.28
0,0.00,0,-698.02
0,0.00,0,-702.13
0,0.00,0,-710.20
0,0.00,0,-714.76
0,0.00,0,-711.72
0,0.00,0,-703.81
0,0.00,0,-698.02
0,0.00,0,-698.78
0,0.00,0,-705.78
0,0.00,0,-712.02
0,0.00,0,-712.94
0,0.00,0,-706.70
0,0.00,0,-698.48
0,0.00,0,-696.19
0,0.00,0,-701.83
0,0.00,0,-709.89
0,0.00,0,-713.09
0,0.00,0,-709.59
0,0.00,0,-701.22
0,0.00,0,-696.96
0,0.00,0,-699.24
0,0.00,0,-707.31
0,0.00,0,-712.63
0,0.00,0,-711.72
0,0.00,0,-704.72
0,0.00,0,-698.63
0,0.00,0,-698.02
0,0.00,0,-704.26
0,0.00,0,-711.87
0,0.00,0,-713.09
0,0.00,0,-708.98
0,0.00,0,-701.07
0,0.00,0,-698.63
0,0.00,0,-701.52
0,0.00,0,-709.13
0,0.00,0,-713.24
0,0.00,0,-710.65
0,0.00,0,-703.65
0,0.00,0,-698.02
0,0.00,0,-700.00
0,0.00,0,-706.24
0,0.00,0,-712.63
0,0.00,0,-711.87
0,0.00,0,-706.85
0,0.00,0,-699.39
0,0.00,0,-698.33
0,0.00,0,-702.13
0,0.00,0,-710.05
0,0.00,0,-712.48
0,0.00,0,-709.74
0,0.00,0,-702.28
0,0.00,0,-698.78
0,0.00,0,-701.52
0,0.00,0,-708.98
0,0.00,0,-714.16
0,0.00,0,-712.33
0,0.00,0,-705.94
0,0.00,0,-698.93
0,0.00,0,-699.39
0,0.00,0,-705.02
0,0.00,0,-713.39
0,0.00,0,-712.94
0,0.00,0,-708.98
0,0.00,0,-700.46
0,0.00,0,-699.24
0,0.00,0,-702.74
0,0.00,0,-710.20
0,0.00,0,-713.55
0,0.00,0,-710.20
0,0.00,0,-704.11
0,0.00,0,-698.17
0,0.00,0,-701.67
0,0.00,0,-707.00
0,0.00,0,-714.61
0,0.00,0,-711.87
0,0.00,0,-707.76
0,0.00,0,-699.24
0,0.00,0,-699.39
0,0.00,0,-704.41
0,0.00,0,-712.18
0,0.00,0,-714.92
0,0.00,0,-709.89
0,0.00,0,-702.74
0,0.00,0,-698.48
0,0.00,0,-703.20
0,0.00,0,-709.74
0,0.00,0,-714.92
0,0.00,0,-711.42
0,0.00,0,-705.63
0,0.00,0,-698.93
0,0.00,0,-700.76
0,0.00,0,-706.85
0,0.00,0,-714.00
0,0.00,0,-713.70
0,0.00,0,-708.07
0,0.00,0,-700.46
0,0.00,0,-698.02
0,0.00,0,-702.59
0,0.00,0,-710.50
0,0.00,0,-714.00
0,0.00,0,-711.11
0,0.00,0,-702.89
0,0.00,0,-698.02
0,0.00,0,-700.61
0,0.00,0,-708.07
0,0.00,0,-713.85
0,0.00,0,-711.57
0,0.00,0,-706.39
0,0.00,0,-698.78
0,0.00,0,-699.39
0,0.00,0,-704.11
0,0.00,0,-712.48
0,0.00,0,-713.39
0,0.00,0,-708.98
0,0.00,0,-700.61
0,0.00,0,-697.41
0,0.00,0,-701.07
0,0.00,0,-708.22
0,0.00,0,-712.33
0,0.00,0,-709.89
0,0.00,0,-703.96
0,0.00,0,-697.56
0,0.00,0,-699.09
0,0.00,0,-705.02
0,0.00,0,-713.09
0,0.00,0,-712.79
0,0.00,0,-707.61
0,0.00,0,-699.24
0,0.00,0,-699.09
0,0.00,0,-703.65
0,0.00,0,-712.79
0,0.00,0,-714.31
0,0.00,0,-709.89
0,0.00,0,-701.67
0,0.00,0,-697.26
0,0.00,0,-700.76
0,0.00,0,-707.76
0,0.00,0,-712.94
0,0.00,0,-710.35
0,0.00,0,-704.26
0,0.00,0,-696.50
0,0.00,0,-698.33
0,0.00,0,-702.74
0,0.00,0,-712.02
0,0.00,0,-711.57
0,0.00,0,-707.91
0,0.00,0,-698.78
0,0.00,0,-697.41
0,0.00,0,-702.13
0,0.00,0,-710.20
0,0.00,0,-714.61
0,0.00,0,-710.65
0,0.00,0,-703.81
0,0.00,0,-696.80
0,0.00,0,-699.85
0,0.00,0,-705.94
0,0.00,0,-713.09
0,0.00,0,-711.42
0,0.00,0,-706.09
0,0.00,0,-697.72
0,0.00,0,-697.11
0,0.00,0,-702.28
0,0.00,0,-709.44
0,0.00,0,-711.87
0,0.00,0,-708.37
0,0.00,0,-701.22
0,0.00,0,-696.80
0,0.00,0,-700.15
0,0.00,0,-707.46
0,0.00,0,-714.76
0,0.00,0,-712.79
0,0.00,0,-705.94
0,0.00,0,-699.39
0,0.00,0,-700.30
0,0.00,0,-706.85
0,0.00,0,-713.85
0,0.00,0,-713.85
0,0.00,0,-708.68
0,0.00,0,-701.83
0,0.00,0,-698.93
0,0.00,0,-703.20
0,0.00,0,-710.35
0,0.00,0,-713.09
0,0.00,0,-709.89
0,0.00,0,-702.44
0,0.00,0,-697.26
0,0.00,0,-699.54
0,0.00,0,-706.09
0,0.00,0,-711.72
0,0.00,0,-710.96
0,0.00,0,-705.02
0,0.00,0,-697.87
0,0.00,0,-698.48
0,0.00,0,-703.81
0,0.00,0,-712.02
0,0.00,0,-712.33
0,0.00,0,-708.52
0,0.00,0,-700.46
0,0.00,0,-698.78
0,0.00,0,-702.13
0,0.00,0,-709.28
0,0.00,0,-713.24
0,0.00,0,-711.11
0,0.00,0,-703.96
0,0.00,0,-697.72
0,0.00,0,-699.70
0,0.00,0,-706.24
0,0.00,0,-713.70
0,0.00,0,-712.02
0,0.00,0,-706.54
0,0.00,0,-698.17
0,0.00,0,-698.63
0,0.00,0,-703.50
0,0.00,0,-711.26
0,0.00,0,-712.63
0,0.00,0,-709.44
0,0.00,0,-701.52
0,0.00,0,-697.11
0,0.00,0,-699.09
0,0.00,0,-706.85
0,0.00,0,-712.18
0,0.00,0,-711.42
0,0.00,0,-704.41
0,0.00,0,-697.41
0,0.00,0,-698.93
0,0.00,0,-705.02
0,0.00,0,-713.24
0,0.00,0,-712.79
0,0.00,0,-708.52
0,0.00,0,-699.85
0,0.00,0,-699.09
0,0.00,0,-702.44
0,0.00,0,-711.87
0,0.00,0,-714.00
0,0.00,0,-711.42
0,0.00,0,-703.65
0,0.00,0,-698.78
0,0.00,0,-699.70
0,0.00,0,-705.63
0,0.00,0,-712.02
0,0.00,0,-711.57
0,0.00,0,-706.85
0,0.00,0,-698.33
0,0.00,0,-699.54
0,0.00,0,-703.50
0,0.00,0,-712.18
0,0.00,0,-711.72
0,0.00,0,-708.52
0,0.00,0,-699.85
0,0.00,0,-698.02
0,0.00,0,-701.83
0,0.00,0,-709.44
0,0.00,0,-714.31
0,0.00,0,-710.96
0,0.00,0,-705.02
0,0.00,0,-698.17
0,0.00,0,-700.15
0,0.00,0,-705.33
0,0.00,0,-712.33
0,0.00,0,-711.42
0,0.00,0,-706.85
0,0.00,0,-698.78
0,0.00,0,-697.72
0,0.00,0,-702.74
0,0.00,0,-710.50
0,0.00,0,-712.33
0,0.00,0,-708.37
0,0.00,0,-700.91
0,0.00,0,-696.65
0,0.00,0,-700.15
0,0.00,0,-707.00
0,0.00,0,-714.31
0,0.00,0,-711.57
0,0.00,0,-705.63
0,0.00,0,-697.72
0,0.00,0,-699.09
0,0.00,0,-704.57
0,0.00,0,-712.48
0,0.00,0,-712.79
0,0.00,0,-707.91
0,0.00,0,-700.00
0,0.00,0,-697.72
0,0.00,0,-701.98
0,0.00,0,-708.98
0,0.00,0,-712.79
0,0.00,0,-709.74
0,0.00,0,-702.74
0,0.00,0,-697.41
0,0.00,0,-700.15
0,0.00,0,-706.85
0,0.00,0,-714.31
0,0.00,0,-712.94
0,0.00,0,-707.46
0,0.00,0,-699.85
0,0.00,0,-698.78
0,0.00,0,-703.65
0,0.00,0,-711.26
0,0.00,0,-713.85
0,0.00,0,-709.44
0,0.00,0,-701.67
0,0.00,0,-697.56
0,0.00,0,-701.67
0,0.00,0,-708.68
0,0.00,0,-713.24
0,0.00,0,-709.89
0,0.00,0,-704.11
0,0.00,0,-697.87
0,0.00,0,-699.85
0,0.00,0,-705.33
0,0.00,0,-712.94
0,0.00,0,-713.55
0,0.00,0,-708.98
0,0.00,0,-701.07
0,0.00,0,-698.63
0,0.00,0,-702.89
0,0.00,0,-710.81
0,0.00,0,-714.76
0,0.00,0,-710.50
0,0.00,0,-703.04
0,0.00,0,-697.41
0,0.00,0,-700.61
0,0.00,0,-707.31
0,0.00,0,-713.70
0,0.00,0,-711.11
0,0.00,0,-704.11
0,0.00,0,-696.35
0,0.00,0,-696.80
0,0.00,0,-703.65
0,0.00,0,-710.50
0,0.00,0,-712.79
0,0.00,0,-707.91
0,0.00,0,-700.61
0,0.00,0,-697.72
0,0.00,0,-701.52
0,0.00,0,-709.28
0,0.00,0,-713.55
0,0.00,0,-711.87
0,0.00,0,-704.41
0,0.00,0,-698.93
0,0.00,0,-699.39
0,0.00,0,-706.85
0,0.00,0,-714.00
0,0.00,0,-713.39
0,0.00,0,-706.85
0,0.00,0,-698.33
0,0.00,0,-697.56
0,0.00,0,-702.89
0,0.00,0,-711.72
0,0.00,0,-712.94
0,0.00,0,-709.59
0,0.00,0,-701.22
0,0.00,0,-698.63
0,0.00,0,-700.61
0,0.00,0,-708.83
0,0.00,0,-713.70
0,0.00,0,-712.18
0,0.00,0,-705.02
0,0.00,0,-698.17
0,0.00,0,-700.15
0,0.00,0,-705.63
0,0.00,0,-714.16
0,0.00,0,-712.48
0,0.00,0,-708.37
0,0.00,0,-698.93
0,0.00,0,-697.56
0,0.00,0,-701.37
0,0.00,0,-709.28
0,0.00,0,-712.94
0,0.00,0,-709.89
0,0.00,0,-702.89
0,0.00,0,-696.65
0,0.00,0,-700.46
0,0.00,0,-706.39
0,0.00,0,-714.31
0,0.00,0,-712.18
0,0.00,0,-706.85
0,0.00,0,-699.24
0,0.00,0,-699.70
0,0.00,0,-704.41
0,0.00,0,-712.48
0,0.00,0,-714.16
0,0.00,0,-709.28
0,0.00,0,-701.07
0,0.00,0,-696.65
0,0.00,0,-700.91
0,0.00,0,-708.37
0,0.00,0,-713.85
0,0.00,0,-710.65
0,0.00,0,-704.26
0,0.00,0,-696.80
0,0.00,0,-698.48
0,0.00,0,-704.26
0,0.00,0,-711.57
0,0.00,0,-711.72
0,0.00,0,-706.39
0,0.00,0,-698.93
0,0.00,0,-697.41
0,0.00,0,-702.28
0,0.00,0,-710.20
0,0.00,0,-713.55
0,0.00,0,-710.05
0,0.00,0,-702.59
0,0.00,0,-696.96
0,0.00,0,-699.85
0,0.00,0,-706.39
0,0.00,0,-714.00
0,0.00,0,-712.48
0,0.00,0,-706.85
0,0.00,0,-698.17
0,0.00,0,-699.24
0,0.00,0,-704.87
0,0.00,0,-712.33
0,0.00,0,-713.39
0,0.00,0,-707.76
0,0.00,0,-700.76
0,0.00,0,-696.96
0,0.00,0,-701.67
0,0.00,0,-708.52
0,0.00,0,-713.24
0,0.00,0,-711.26
0,0.00,0,-704.11
0,0.00,0,-698.48
0,0.00,0,-699.24
0,0.00,0,-707.15
0,0.00,0,-714.16
0,0.00,0,-714.92
0,0.00,0,-707.46
0,0.00,0,-700.91
0,0.00,0,-699.54
0,0.00,0,-705.48
0,0.00,0,-713.85
0,0.00,0,-714.16
0,0.00,0,-710.35
0,0.00,0,-701.52
0,0.00,0,-698.78
0,0.00,0,-700.76
0,0.00,0,-708.22
0,0.00,0,-712.02
0,0.00,0,-710.96
0,0.00,0,-704.11
0,0.00,0,-697.56
0,0.00,0,-698.33
0,0.00,0,-703.50
