0,0.00,0,-689.80
0,0.00,0,-690.56
0,0.00,0,-689.95
0,0.00,0,-688.28
0,0.00,0,-686.45
0,0.00,0,-686.15
0,0.00,0,-686.91
0,0.00,0,-688.89
0,0.00,0,-689.19
0,0.00,0,-687.82
0,0.00,0,-686.15
0,0.00,0,-686.00
0,0.00,0,-687.21
0,0.00,0,-689.65
0,0.00,0,-690.41
0,0.00,0,-689.50
0,0.00,0,-687.82
0,0.00,0,-686.61
0,0.00,0,-687.21
0,0.00,0,-689.04
0,0.00,0,-690.26
0,0.00,0,-689.65
0,0.00,0,-687.98
0,0.00,0,-686.15
0,0.00,0,-686.30
0,0.00,0,-686.91
0,0.00,0,-689.65
0,0.00,0,-689.19
0,0.00,0,-689.04
0,0.00,0,-686.76
0,0.00,0,-687.21
0,0.00,0,-688.43
0,0.00,0,-690.26
0,0.00,0,-691.17
0,0.00,0,-689.80
0,0.00,0,-688.28
0,0.00,0,-686.45
0,0.00,0,-687.21
0,0.00,0,-688.28
0,0.00,0,-690.11
0,0.00,0,-689.04
0,0.00,0,-687.82
0,0.00,0,-686.00
0,0.00,0,-686.76
0,0.00,0,-687.52
0,0.00,0,-691.02
0,0.00,0,-691.02
0,0.00,0,-690.26
0,0.00,0,-687.37
0,0.00,0,-687.37
0,0.00,0,-687.67
0,0.00,0,-689.95
0,0.00,0,-690.41
0,0.00,0,-688.58
0,0.00,0,-687.37
0,0.00,0,-685.08
0,0.00,0,-686.45
0,0.00,0,-687.06
0,0.00,0,-690.26
0,0.00,0,-689.35
0,0.00,0,-688.58
0,0.00,0,-686.15
0,0.00,0,-687.06
0,0.00,0,-688.74
0,0.00,0,-691.32
0,0.00,0,-691.17
0,0.00,0,-689.19
0,0.00,0,-687.37
0,0.00,0,-685.84
0,0.00,0,-686.91
0,0.00,0,-687.82
0,0.00,0,-689.19
0,0.00,0,-688.28
0,0.00,0,-686.91
0,0.00,0,-686.45
0,0.00,0,-686.45
0,0.00,0,-688.89
0,0.00,0,-690.72
0,0.00,0,-691.17
0,0.00,0,-689.95
0,0.00,0,-688.28
0,0.00,0,-687.82
0,0.00,0,-687.82
0,0.00,0,-690.11
0,0.00,0,-689.50
0,0.00,0,-689.50
0,0.00,0,-686.91
0,0.00,0,-686.91
0,0.00,0,-686.45
0,0.00,0,-688.13
0,0.00,0,-688.43
0,0.00,0,-688.89
0,0.00,0,-688.43
0,0.00,0,-687.67
0,0.00,0,-687.98
0,0.00,0,-688.28
0,0.00,0,-690.41
0,0.00,0,-690.26
0,0.00,0,-689.80
0,0.00,0,-688.28
0,0.00,0,-687.98
0,0.00,0,-687.98
0,0.00,0,-689.19
0,0.00,0,-689.50
0,0.00,0,-689.35
0,0.00,0,-688.13
0,0.00,0,-687.67
0,0.00,0,-687.06
0,0.00,0,-688.89
0,0.00,0,-689.50
0,0.00,0,-690.56
0,0.00,0,-689.65
0,0.00,0,-689.65
0,0.00,0,-688.58
0,0.00,0,-689.35
0,0.00,0,-690.26
0,0.00,0,-690.11
0,0.00,0,-689.04
0,0.00,0,-686.76
0,0.00,0,-687.06
0,0.00,0,-687.37
0,0.00,0,-689.80
0,0.00,0,-690.11
0,0.00,0,-689.65
0,0.00,0,-687.98
0,0.00,0,-687.98
0,0.00,0,-687.82
0,0.00,0,-689.35
0,0.00,0,-690.87
0,0.00,0,-690.72
0,0.00,0,-689.35
0,0.00,0,-687.21
0,0.00,0,-687.52
0,0.00,0,-688.28
0,0.00,0,-690.26
0,0.00,0,-689.50
0,0.00,0,-688.13
0,0.00,0,-686.15
0,0.00,0,-686.30
0,0.00,0,-687.52
0,0.00,0,-690.41
0,0.00,0,-691.32
0,0.00,0,-690.56
0,0.00,0,-687.82
0,0.00,0,-687.06
0,0.00,0,-687.21
0,0.00,0,-689.35
0,0.00,0,-691.17
0,0.00,0,-690.87
0,0.00,0,-689.80
0,0.00,0,-688.13
0,0.00,0,-688.13
0,0.00,0,-687.82
0,0.00,0,-690.11
0,0.00,0,-689.80
0,0.00,0,-689.65
0,0.00,0,-687.21
0,0.00,0,-687.21
0,0.00,0,-688.43
0,0.00,0,-690.41
0,0.00,0,-691.48
0,0.00,0,-689.95
0,0.00,0,-689.04
0,0.00,0,-687.67
0,0.00,0,-688.13
0,0.00,0,-689.04
0,0.00,0,-690.72
0,0.00,0,-690.41
0,0.00,0,-689.19
0,0.00,0,-687.52
0,0.00,0,-687.52
0,0.00,0,-688.28
0,0.00,0,-690.72
0,0.00,0,-690.87
0,0.00,0,-690.26
0,0.00,0,-687.82
0,0.00,0,-687.67
0,0.00,0,-688.28
0,0.00,0,-690.26
0,0.00,0,-691.78
0,0.00,0,-690.72
0,0.00,0,-689.65
0,0.00,0,-687.21
0,0.00,0,-687.98
0,0.00,0,-687.82
0,0.00,0,-689.80
0,0.00,0,-689.35
0,0.00,0,-688.58
0,0.00,0,-686.76
0,0.00,0,-686.00
0,0.00,0,-687.52
0,0.00,0,-689.19
0,0.00,0,-691.17
0,0.00,0,-689.95
0,0.00,0,-689.19
0,0.00,0,-688.58
0,0.00,0,-689.19
0,0.00,0,-690.41
0,0.00,0,-691.17
0,0.00,0,-691.32
0,0.00,0,-689.65
0,0.00,0,-688.43
0,0.00,0,-687.06
0,0.00,0,-688.13
0,0.00,0,-689.04
0,0.00,0,-689.04
0,0.00,0,-688.13
0,0.00,0,-686.61
0,0.00,0,-686.30
0,0.00,0,-687.06
0,0.00,0,-689.35
0,0.00,0,-690.26
0,0.00,0,-690.26
0,0.00,0,-687.98
0,0.00,0,-687.82
0,0.00,0,-687.67
0,0.00,0,-689.80
0,0.00,0,-690.87
0,0.00,0,-690.11
0,0.00,0,-687.98
0,0.00,0,-686.15
0,0.00,0,-686.15
0,0.00,0,-687.06
0,0.00,0,-689.19
0,0.00,0,-689.19
0,0.00,0,-688.89
0,0.00,0,-686.76
0,0.00,0,-687.67
0,0.00,0,-688.13
0,0.00,0,-691.17
0,0.00,0,-691.63
0,0.00,0,-691.17
0,0.00,0,-688.74
0,0.00,0,-687.98
0,0.00,0,-688.28
0,0.00,0,-689.19
0,0.00,0,-690.87
0,0.00,0,-689.04
0,0.00,0,-688.28
0,0.00,0,-685.24
0,0.00,0,-686.30
0,0.00,0,-686.76
0,0.00,0,-690.11
0,0.00,0,-689.95
0,0.00,0,-689.65
0,0.00,0,-687.52
0,0.00,0,-687.52
0,0.00,0,-687.98
0,0.00,0,-689.80
0,0.00,0,-690.72
0,0.00,0,-690.26
0,0.00,0,-688.74
0,0.00,0,-686.76
0,0.00,0,-686.15
0,0.00,0,-687.82
0,0.00,0,-689.35
0,0.00,0,-689.35
0,0.00,0,-688.43
0,0.00,0,-686.76
0,0.00,0,-687.52
0,0.00,0,-688.13
0,0.00,0,-690.26
0,0.00,0,-690.11
0,0.00,0,-690.41
0,0.00,0,-688.28
0,0.00,0,-687.98
0,0.00,0,-687.37
0,0.00,0,-689.50
0,0.00,0,-690.72
0,0.00,0,-689.80
0,0.00,0,-688.28
0,0.00,0,-685.84
0,0.00,0,-687.06
0,0.00,0,-687.82
0,0.00,0,-690.41
0,0.00,0,-689.19
0,0.00,0,-688.43
0,0.00,0,-686.15
0,0.00,0,-686.61
0,0.00,0,-687.52
0,0.00,0,-690.41
0,0.00,0,-690.41
0,0.00,0,-689.35
0,0.00,0,-686.76
0,0.00,0,-686.15
0,0.00,0,-687.06
0,0.00,0,-689.50
0,0.00,0,-691.02
0,0.00,0,-689.50
0,0.00,0,-687.82
0,0.00,0,-685.54
0,0.00,0,-686.91
0,0.00,0,-688.28
0,0.00,0,-691.78
0,0.00,0,-690.72
0,0.00,0,-689.50
0,0.00,0,-686.30
0,0.00,0,-686.76
0,0.00,0,-687.52
0,0.00,0,-690.72
0,0.00,0,-691.63
0,0.00,0,-689.50
0,0.00,0,-687.52
0,0.00,0,-685.39
0,0.00,0,-687.06
0,0.00,0,-689.04
0,0.00,0,-691.32
0,0.00,0,-690.26
0,0.00,0,-687.67
0,0.00,0,-686.30
0,0.00,0,-686.45
0,0.00,0,-689.04
0,0.00,0,-690.87
0,0.00,0,-691.78
0,0.00,0,-689.19
0,0.00,0,-687.52
0,0.00,0,-686.15
0,0.00,0,-687.06
0,0.00,0,-689.50
0,0.00,0,-690.41
0,0.00,0,-690.11
0,0.00,0,-686.91
0,0.00,0,-686.15
0,0.00,0,-686.00
0,0.00,0,-688.43
0,0.00,0,-690.26
0,0.00,0,-690.87
0,0.00,0,-689.35
0,0.00,0,-687.21
0,0.00,0,-687.67
0,0.00,0,-687.98
0,0.00,0,-691.02
0,0.00,0,-690.72
0,0.00,0,-689.65
0,0.00,0,-687.67
0,0.00,0,-687.06
0,0.00,0,-687.82
0,0.00,0,-688.74
0,0.00,0,-689.95
0,0.00,0,-689.04
0,0.00,0,-688.13
0,0.00,0,-686.45
0,0.00,0,-687.21
0,0.00,0,-688.58
0,0.00,0,-690.41
0,0.00,0,-690.26
0,0.00,0,-689.50
0,0.00,0,-687.98
0,0.00,0,-687.52
0,0.00,0,-687.98
0,0.00,0,-689.50
0,0.00,0,-689.65
0,0.00,0,-689.50
0,0.00,0,-687.06
0,0.00,0,-686.76
0,0.00,0,-686.45
0,0.00,0,-688.58
0,0.00,0,-689.19
0,0.00,0,-689.04
0,0.00,0,-687.67
0,0.00,0,-686.76
0,0.00,0,-687.21
0,0.00,0,-687.82
0,0.00,0,-690.26
0,0.00,0,-689.04
0,0.00,0,-689.19
0,0.00,0,-686.91
0,0.00,0,-687.21
0,0.00,0,-687.06
0,0.00,0,-689.19
0,0.00,0,-689.19
0,0.00,0,-688.89
0,0.00,0,-687.37
0,0.00,0,-686.45
0,0.00,0,-687.21
0,0.00,0,-688.43
0,0.00,0,-690.56
0,0.00,0,-689.65
0,0.00,0,-689.04
0,0.00,0,-686.91
0,0.00,0,-687.21
0,0.00,0,-687.98
0,0.00,0,-689.65
0,0.00,0,-689.50
0,0.00,0,-688.13
0,0.00,0,-687.06
0,0.00,0,-686.30
0,0.00,0,-687.52
0,0.00,0,-689.04
0,0.00,0,-690.41
0,0.00,0,-689.19
0,0.00,0,-688.28
0,0.00,0,-687.06
0,0.00,0,-688.43
0,0.00,0,-689.19
0,0.00,0,-690.87
0,0.00,0,-689.50
0,0.00,0,-688.74
0,0.00,0,-686.61
0,0.00,0,-686.76
0,0.00,0,-687.98
0,0.00,0,-689.80
0,0.00,0,-690.26
0,0.00,0,-689.35
0,0.00,0,-687.98
0,0.00,0,-687.52
0,0.00,0,-688.43
0,0.00,0,-690.11
0,0.00,0,-691.32
0,0.00,0,-690.87
0,0.00,0,-689.95
0,0.00,0,-688.74
0,0.00,0,-688.43
0,0.00,0,-689.04
0,0.00,0,-689.95
0,0.00,0,-689.50
0,0.00,0,-688.58
0,0.00,0,-687.06
0,0.00,0,-687.82
0,0.00,0,-687.82
0,0.00,0,-689.80
0,0.00,0,-690.11
0,0.00,0,-689.50
0,0.00,0,-688.58
0,0.00,0,-687.98
0,0.00,0,-687.98
0,0.00,0,-688.89
0,0.00,0,-689.35
0,0.00,0,-689.04
0,0.00,0,-687.98
0,0.00,0,-687.06
0,0.00,0,-687.06
0,0.00,0,-688.13
0,0.00,0,-689.35
0,0.00,0,-688.89
0,0.00,0,-688.43
0,0.00,0,-687.06
0,0.00,0,-687.67
0,0.00,0,-688.58
0,0.00,0,-690.56
0,0.00,0,-690.26
0,0.00,0,-690.41
0,0.00,0,-688.58
0,0.00,0,-688.43
0,0.00,0,-687.98
0,0.00,0,-689.65
0,0.00,0,-690.11
0,0.00,0,-689.19
0,0.00,0,-687.37
0,0.00,0,-686.15
0,0.00,0,-687.06
0,0.00,0,-688.13
0,0.00,0,-689.95
0,0.00,0,-689.50
0,0.00,0,-688.28
0,0.00,0,-686.61
0,0.00,0,-687.06
0,0.00,0,-688.28
0,0.00,0,-690.72
0,0.00,0,-690.87
0,0.00,0,-690.26
0,0.00,0,-688.13
0,0.00,0,-687.52
0,0.00,0,-687.21
0,0.00,0,-688.58
0,0.00,0,-689.65
0,0.00,0,-688.74
0,0.00,0,-687.52
0,0.00,0,-685.69
0,0.00,0,-686.15
0,0.00,0,-687.37
0,0.00,0,-689.65
0,0.00,0,-689.19
0,0.00,0,-688.43
0,0.00,0,-687.06
0,0.00,0,-687.37
0,0.00,0,-688.43
0,0.00,0,-690.26
0,0.00,0,-691.02
0,0.00,0,-689.35
0,0.00,0,-687.67
0,0.00,0,-686.91
0,0.00,0,-687.06
0,0.00,0,-688.13
0,0.00,0,-688.74
0,0.00,0,-687.98
0,0.00,0,-686.91
0,0.00,0,-686.15
0,0.00,0,-686.61
0,0.00,0,-687.98
0,0.00,0,-689.95
0,0.00,0,-689.65
0,0.00,0,-689.19
0,0.00,0,-687.06
0,0.00,0,-687.67
0,0.00,0,-687.82
0,0.00,0,-690.26
0,0.00,0,-689.95
0,0.00,0,-689.65
0,0.00,0,-687.21
