0,0.00,0,-668.19
0,0.00,0,-680.97
0,0.00,0,-680.37
0,0.00,0,-668.80
0,0.00,0,-660.73
0,0.00,0,-666.21
0,0.00,0,-678.54
0,0.00,0,-681.89
0,0.00,0,-671.08
0,0.00,0,-663.62
0,0.00,0,-666.67
0,0.00,0,-676.41
0,0.00,0,-680.67
0,0.00,0,-668.34
0,0.00,0,-661.03
0,0.00,0,-662.86
0,0.00,0,-675.65
0,0.00,0,-682.04
0,0.00,0,-673.82
0,0.00,0,-664.84
0,0.00,0,-663.77
0,0.00,0,-674.28
0,0.00,0,-681.89
0,0.00,0,-674.43
0,0.00,0,-663.17
0,0.00,0,-663.17
0,0.00,0,-672.30
0,0.00,0,-681.28
0,0.00,0,-674.58
0,0.00,0,-664.38
0,0.00,0,-660.58
0,0.00,0,-669.86
0,0.00,0,-678.69
0,0.00,0,-675.80
0,0.00,0,-664.23
0,0.00,0,-662.71
0,0.00,0,-670.02
0,0.00,0,-681.13
0,0.00,0,-679.15
0,0.00,0,-667.88
0,0.00,0,-663.47
0,0.00,0,-666.82
0,0.00,0,-679.15
0,0.00,0,-678.84
0,0.00,0,-667.43
0,0.00,0,-660.27
0,0.00,0,-664.38
0,0.00,0,-675.95
0,0.00,0,-677.78
0,0.00,0,-667.73
0,0.00,0,-659.21
0,0.00,0,-663.01
0,0.00,0,-676.26
0,0.00,0,-681.58
0,0.00,0,-672.60
0,0.00,0,-664.23
0,0.00,0,-667.12
0,0.00,0,-677.78
0,0.00,0,-683.41
0,0.00,0,-673.67
0,0.00,0,-664.38
0,0.00,0,-664.23
0,0.00,0,-673.82
0,0.00,0,-681.28
0,0.00,0,-672.91
0,0.00,0,-662.40
0,0.00,0,-659.36
0,0.00,0,-669.71
0,0.00,0,-677.93
0,0.00,0,-674.43
0,0.00,0,-662.40
0,0.00,0,-663.62
0,0.00,0,-672.30
0,0.00,0,-683.87
0,0.00,0,-678.23
0,0.00,0,-666.82
0,0.00,0,-663.17
0,0.00,0,-669.56
0,0.00,0,-681.89
0,0.00,0,-677.78
0,0.00,0,-668.04
0,0.00,0,-660.73
0,0.00,0,-667.12
0,0.00,0,-676.26
0,0.00,0,-675.65
0,0.00,0,-663.93
0,0.00,0,-658.90
0,0.00,0,-663.77
0,0.00,0,-676.71
0,0.00,0,-680.21
0,0.00,0,-669.25
0,0.00,0,-662.71
0,0.00,0,-665.30
0,0.00,0,-678.54
0,0.00,0,-681.89
0,0.00,0,-673.06
0,0.00,0,-663.77
0,0.00,0,-666.06
0,0.00,0,-675.49
0,0.00,0,-680.67
0,0.00,0,-671.39
0,0.00,0,-659.97
0,0.00,0,-660.43
0,0.00,0,-669.71
0,0.00,0,-677.63
0,0.00,0,-669.71
0,0.00,0,-660.88
0,0.00,0,-662.25
0,0.00,0,-673.52
0,0.00,0,-683.87
0,0.00,0,-677.63
0,0.00,0,-667.12
0,0.00,0,-663.32
0,0.00,0,-671.23
0,0.00,0,-682.04
0,0.00,0,-677.78
0,0.00,0,-666.82
0,0.00,0,-661.49
0,0.00,0,-670.62
0,0.00,0,-678.39
0,0.00,0,-675.80
0,0.00,0,-661.80
0,0.00,0,-657.69
0,0.00,0,-665.14
0,0.00,0,-678.39
0,0.00,0,-678.54
0,0.00,0,-667.28
0,0.00,0,-663.01
0,0.00,0,-667.73
0,0.00,0,-680.82
0,0.00,0,-681.74
0,0.00,0,-671.08
0,0.00,0,-663.77
0,0.00,0,-667.12
0,0.00,0,-678.39
0,0.00,0,-681.13
0,0.00,0,-670.78
0,0.00,0,-662.10
0,0.00,0,-663.01
0,0.00,0,-674.58
0,0.00,0,-678.39
0,0.00,0,-669.10
0,0.00,0,-659.67
0,0.00,0,-661.80
0,0.00,0,-675.04
0,0.00,0,-683.10
0,0.00,0,-675.34
0,0.00,0,-665.45
0,0.00,0,-665.60
0,0.00,0,-673.82
0,0.00,0,-681.43
0,0.00,0,-673.06
0,0.00,0,-662.86
0,0.00,0,-661.80
0,0.00,0,-670.78
0,0.00,0,-679.45
0,0.00,0,-673.67
0,0.00,0,-662.71
0,0.00,0,-657.84
0,0.00,0,-665.75
0,0.00,0,-677.32
0,0.00,0,-677.47
0,0.00,0,-665.91
0,0.00,0,-664.08
0,0.00,0,-670.93
0,0.00,0,-683.10
0,0.00,0,-681.13
0,0.00,0,-670.02
0,0.00,0,-663.77
0,0.00,0,-667.88
0,0.00,0,-680.37
0,0.00,0,-680.21
0,0.00,0,-668.95
0,0.00,0,-660.12
0,0.00,0,-664.54
0,0.00,0,-674.43
0,0.00,0,-676.86
0,0.00,0,-666.06
0,0.00,0,-659.36
0,0.00,0,-662.71
0,0.00,0,-676.71
0,0.00,0,-683.41
0,0.00,0,-675.04
0,0.00,0,-667.12
0,0.00,0,-666.82
0,0.00,0,-677.17
0,0.00,0,-683.26
0,0.00,0,-674.58
0,0.00,0,-664.08
0,0.00,0,-663.01
0,0.00,0,-673.52
0,0.00,0,-680.82
0,0.00,0,-672.91
0,0.00,0,-660.88
0,0.00,0,-659.97
0,0.00,0,-669.71
0,0.00,0,-680.52
0,0.00,0,-675.80
0,0.00,0,-664.23
0,0.00,0,-663.01
0,0.00,0,-672.15
0,0.00,0,-684.02
0,0.00,0,-679.15
0,0.00,0,-668.80
0,0.00,0,-662.86
0,0.00,0,-669.71
0,0.00,0,-679.00
0,0.00,0,-677.02
0,0.00,0,-664.23
0,0.00,0,-657.69
0,0.00,0,-664.99
0,0.00,0,-675.34
0,0.00,0,-677.17
0,0.00,0,-665.14
0,0.00,0,-661.03
0,0.00,0,-664.84
0,0.00,0,-677.78
0,0.00,0,-681.13
0,0.00,0,-670.62
0,0.00,0,-665.45
0,0.00,0,-666.21
0,0.00,0,-679.76
0,0.00,0,-680.82
0,0.00,0,-673.21
0,0.00,0,-660.58
0,0.00,0,-660.88
0,0.00,0,-672.60
0,0.00,0,-678.69
0,0.00,0,-670.62
0,0.00,0,-658.90
0,0.00,0,-661.19
0,0.00,0,-670.62
0,0.00,0,-679.30
0,0.00,0,-670.62
0,0.00,0,-661.80
0,0.00,0,-662.56
0,0.00,0,-674.12
0,0.00,0,-683.71
0,0.00,0,-677.32
0,0.00,0,-666.97
0,0.00,0,-663.32
0,0.00,0,-671.08
0,0.00,0,-680.06
0,0.00,0,-676.26
0,0.00,0,-664.08
0,0.00,0,-659.36
0,0.00,0,-666.06
0,0.00,0,-676.86
0,0.00,0,-675.49
0,0.00,0,-664.54
0,0.00,0,-659.67
0,0.00,0,-666.67
0,0.00,0,-679.45
0,0.00,0,-680.21
0,0.00,0,-668.19
0,0.00,0,-663.77
0,0.00,0,-669.10
0,0.00,0,-681.28
0,0.00,0,-681.74
0,0.00,0,-670.02
0,0.00,0,-661.80
0,0.00,0,-662.71
0,0.00,0,-674.43
0,0.00,0,-677.17
0,0.00,0,-668.34
0,0.00,0,-659.51
0,0.00,0,-661.80
0,0.00,0,-672.75
0,0.00,0,-678.84
0,0.00,0,-671.39
0,0.00,0,-663.01
0,0.00,0,-664.54
0,0.00,0,-674.58
0,0.00,0,-683.26
0,0.00,0,-675.04
0,0.00,0,-666.97
0,0.00,0,-664.23
0,0.00,0,-673.52
0,0.00,0,-681.43
0,0.00,0,-675.80
0,0.00,0,-664.38
0,0.00,0,-659.51
0,0.00,0,-669.10
0,0.00,0,-677.78
0,0.00,0,-675.80
0,0.00,0,-663.17
0,0.00,0,-660.88
0,0.00,0,-667.58
0,0.00,0,-679.30
0,0.00,0,-677.78
0,0.00,0,-664.99
0,0.00,0,-663.01
0,0.00,0,-667.73
0,0.00,0,-682.80
0,0.00,0,-680.21
0,0.00,0,-670.78
0,0.00,0,-661.80
0,0.00,0,-665.30
0,0.00,0,-676.56
0,0.00,0,-677.78
0,0.00,0,-668.65
0,0.00,0,-658.60
0,0.00,0,-664.99
0,0.00,0,-673.52
0,0.00,0,-679.91
0,0.00,0,-667.88
0,0.00,0,-661.19
0,0.00,0,-663.77
0,0.00,0,-675.80
0,0.00,0,-683.26
0,0.00,0,-672.75
0,0.00,0,-666.36
0,0.00,0,-664.69
0,0.00,0,-677.78
0,0.00,0,-682.04
0,0.00,0,-675.65
0,0.00,0,-664.08
0,0.00,0,-661.80
0,0.00,0,-670.78
0,0.00,0,-677.78
0,0.00,0,-672.45
0,0.00,0,-661.34
0,0.00,0,-661.03
0,0.00,0,-669.25
0,0.00,0,-681.13
0,0.00,0,-675.95
0,0.00,0,-666.06
0,0.00,0,-662.86
0,0.00,0,-670.47
0,0.00,0,-682.80
0,0.00,0,-679.45
0,0.00,0,-670.17
0,0.00,0,-663.62
0,0.00,0,-669.41
0,0.00,0,-678.69
0,0.00,0,-678.23
0,0.00,0,-666.21
0,0.00,0,-658.30
0,0.00,0,-662.71
0,0.00,0,-673.82
0,0.00,0,-676.86
0,0.00,0,-666.21
0,0.00,0,-660.58
0,0.00,0,-664.23
0,0.00,0,-677.47
0,0.00,0,-681.89
0,0.00,0,-672.15
0,0.00,0,-664.38
0,0.00,0,-666.51
0,0.00,0,-677.93
0,0.00,0,-682.95
0,0.00,0,-673.52
0,0.00,0,-663.32
0,0.00,0,-661.95
0,0.00,0,-671.99
0,0.00,0,-678.69
0,0.00,0,-670.47
0,0.00,0,-658.90
0,0.00,0,-658.75
0,0.00,0,-669.71
0,0.00,0,-679.91
0,0.00,0,-674.28
0,0.00,0,-662.56
0,0.00,0,-663.32
0,0.00,0,-671.99
0,0.00,0,-683.10
0,0.00,0,-676.41
0,0.00,0,-667.73
0,0.00,0,-664.38
0,0.00,0,-671.84
0,0.00,0,-681.43
0,0.00,0,-677.63
0,0.00,0,-666.06
0,0.00,0,-658.30
0,0.00,0,-664.69
0,0.00,0,-674.43
0,0.00,0,-675.65
0,0.00,0,-664.38
0,0.00,0,-660.58
0,0.00,0,-666.21
0,0.00,0,-679.91
0,0.00,0,-682.19
0,0.00,0,-670.32
0,0.00,0,-663.47
0,0.00,0,-667.43
0,0.00,0,-680.97
0,0.00,0,-682.95
0,0.00,0,-673.97
0,0.00,0,-664.69
0,0.00,0,-666.51
0,0.00,0,-676.10
0,0.00,0,-678.84
0,0.00,0,-667.88
0,0.00,0,-656.77
0,0.00,0,-659.67
0,0.00,0,-671.23
0,0.00,0,-680.06
0,0.00,0,-672.45
0,0.00,0,-664.84
0,0.00,0,-664.38
0,0.00,0,-675.49
0,0.00,0,-683.87
0,0.00,0,-677.02
0,0.00,0,-667.28
0,0.00,0,-664.99
0,0.00,0,-674.58
0,0.00,0,-682.50
0,0.00,0,-677.47
0,0.00,0,-665.45
0,0.00,0,-659.51
0,0.00,0,-665.60
0,0.00,0,-675.34
0,0.00,0,-673.67
0,0.00,0,-662.25
0,0.00,0,-660.58
0,0.00,0,-667.58
0,0.00,0,-680.67
0,0.00,0,-678.84
0,0.00,0,-667.43
0,0.00,0,-662.25
0,0.00,0,-667.28
0,0.00,0,-681.43
0,0.00,0,-681.43
0,0.00,0,-670.47
0,0.00,0,-662.56
0,0.00,0,-666.67
0,0.00,0,-676.56
0,0.00,0,-678.39
0,0.00,0,-667.43
0,0.00,0,-657.23
0,0.00,0,-661.80
0,0.00,0,-673.82
0,0.00,0,-680.06
0,0.00,0,-669.41
0,0.00,0,-662.10
0,0.00,0,-664.84
0,0.00,0,-676.71
0,0.00,0,-683.71
0,0.00,0,-673.36
0,0.00,0,-665.14
0,0.00,0,-663.47
0,0.00,0,-677.32
0,0.00,0,-682.95
0,0.00,0,-675.80
0,0.00,0,-663.47
0,0.00,0,-660.58
0,0.00,0,-670.02
0,0.00,0,-677.78
0,0.00,0,-673.21
0,0.00,0,-660.88
0,0.00,0,-661.03
0,0.00,0,-670.62
0,0.00,0,-682.19
0,0.00,0,-676.86
0,0.00,0,-665.75
0,0.00,0,-662.86
0,0.00,0,-671.08
0,0.00,0,-683.41
0,0.00,0,-679.30
0,0.00,0,-668.80
0,0.00,0,-661.80
0,0.00,0,-667.88
0,0.00,0,-678.39
0,0.00,0,-677.47
0,0.00,0,-664.69
0,0.00,0,-658.14
0,0.00,0,-663.17
0,0.00,0,-675.04
0,0.00,0,-678.08
0,0.00,0,-666.82
0,0.00,0,-661.03
0,0.00,0,-664.99
0,0.00,0,-678.69
0,0.00,0,-681.58
0,0.00,0,-671.39
0,0.00,0,-662.56
0,0.00,0,-665.75
0,0.00,0,-678.39
0,0.00,0,-682.65
0,0.00,0,-671.54
0,0.00,0,-660.12
0,0.00,0,-660.73
0,0.00,0,-671.69
0,0.00,0,-679.45
0,0.00,0,-671.08
0,0.00,0,-660.88
0,0.00,0,-662.86
0,0.00,0,-672.91
0,0.00,0,-682.65
0,0.00,0,-674.28
0,0.00,0,-664.84
0,0.00,0,-663.93
0,0.00,0,-673.82
0,0.00,0,-684.02
0,0.00,0,-676.86
0,0.00,0,-665.45
0,0.00,0,-659.21
0,0.00,0,-668.95
0,0.00,0,-677.93
0,0.00,0,-675.65
