0,0.00,0,-678.08
0,0.00,0,-678.84
0,0.00,0,-677.63
0,0.00,0,-675.04
0,0.00,0,-673.97
0,0.00,0,-674.28
0,0.00,0,-675.80
0,0.00,0,-677.17
0,0.00,0,-675.65
0,0.00,0,-675.19
0,0.00,0,-674.89
0,0.00,0,-675.95
0,0.00,0,-677.47
0,0.00,0,-677.47
0,0.00,0,-676.26
0,0.00,0,-675.49
0,0.00,0,-675.80
0,0.00,0,-677.02
0,0.00,0,-678.54
0,0.00,0,-676.41
0,0.00,0,-674.73
0,0.00,0,-673.52
0,0.00,0,-674.12
0,0.00,0,-676.10
0,0.00,0,-678.08
0,0.00,0,-677.47
0,0.00,0,-676.86
0,0.00,0,-676.56
0,0.00,0,-677.32
0,0.00,0,-679.00
0,0.00,0,-678.69
0,0.00,0,-677.17
0,0.00,0,-675.04
0,0.00,0,-674.58
0,0.00,0,-675.19
0,0.00,0,-677.17
0,0.00,0,-676.56
0,0.00,0,-675.95
0,0.00,0,-675.49
0,0.00,0,-676.56
0,0.00,0,-678.39
0,0.00,0,-679.91
0,0.00,0,-678.54
0,0.00,0,-677.63
0,0.00,0,-676.86
0,0.00,0,-676.26
0,0.00,0,-677.02
0,0.00,0,-675.49
0,0.00,0,-673.97
0,0.00,0,-672.30
0,0.00,0,-672.75
0,0.00,0,-673.97
0,0.00,0,-677.32
0,0.00,0,-677.47
0,0.00,0,-677.47
0,0.00,0,-677.02
0,0.00,0,-677.32
0,0.00,0,-679.00
0,0.00,0,-679.45
0,0.00,0,-678.23
0,0.00,0,-676.10
0,0.00,0,-675.65
0,0.00,0,-674.89
0,0.00,0,-676.26
0,0.00,0,-674.73
0,0.00,0,-673.52
0,0.00,0,-672.45
0,0.00,0,-673.06
0,0.00,0,-674.58
0,0.00,0,-677.47
0,0.00,0,-677.63
0,0.00,0,-677.47
0,0.00,0,-677.63
0,0.00,0,-677.93
0,0.00,0,-679.00
0,0.00,0,-678.23
0,0.00,0,-676.41
0,0.00,0,-674.58
0,0.00,0,-673.97
0,0.00,0,-674.12
0,0.00,0,-675.95
0,0.00,0,-675.49
0,0.00,0,-674.73
0,0.00,0,-674.43
0,0.00,0,-675.19
0,0.00,0,-677.47
0,0.00,0,-679.30
0,0.00,0,-679.76
0,0.00,0,-678.54
0,0.00,0,-678.39
0,0.00,0,-677.93
0,0.00,0,-679.15
0,0.00,0,-679.15
0,0.00,0,-676.26
0,0.00,0,-674.58
0,0.00,0,-672.60
0,0.00,0,-674.43
0,0.00,0,-675.80
0,0.00,0,-677.17
0,0.00,0,-675.80
0,0.00,0,-676.26
0,0.00,0,-676.26
0,0.00,0,-678.39
0,0.00,0,-680.82
0,0.00,0,-680.06
0,0.00,0,-679.45
0,0.00,0,-677.78
0,0.00,0,-677.63
0,0.00,0,-677.93
0,0.00,0,-678.08
0,0.00,0,-675.19
0,0.00,0,-674.28
0,0.00,0,-673.67
0,0.00,0,-674.89
0,0.00,0,-676.86
0,0.00,0,-677.17
0,0.00,0,-676.71
0,0.00,0,-676.86
0,0.00,0,-677.32
0,0.00,0,-679.00
0,0.00,0,-679.91
0,0.00,0,-678.23
0,0.00,0,-677.02
0,0.00,0,-675.80
0,0.00,0,-675.95
0,0.00,0,-676.71
0,0.00,0,-677.78
0,0.00,0,-675.49
0,0.00,0,-674.89
0,0.00,0,-674.12
0,0.00,0,-675.80
0,0.00,0,-678.39
0,0.00,0,-678.39
0,0.00,0,-677.32
0,0.00,0,-676.71
0,0.00,0,-677.17
0,0.00,0,-677.63
0,0.00,0,-678.84
0,0.00,0,-676.71
0,0.00,0,-675.49
0,0.00,0,-673.97
0,0.00,0,-674.58
0,0.00,0,-675.49
0,0.00,0,-676.41
0,0.00,0,-675.04
0,0.00,0,-674.43
0,0.00,0,-674.73
0,0.00,0,-675.95
0,0.00,0,-678.08
0,0.00,0,-678.08
0,0.00,0,-677.63
0,0.00,0,-677.02
0,0.00,0,-677.17
0,0.00,0,-677.93
0,0.00,0,-678.39
0,0.00,0,-676.26
0,0.00,0,-674.28
0,0.00,0,-673.21
0,0.00,0,-673.82
0,0.00,0,-676.10
0,0.00,0,-676.56
0,0.00,0,-676.41
0,0.00,0,-676.26
0,0.00,0,-676.56
0,0.00,0,-677.93
0,0.00,0,-679.76
0,0.00,0,-678.84
0,0.00,0,-677.02
0,0.00,0,-675.19
0,0.00,0,-675.49
0,0.00,0,-676.26
0,0.00,0,-677.47
0,0.00,0,-675.19
0,0.00,0,-674.43
0,0.00,0,-673.21
0,0.00,0,-674.43
0,0.00,0,-676.56
0,0.00,0,-679.00
0,0.00,0,-678.23
0,0.00,0,-677.93
0,0.00,0,-677.17
0,0.00,0,-678.23
0,0.00,0,-680.37
0,0.00,0,-679.00
0,0.00,0,-677.32
0,0.00,0,-675.34
0,0.00,0,-674.89
0,0.00,0,-674.73
0,0.00,0,-675.80
0,0.00,0,-674.28
0,0.00,0,-674.12
0,0.00,0,-674.43
0,0.00,0,-675.19
0,0.00,0,-678.23
0,0.00,0,-679.00
0,0.00,0,-678.69
0,0.00,0,-677.93
0,0.00,0,-677.78
0,0.00,0,-678.23
0,0.00,0,-679.60
0,0.00,0,-677.63
0,0.00,0,-675.80
0,0.00,0,-674.28
0,0.00,0,-674.28
0,0.00,0,-675.65
0,0.00,0,-676.71
0,0.00,0,-676.10
0,0.00,0,-675.49
0,0.00,0,-675.34
0,0.00,0,-675.80
0,0.00,0,-678.69
0,0.00,0,-679.45
0,0.00,0,-678.23
0,0.00,0,-677.02
0,0.00,0,-676.71
0,0.00,0,-677.32
0,0.00,0,-678.69
0,0.00,0,-677.63
0,0.00,0,-675.80
0,0.00,0,-674.73
0,0.00,0,-674.43
0,0.00,0,-675.95
0,0.00,0,-677.32
0,0.00,0,-676.41
0,0.00,0,-675.95
0,0.00,0,-675.65
0,0.00,0,-676.26
0,0.00,0,-678.23
0,0.00,0,-679.76
0,0.00,0,-678.08
0,0.00,0,-677.47
0,0.00,0,-676.10
0,0.00,0,-677.63
0,0.00,0,-678.69
0,0.00,0,-677.78
0,0.00,0,-675.65
0,0.00,0,-674.73
0,0.00,0,-674.73
0,0.00,0,-676.26
0,0.00,0,-677.93
0,0.00,0,-676.41
0,0.00,0,-676.56
0,0.00,0,-676.56
0,0.00,0,-677.47
0,0.00,0,-679.00
0,0.00,0,-679.15
0,0.00,0,-677.47
0,0.00,0,-675.80
0,0.00,0,-675.19
0,0.00,0,-675.95
0,0.00,0,-677.63
0,0.00,0,-676.41
0,0.00,0,-674.89
0,0.00,0,-674.73
0,0.00,0,-675.19
0,0.00,0,-677.17
0,0.00,0,-678.84
0,0.00,0,-678.39
0,0.00,0,-677.78
0,0.00,0,-676.56
0,0.00,0,-676.71
0,0.00,0,-678.08
0,0.00,0,-678.39
0,0.00,0,-676.10
0,0.00,0,-674.43
0,0.00,0,-674.28
0,0.00,0,-675.19
0,0.00,0,-677.02
0,0.00,0,-675.49
0,0.00,0,-675.49
0,0.00,0,-675.19
0,0.00,0,-675.95
0,0.00,0,-677.02
0,0.00,0,-678.69
0,0.00,0,-677.17
0,0.00,0,-676.26
0,0.00,0,-675.49
0,0.00,0,-675.80
0,0.00,0,-677.78
0,0.00,0,-677.63
0,0.00,0,-676.10
0,0.00,0,-674.58
0,0.00,0,-674.89
0,0.00,0,-676.26
0,0.00,0,-678.39
0,0.00,0,-677.78
0,0.00,0,-676.56
0,0.00,0,-676.26
0,0.00,0,-676.86
0,0.00,0,-678.23
0,0.00,0,-679.30
0,0.00,0,-677.63
0,0.00,0,-675.80
0,0.00,0,-674.89
0,0.00,0,-675.34
0,0.00,0,-677.02
0,0.00,0,-677.02
0,0.00,0,-675.80
0,0.00,0,-675.34
0,0.00,0,-675.49
0,0.00,0,-676.41
0,0.00,0,-678.69
0,0.00,0,-678.39
0,0.00,0,-676.71
0,0.00,0,-675.04
0,0.00,0,-674.58
0,0.00,0,-676.71
0,0.00,0,-677.93
0,0.00,0,-677.02
0,0.00,0,-675.65
0,0.00,0,-675.04
0,0.00,0,-675.80
0,0.00,0,-677.78
0,0.00,0,-678.84
0,0.00,0,-677.93
0,0.00,0,-677.78
0,0.00,0,-677.17
0,0.00,0,-678.23
0,0.00,0,-679.00
0,0.00,0,-678.39
0,0.00,0,-675.95
0,0.00,0,-674.43
0,0.00,0,-673.82
0,0.00,0,-675.95
0,0.00,0,-676.56
0,0.00,0,-675.65
0,0.00,0,-675.19
0,0.00,0,-676.10
0,0.00,0,-677.02
0,0.00,0,-679.45
0,0.00,0,-680.06
0,0.00,0,-678.69
0,0.00,0,-677.93
0,0.00,0,-677.32
0,0.00,0,-677.63
0,0.00,0,-678.39
0,0.00,0,-677.32
0,0.00,0,-675.49
0,0.00,0,-673.97
0,0.00,0,-674.12
0,0.00,0,-676.26
0,0.00,0,-677.47
0,0.00,0,-677.17
0,0.00,0,-676.86
0,0.00,0,-677.02
0,0.00,0,-677.17
0,0.00,0,-678.54
0,0.00,0,-678.69
0,0.00,0,-677.02
0,0.00,0,-676.10
0,0.00,0,-674.58
0,0.00,0,-675.65
0,0.00,0,-676.86
0,0.00,0,-676.41
0,0.00,0,-674.89
0,0.00,0,-674.58
0,0.00,0,-675.49
0,0.00,0,-677.47
0,0.00,0,-679.30
0,0.00,0,-678.54
0,0.00,0,-677.93
0,0.00,0,-677.93
0,0.00,0,-677.63
0,0.00,0,-679.00
0,0.00,0,-678.08
0,0.00,0,-675.95
0,0.00,0,-674.89
0,0.00,0,-673.97
0,0.00,0,-675.34
0,0.00,0,-676.71
0,0.00,0,-676.71
0,0.00,0,-675.80
0,0.00,0,-676.26
0,0.00,0,-676.10
0,0.00,0,-678.69
0,0.00,0,-680.21
0,0.00,0,-679.15
0,0.00,0,-677.78
0,0.00,0,-676.41
0,0.00,0,-676.56
0,0.00,0,-677.78
0,0.00,0,-677.02
0,0.00,0,-674.73
0,0.00,0,-673.06
0,0.00,0,-672.91
0,0.00,0,-674.73
0,0.00,0,-676.56
0,0.00,0,-676.56
0,0.00,0,-676.10
0,0.00,0,-676.56
0,0.00,0,-677.32
0,0.00,0,-679.45
0,0.00,0,-680.06
0,0.00,0,-678.69
0,0.00,0,-677.17
0,0.00,0,-676.10
0,0.00,0,-675.65
0,0.00,0,-676.71
0,0.00,0,-676.26
0,0.00,0,-674.43
0,0.00,0,-674.28
0,0.00,0,-673.82
0,0.00,0,-676.26
0,0.00,0,-677.78
0,0.00,0,-677.78
0,0.00,0,-676.71
0,0.00,0,-677.02
0,0.00,0,-677.32
0,0.00,0,-679.00
0,0.00,0,-679.30
0,0.00,0,-676.56
0,0.00,0,-675.04
0,0.00,0,-673.67
0,0.00,0,-674.58
0,0.00,0,-676.26
0,0.00,0,-677.02
0,0.00,0,-675.80
0,0.00,0,-675.95
0,0.00,0,-676.41
0,0.00,0,-678.84
0,0.00,0,-680.82
0,0.00,0,-679.91
0,0.00,0,-678.39
0,0.00,0,-676.56
0,0.00,0,-676.10
0,0.00,0,-676.56
0,0.00,0,-677.47
0,0.00,0,-675.34
0,0.00,0,-674.28
0,0.00,0,-673.21
0,0.00,0,-674.73
0,0.00,0,-677.02
0,0.00,0,-678.39
0,0.00,0,-677.02
0,0.00,0,-676.71
0,0.00,0,-676.71
0,0.00,0,-678.08
0,0.00,0,-678.84
0,0.00,0,-677.32
0,0.00,0,-675.34
0,0.00,0,-674.28
0,0.00,0,-673.97
0,0.00,0,-675.04
0,0.00,0,-675.95
0,0.00,0,-675.49
0,0.00,0,-675.19
0,0.00,0,-675.65
0,0.00,0,-676.86
0,0.00,0,-679.91
0,0.00,0,-680.21
0,0.00,0,-679.15
0,0.00,0,-677.63
0,0.00,0,-676.56
0,0.00,0,-676.56
0,0.00,0,-676.71
0,0.00,0,-674.89
0,0.00,0,-673.36
0,0.00,0,-672.30
0,0.00,0,-672.91
0,0.00,0,-674.89
0,0.00,0,-676.56
0,0.00,0,-676.10
0,0.00,0,-676.10
0,0.00,0,-676.41
0,0.00,0,-678.23
0,0.00,0,-680.21
0,0.00,0,-680.06
0,0.00,0,-677.78
0,0.00,0,-676.56
0,0.00,0,-675.95
0,0.00,0,-675.80
0,0.00,0,-676.71
0,0.00,0,-675.04
0,0.00,0,-674.43
0,0.00,0,-673.82
0,0.00,0,-674.89
0,0.00,0,-677.17
0,0.00,0,-679.15
0,0.00,0,-678.84
0,0.00,0,-678.23
0,0.00,0,-677.63
0,0.00,0,-677.63
0,0.00,0,-678.69
0,0.00,0,-677.17
0,0.00,0,-675.04
0,0.00,0,-673.52
0,0.00,0,-673.97
0,0.00,0,-675.19
0,0.00,0,-676.86
0,0.00,0,-676.56
0,0.00,0,-676.26
0,0.00,0,-676.41
0,0.00,0,-676.71
0,0.00,0,-679.15
0,0.00,0,-680.21
0,0.00,0,-679.30
0,0.00,0,-677.02
0,0.00,0,-675.65
0,0.00,0,-676.26
0,0.00,0,-677.02
