0,0.00,0,-682.65
0,0.00,0,-684.32
0,0.00,0,-686.15
0,0.00,0,-686.30
0,0.00,0,-683.87
0,0.00,0,-681.58
0,0.00,0,-679.91
0,0.00,0,-682.04
0,0.00,0,-682.95
0,0.00,0,-682.65
0,0.00,0,-680.67
0,0.00,0,-680.06
0,0.00,0,-680.97
0,0.00,0,-684.78
0,0.00,0,-686.00
0,0.00,0,-685.39
0,0.00,0,-683.56
0,0.00,0,-682.19
0,0.00,0,-682.95
0,0.00,0,-684.63
0,0.00,0,-683.71
0,0.00,0,-681.13
0,0.00,0,-678.84
0,0.00,0,-677.78
0,0.00,0,-680.82
0,0.00,0,-683.56
0,0.00,0,-684.17
0,0.00,0,-683.71
0,0.00,0,-682.95
0,0.00,0,-683.87
0,0.00,0,-687.21
0,0.00,0,-688.43
0,0.00,0,-686.15
0,0.00,0,-683.10
0,0.00,0,-680.21
0,0.00,0,-681.28
0,0.00,0,-683.26
0,0.00,0,-682.65
0,0.00,0,-680.82
0,0.00,0,-679.76
0,0.00,0,-679.60
0,0.00,0,-682.19
0,0.00,0,-684.78
0,0.00,0,-685.84
0,0.00,0,-685.54
0,0.00,0,-683.56
0,0.00,0,-682.80
0,0.00,0,-684.63
0,0.00,0,-684.63
0,0.00,0,-682.65
0,0.00,0,-680.37
0,0.00,0,-679.30
0,0.00,0,-681.13
0,0.00,0,-683.71
0,0.00,0,-684.63
0,0.00,0,-683.71
0,0.00,0,-683.10
0,0.00,0,-682.65
0,0.00,0,-685.39
0,0.00,0,-686.91
0,0.00,0,-686.00
0,0.00,0,-683.10
0,0.00,0,-680.97
0,0.00,0,-681.13
0,0.00,0,-683.10
0,0.00,0,-683.41
0,0.00,0,-682.19
0,0.00,0,-681.74
0,0.00,0,-680.37
0,0.00,0,-682.80
0,0.00,0,-685.69
0,0.00,0,-686.76
0,0.00,0,-685.39
0,0.00,0,-683.71
0,0.00,0,-682.04
0,0.00,0,-684.32
0,0.00,0,-685.24
0,0.00,0,-683.71
0,0.00,0,-680.82
0,0.00,0,-679.00
0,0.00,0,-680.67
0,0.00,0,-683.87
0,0.00,0,-684.93
0,0.00,0,-684.32
0,0.00,0,-683.87
0,0.00,0,-682.80
0,0.00,0,-684.63
0,0.00,0,-686.91
0,0.00,0,-686.91
0,0.00,0,-684.02
0,0.00,0,-681.43
0,0.00,0,-679.76
0,0.00,0,-681.74
0,0.00,0,-683.26
0,0.00,0,-682.65
0,0.00,0,-681.13
0,0.00,0,-679.60
0,0.00,0,-680.82
0,0.00,0,-684.78
0,0.00,0,-687.21
0,0.00,0,-685.84
0,0.00,0,-684.32
0,0.00,0,-682.19
0,0.00,0,-684.32
0,0.00,0,-685.84
0,0.00,0,-685.08
0,0.00,0,-682.65
0,0.00,0,-681.28
0,0.00,0,-679.76
0,0.00,0,-681.74
0,0.00,0,-683.26
0,0.00,0,-684.17
0,0.00,0,-683.71
0,0.00,0,-682.34
0,0.00,0,-682.80
0,0.00,0,-685.84
0,0.00,0,-687.52
0,0.00,0,-685.39
0,0.00,0,-682.95
0,0.00,0,-679.76
0,0.00,0,-681.74
0,0.00,0,-683.87
0,0.00,0,-684.63
0,0.00,0,-682.80
0,0.00,0,-682.04
0,0.00,0,-681.89
0,0.00,0,-684.02
0,0.00,0,-686.30
0,0.00,0,-685.84
0,0.00,0,-685.08
0,0.00,0,-682.19
0,0.00,0,-682.19
0,0.00,0,-684.02
0,0.00,0,-685.39
0,0.00,0,-683.56
0,0.00,0,-682.04
0,0.00,0,-680.21
0,0.00,0,-681.13
0,0.00,0,-683.56
0,0.00,0,-683.87
0,0.00,0,-683.56
0,0.00,0,-682.80
0,0.00,0,-682.34
0,0.00,0,-685.08
0,0.00,0,-687.37
0,0.00,0,-686.15
0,0.00,0,-683.41
0,0.00,0,-680.37
0,0.00,0,-680.97
0,0.00,0,-683.87
0,0.00,0,-684.32
0,0.00,0,-682.04
0,0.00,0,-680.67
0,0.00,0,-679.00
0,0.00,0,-680.82
0,0.00,0,-683.41
0,0.00,0,-684.78
0,0.00,0,-684.78
0,0.00,0,-683.56
0,0.00,0,-682.19
0,0.00,0,-684.32
0,0.00,0,-686.30
0,0.00,0,-684.78
0,0.00,0,-682.04
0,0.00,0,-678.69
0,0.00,0,-679.30
0,0.00,0,-681.74
0,0.00,0,-683.26
0,0.00,0,-681.89
0,0.00,0,-681.43
0,0.00,0,-680.52
0,0.00,0,-683.10
0,0.00,0,-685.69
0,0.00,0,-686.15
0,0.00,0,-684.78
0,0.00,0,-683.10
0,0.00,0,-682.04
0,0.00,0,-683.56
0,0.00,0,-684.78
0,0.00,0,-683.26
0,0.00,0,-681.74
0,0.00,0,-679.30
0,0.00,0,-680.52
0,0.00,0,-683.56
0,0.00,0,-685.69
0,0.00,0,-685.24
0,0.00,0,-684.02
0,0.00,0,-683.10
0,0.00,0,-684.78
0,0.00,0,-686.61
0,0.00,0,-686.00
0,0.00,0,-682.95
0,0.00,0,-680.21
0,0.00,0,-679.30
0,0.00,0,-682.34
0,0.00,0,-684.47
0,0.00,0,-683.87
0,0.00,0,-683.10
0,0.00,0,-682.80
0,0.00,0,-683.87
0,0.00,0,-686.91
0,0.00,0,-687.82
0,0.00,0,-686.61
0,0.00,0,-684.47
0,0.00,0,-682.34
0,0.00,0,-682.65
0,0.00,0,-685.08
0,0.00,0,-684.63
0,0.00,0,-682.80
0,0.00,0,-680.97
0,0.00,0,-680.52
0,0.00,0,-683.71
0,0.00,0,-685.54
0,0.00,0,-685.24
0,0.00,0,-684.02
0,0.00,0,-683.10
0,0.00,0,-682.50
0,0.00,0,-684.93
0,0.00,0,-684.63
0,0.00,0,-683.56
0,0.00,0,-681.13
0,0.00,0,-680.21
0,0.00,0,-681.28
0,0.00,0,-684.02
0,0.00,0,-683.10
0,0.00,0,-682.19
0,0.00,0,-680.97
0,0.00,0,-681.43
0,0.00,0,-684.63
0,0.00,0,-686.30
0,0.00,0,-686.45
0,0.00,0,-684.02
0,0.00,0,-681.89
0,0.00,0,-680.67
0,0.00,0,-684.02
0,0.00,0,-684.32
0,0.00,0,-683.26
0,0.00,0,-680.82
0,0.00,0,-680.37
0,0.00,0,-682.34
0,0.00,0,-685.54
0,0.00,0,-686.00
0,0.00,0,-684.93
0,0.00,0,-683.87
0,0.00,0,-682.34
0,0.00,0,-684.32
0,0.00,0,-685.24
0,0.00,0,-685.39
0,0.00,0,-682.80
0,0.00,0,-680.67
0,0.00,0,-679.30
0,0.00,0,-682.65
0,0.00,0,-682.80
0,0.00,0,-682.34
0,0.00,0,-680.82
0,0.00,0,-681.43
0,0.00,0,-684.02
0,0.00,0,-686.15
0,0.00,0,-686.00
0,0.00,0,-684.63
0,0.00,0,-683.10
0,0.00,0,-681.28
0,0.00,0,-683.56
0,0.00,0,-683.26
0,0.00,0,-682.34
0,0.00,0,-679.45
0,0.00,0,-679.15
0,0.00,0,-679.91
0,0.00,0,-683.71
0,0.00,0,-683.87
0,0.00,0,-684.17
0,0.00,0,-683.26
0,0.00,0,-682.80
0,0.00,0,-684.02
0,0.00,0,-686.15
0,0.00,0,-686.00
0,0.00,0,-683.41
0,0.00,0,-681.58
0,0.00,0,-679.76
0,0.00,0,-682.95
0,0.00,0,-683.56
0,0.00,0,-683.10
0,0.00,0,-680.52
0,0.00,0,-680.06
0,0.00,0,-681.58
0,0.00,0,-685.08
0,0.00,0,-685.39
0,0.00,0,-684.93
0,0.00,0,-683.71
0,0.00,0,-681.89
0,0.00,0,-682.95
0,0.00,0,-683.87
0,0.00,0,-683.71
0,0.00,0,-681.74
0,0.00,0,-680.06
0,0.00,0,-679.60
0,0.00,0,-683.10
0,0.00,0,-683.87
0,0.00,0,-682.95
0,0.00,0,-681.58
0,0.00,0,-681.13
0,0.00,0,-683.10
0,0.00,0,-686.00
0,0.00,0,-685.54
0,0.00,0,-683.87
0,0.00,0,-681.89
0,0.00,0,-680.21
0,0.00,0,-682.50
0,0.00,0,-683.41
0,0.00,0,-683.10
0,0.00,0,-681.28
0,0.00,0,-680.37
0,0.00,0,-680.06
0,0.00,0,-683.26
0,0.00,0,-684.47
0,0.00,0,-684.93
0,0.00,0,-683.87
0,0.00,0,-682.65
0,0.00,0,-682.95
0,0.00,0,-685.69
0,0.00,0,-685.39
0,0.00,0,-683.41
0,0.00,0,-680.82
0,0.00,0,-680.82
0,0.00,0,-683.87
0,0.00,0,-685.39
0,0.00,0,-684.02
0,0.00,0,-682.34
0,0.00,0,-681.74
0,0.00,0,-682.19
0,0.00,0,-684.93
0,0.00,0,-686.76
0,0.00,0,-685.54
0,0.00,0,-684.02
0,0.00,0,-680.52
0,0.00,0,-681.74
0,0.00,0,-684.02
0,0.00,0,-684.93
0,0.00,0,-682.50
0,0.00,0,-681.28
0,0.00,0,-680.67
0,0.00,0,-683.41
0,0.00,0,-685.84
0,0.00,0,-684.93
0,0.00,0,-684.02
0,0.00,0,-681.58
0,0.00,0,-681.43
0,0.00,0,-683.56
0,0.00,0,-684.47
0,0.00,0,-682.80
0,0.00,0,-680.97
0,0.00,0,-679.76
0,0.00,0,-681.43
0,0.00,0,-684.02
0,0.00,0,-683.87
0,0.00,0,-683.87
0,0.00,0,-682.65
0,0.00,0,-681.89
0,0.00,0,-683.56
0,0.00,0,-685.39
0,0.00,0,-684.63
0,0.00,0,-682.34
0,0.00,0,-679.60
0,0.00,0,-679.30
0,0.00,0,-682.34
0,0.00,0,-683.41
0,0.00,0,-682.95
0,0.00,0,-681.13
0,0.00,0,-680.67
0,0.00,0,-681.43
0,0.00,0,-684.63
0,0.00,0,-684.02
0,0.00,0,-683.71
0,0.00,0,-681.43
0,0.00,0,-681.74
0,0.00,0,-683.41
0,0.00,0,-685.54
0,0.00,0,-684.02
0,0.00,0,-682.80
0,0.00,0,-680.82
0,0.00,0,-681.13
0,0.00,0,-684.17
0,0.00,0,-684.32
0,0.00,0,-684.32
0,0.00,0,-682.95
0,0.00,0,-682.80
0,0.00,0,-683.26
0,0.00,0,-685.84
0,0.00,0,-684.32
0,0.00,0,-683.10
0,0.00,0,-680.37
0,0.00,0,-680.37
0,0.00,0,-682.34
0,0.00,0,-684.63
0,0.00,0,-683.87
0,0.00,0,-682.50
0,0.00,0,-681.28
0,0.00,0,-681.43
0,0.00,0,-684.78
0,0.00,0,-684.63
0,0.00,0,-684.17
0,0.00,0,-681.74
0,0.00,0,-681.89
0,0.00,0,-682.65
0,0.00,0,-685.69
0,0.00,0,-684.47
0,0.00,0,-683.10
0,0.00,0,-680.67
0,0.00,0,-680.06
0,0.00,0,-682.95
0,0.00,0,-684.63
0,0.00,0,-685.08
0,0.00,0,-682.34
0,0.00,0,-682.04
0,0.00,0,-682.19
0,0.00,0,-685.69
0,0.00,0,-684.32
0,0.00,0,-683.56
0,0.00,0,-681.58
0,0.00,0,-681.74
0,0.00,0,-682.80
0,0.00,0,-685.24
0,0.00,0,-684.17
0,0.00,0,-682.80
0,0.00,0,-680.52
0,0.00,0,-680.06
0,0.00,0,-682.95
0,0.00,0,-684.93
0,0.00,0,-684.47
0,0.00,0,-682.34
0,0.00,0,-681.58
0,0.00,0,-682.19
0,0.00,0,-685.84
0,0.00,0,-685.24
0,0.00,0,-684.93
0,0.00,0,-682.80
0,0.00,0,-681.89
0,0.00,0,-682.50
0,0.00,0,-684.93
0,0.00,0,-684.17
0,0.00,0,-682.80
0,0.00,0,-680.97
0,0.00,0,-680.82
0,0.00,0,-683.56
0,0.00,0,-684.32
0,0.00,0,-684.17
0,0.00,0,-682.19
0,0.00,0,-681.74
0,0.00,0,-682.65
0,0.00,0,-685.69
0,0.00,0,-685.24
0,0.00,0,-683.56
0,0.00,0,-681.43
0,0.00,0,-680.37
0,0.00,0,-682.19
0,0.00,0,-684.47
0,0.00,0,-684.02
0,0.00,0,-682.95
0,0.00,0,-681.43
0,0.00,0,-682.04
0,0.00,0,-685.08
0,0.00,0,-686.30
0,0.00,0,-685.39
0,0.00,0,-683.87
0,0.00,0,-683.10
0,0.00,0,-683.26
0,0.00,0,-685.54
0,0.00,0,-684.78
0,0.00,0,-684.17
0,0.00,0,-680.97
0,0.00,0,-679.91
0,0.00,0,-681.28
0,0.00,0,-684.47
0,0.00,0,-683.71
0,0.00,0,-682.19
0,0.00,0,-680.82
0,0.00,0,-682.19
0,0.00,0,-684.93
0,0.00,0,-685.08
0,0.00,0,-684.02
0,0.00,0,-682.50
0,0.00,0,-681.58
0,0.00,0,-682.50
0,0.00,0,-684.93
0,0.00,0,-684.93
0,0.00,0,-683.26
0,0.00,0,-680.97
0,0.00,0,-679.76
0,0.00,0,-681.74
0,0.00,0,-684.17
0,0.00,0,-683.71
0,0.00,0,-682.80
0,0.00,0,-681.43
0,0.00,0,-681.89
0,0.00,0,-684.17
0,0.00,0,-685.24
0,0.00,0,-684.17
0,0.00,0,-682.95
0,0.00,0,-681.43
0,0.00,0,-682.95
