0,0.00,0,-701.52
0,0.00,0,-701.52
0,0.00,0,-701.22
0,0.00,0,-701.22
0,0.00,0,-701.22
0,0.00,0,-701.07
0,0.00,0,-700.30
0,0.00,0,-700.15
0,0.00,0,-699.70
0,0.00,0,-700.76
0,0.00,0,-700.30
0,0.00,0,-702.28
0,0.00,0,-701.37
0,0.00,0,-701.67
0,0.00,0,-700.46
0,0.00,0,-700.91
0,0.00,0,-700.61
0,0.00,0,-701.83
0,0.00,0,-701.67
0,0.00,0,-701.07
0,0.00,0,-700.61
0,0.00,0,-700.46
0,0.00,0,-700.91
0,0.00,0,-701.37
0,0.00,0,-701.37
0,0.00,0,-700.15
0,0.00,0,-699.39
0,0.00,0,-698.93
0,0.00,0,-699.70
0,0.00,0,-701.07
0,0.00,0,-701.98
0,0.00,0,-701.83
0,0.00,0,-700.61
0,0.00,0,-699.54
0,0.00,0,-700.30
0,0.00,0,-700.91
0,0.00,0,-703.04
0,0.00,0,-702.28
0,0.00,0,-702.28
0,0.00,0,-700.91
0,0.00,0,-701.22
0,0.00,0,-701.22
0,0.00,0,-701.37
0,0.00,0,-702.59
0,0.00,0,-701.07
0,0.00,0,-700.91
0,0.00,0,-698.93
0,0.00,0,-700.76
0,0.00,0,-700.46
0,0.00,0,-702.28
0,0.00,0,-700.91
0,0.00,0,-700.91
0,0.00,0,-700.00
0,0.00,0,-700.30
0,0.00,0,-700.46
0,0.00,0,-700.91
0,0.00,0,-702.13
0,0.00,0,-701.07
0,0.00,0,-701.67
0,0.00,0,-700.91
0,0.00,0,-702.13
0,0.00,0,-701.83
0,0.00,0,-702.74
0,0.00,0,-701.52
0,0.00,0,-701.98
0,0.00,0,-701.52
0,0.00,0,-701.98
0,0.00,0,-701.67
0,0.00,0,-702.28
0,0.00,0,-702.13
0,0.00,0,-701.07
0,0.00,0,-700.46
0,0.00,0,-699.70
0,0.00,0,-700.30
0,0.00,0,-700.46
0,0.00,0,-701.67
0,0.00,0,-700.46
0,0.00,0,-700.91
0,0.00,0,-700.46
0,0.00,0,-701.37
0,0.00,0,-700.46
0,0.00,0,-701.67
0,0.00,0,-701.83
0,0.00,0,-702.13
0,0.00,0,-701.22
0,0.00,0,-700.91
0,0.00,0,-702.28
0,0.00,0,-702.59
0,0.00,0,-704.11
0,0.00,0,-701.98
0,0.00,0,-701.98
0,0.00,0,-700.61
0,0.00,0,-701.22
0,0.00,0,-700.76
0,0.00,0,-701.98
0,0.00,0,-701.52
0,0.00,0,-700.91
0,0.00,0,-699.24
0,0.00,0,-699.09
0,0.00,0,-700.15
0,0.00,0,-701.52
0,0.00,0,-701.37
0,0.00,0,-700.15
0,0.00,0,-699.24
0,0.00,0,-699.39
0,0.00,0,-701.52
0,0.00,0,-702.13
0,0.00,0,-703.65
0,0.00,0,-702.44
0,0.00,0,-702.44
0,0.00,0,-701.22
0,0.00,0,-701.98
0,0.00,0,-702.13
0,0.00,0,-703.81
0,0.00,0,-702.28
0,0.00,0,-700.91
0,0.00,0,-699.39
0,0.00,0,-700.00
0,0.00,0,-700.91
0,0.00,0,-701.52
0,0.00,0,-701.52
0,0.00,0,-701.07
0,0.00,0,-700.91
0,0.00,0,-699.70
0,0.00,0,-700.91
0,0.00,0,-700.76
0,0.00,0,-703.04
0,0.00,0,-701.22
0,0.00,0,-700.91
0,0.00,0,-699.39
0,0.00,0,-700.76
0,0.00,0,-702.59
0,0.00,0,-703.04
0,0.00,0,-702.59
0,0.00,0,-700.15
0,0.00,0,-700.00
0,0.00,0,-699.09
0,0.00,0,-701.07
0,0.00,0,-701.37
0,0.00,0,-702.44
0,0.00,0,-701.52
0,0.00,0,-700.61
0,0.00,0,-700.15
0,0.00,0,-700.30
0,0.00,0,-701.83
0,0.00,0,-702.89
0,0.00,0,-702.59
0,0.00,0,-701.07
0,0.00,0,-700.15
0,0.00,0,-701.37
0,0.00,0,-702.59
0,0.00,0,-703.96
0,0.00,0,-703.20
0,0.00,0,-702.28
0,0.00,0,-701.52
0,0.00,0,-701.52
0,0.00,0,-701.83
0,0.00,0,-702.28
0,0.00,0,-703.81
0,0.00,0,-702.13
0,0.00,0,-700.91
0,0.00,0,-698.78
0,0.00,0,-699.85
0,0.00,0,-700.30
0,0.00,0,-701.07
0,0.00,0,-699.70
0,0.00,0,-699.54
0,0.00,0,-698.63
0,0.00,0,-699.70
0,0.00,0,-700.46
0,0.00,0,-701.07
0,0.00,0,-701.52
0,0.00,0,-700.91
0,0.00,0,-700.76
0,0.00,0,-700.46
0,0.00,0,-701.07
0,0.00,0,-701.83
0,0.00,0,-703.20
0,0.00,0,-702.89
0,0.00,0,-701.98
0,0.00,0,-701.37
0,0.00,0,-701.22
0,0.00,0,-701.07
0,0.00,0,-701.98
0,0.00,0,-701.83
0,0.00,0,-701.52
0,0.00,0,-701.07
0,0.00,0,-700.46
0,0.00,0,-701.07
0,0.00,0,-700.76
0,0.00,0,-702.28
0,0.00,0,-700.91
0,0.00,0,-701.83
0,0.00,0,-700.00
0,0.00,0,-701.67
0,0.00,0,-701.67
0,0.00,0,-703.04
0,0.00,0,-703.50
0,0.00,0,-702.59
0,0.00,0,-701.98
0,0.00,0,-701.22
0,0.00,0,-701.67
0,0.00,0,-701.98
0,0.00,0,-702.74
0,0.00,0,-701.83
0,0.00,0,-702.44
0,0.00,0,-701.07
0,0.00,0,-701.37
0,0.00,0,-700.15
0,0.00,0,-701.37
0,0.00,0,-700.76
0,0.00,0,-701.22
0,0.00,0,-700.00
0,0.00,0,-700.00
0,0.00,0,-700.91
0,0.00,0,-701.22
0,0.00,0,-701.83
0,0.00,0,-700.46
0,0.00,0,-700.46
0,0.00,0,-699.24
0,0.00,0,-700.61
0,0.00,0,-700.61
0,0.00,0,-702.74
0,0.00,0,-702.28
0,0.00,0,-702.28
0,0.00,0,-700.91
0,0.00,0,-701.67
0,0.00,0,-701.22
0,0.00,0,-702.59
0,0.00,0,-702.59
0,0.00,0,-701.67
0,0.00,0,-701.37
0,0.00,0,-701.22
0,0.00,0,-702.28
0,0.00,0,-701.83
0,0.00,0,-702.74
0,0.00,0,-700.76
0,0.00,0,-700.91
0,0.00,0,-699.09
0,0.00,0,-700.15
0,0.00,0,-699.85
0,0.00,0,-702.28
0,0.00,0,-701.67
0,0.00,0,-701.37
0,0.00,0,-700.30
0,0.00,0,-700.61
0,0.00,0,-701.22
0,0.00,0,-701.52
0,0.00,0,-702.74
0,0.00,0,-701.22
0,0.00,0,-701.37
0,0.00,0,-700.00
0,0.00,0,-701.07
0,0.00,0,-700.61
0,0.00,0,-701.83
0,0.00,0,-699.85
0,0.00,0,-700.00
0,0.00,0,-698.33
0,0.00,0,-700.00
0,0.00,0,-699.39
0,0.00,0,-700.91
0,0.00,0,-700.76
0,0.00,0,-701.07
0,0.00,0,-700.76
0,0.00,0,-700.00
0,0.00,0,-700.91
0,0.00,0,-700.30
0,0.00,0,-701.98
0,0.00,0,-700.76
0,0.00,0,-701.37
0,0.00,0,-700.30
0,0.00,0,-700.61
0,0.00,0,-700.61
0,0.00,0,-701.07
0,0.00,0,-700.91
0,0.00,0,-700.15
0,0.00,0,-699.70
0,0.00,0,-700.61
0,0.00,0,-700.91
0,0.00,0,-701.67
0,0.00,0,-701.98
0,0.00,0,-701.83
0,0.00,0,-701.67
0,0.00,0,-700.91
0,0.00,0,-701.52
0,0.00,0,-701.07
0,0.00,0,-703.04
0,0.00,0,-701.98
0,0.00,0,-702.44
0,0.00,0,-700.00
0,0.00,0,-701.37
0,0.00,0,-700.91
0,0.00,0,-702.44
0,0.00,0,-700.46
0,0.00,0,-700.46
0,0.00,0,-699.39
0,0.00,0,-700.00
0,0.00,0,-700.30
0,0.00,0,-700.61
0,0.00,0,-702.59
0,0.00,0,-701.07
0,0.00,0,-702.28
0,0.00,0,-699.70
0,0.00,0,-702.13
0,0.00,0,-700.76
0,0.00,0,-703.96
0,0.00,0,-701.98
0,0.00,0,-702.13
0,0.00,0,-701.07
0,0.00,0,-701.37
0,0.00,0,-701.67
0,0.00,0,-701.07
0,0.00,0,-701.67
0,0.00,0,-699.70
0,0.00,0,-700.61
0,0.00,0,-698.93
0,0.00,0,-700.76
0,0.00,0,-699.70
0,0.00,0,-701.52
0,0.00,0,-699.85
0,0.00,0,-700.46
0,0.00,0,-700.15
0,0.00,0,-701.37
0,0.00,0,-701.37
0,0.00,0,-701.83
0,0.00,0,-702.44
0,0.00,0,-702.59
0,0.00,0,-702.89
0,0.00,0,-701.98
0,0.00,0,-702.44
0,0.00,0,-701.67
0,0.00,0,-702.74
0,0.00,0,-700.91
0,0.00,0,-701.52
0,0.00,0,-700.00
0,0.00,0,-700.76
0,0.00,0,-700.46
0,0.00,0,-700.91
0,0.00,0,-700.46
0,0.00,0,-699.70
0,0.00,0,-699.70
0,0.00,0,-699.09
0,0.00,0,-700.76
0,0.00,0,-700.76
0,0.00,0,-702.59
0,0.00,0,-701.67
0,0.00,0,-701.98
0,0.00,0,-701.22
0,0.00,0,-701.67
0,0.00,0,-701.52
0,0.00,0,-703.04
0,0.00,0,-702.59
0,0.00,0,-702.59
0,0.00,0,-701.37
0,0.00,0,-701.22
0,0.00,0,-701.67
0,0.00,0,-702.89
0,0.00,0,-702.89
0,0.00,0,-701.22
0,0.00,0,-700.46
0,0.00,0,-700.30
0,0.00,0,-701.67
0,0.00,0,-701.67
0,0.00,0,-703.20
0,0.00,0,-702.13
0,0.00,0,-702.44
0,0.00,0,-700.76
0,0.00,0,-701.67
0,0.00,0,-701.52
0,0.00,0,-703.50
0,0.00,0,-702.59
0,0.00,0,-702.28
0,0.00,0,-700.91
0,0.00,0,-701.67
0,0.00,0,-701.83
0,0.00,0,-702.13
0,0.00,0,-701.67
0,0.00,0,-700.61
0,0.00,0,-700.61
0,0.00,0,-699.09
0,0.00,0,-700.30
0,0.00,0,-700.46
0,0.00,0,-701.98
0,0.00,0,-700.61
0,0.00,0,-700.30
0,0.00,0,-699.85
0,0.00,0,-700.91
0,0.00,0,-701.22
0,0.00,0,-701.83
0,0.00,0,-701.98
0,0.00,0,-701.98
0,0.00,0,-702.28
0,0.00,0,-702.28
0,0.00,0,-702.13
0,0.00,0,-702.13
0,0.00,0,-702.74
0,0.00,0,-701.37
0,0.00,0,-701.52
0,0.00,0,-700.46
0,0.00,0,-701.22
0,0.00,0,-700.61
0,0.00,0,-701.52
0,0.00,0,-700.46
0,0.00,0,-701.07
0,0.00,0,-700.30
0,0.00,0,-700.15
0,0.00,0,-700.30
0,0.00,0,-699.70
0,0.00,0,-701.52
0,0.00,0,-700.76
0,0.00,0,-701.98
0,0.00,0,-701.07
0,0.00,0,-702.13
0,0.00,0,-701.07
0,0.00,0,-702.44
0,0.00,0,-701.22
0,0.00,0,-702.28
0,0.00,0,-701.22
0,0.00,0,-701.07
0,0.00,0,-701.07
0,0.00,0,-701.98
0,0.00,0,-702.89
0,0.00,0,-702.28
0,0.00,0,-701.67
0,0.00,0,-700.30
0,0.00,0,-701.67
0,0.00,0,-701.37
0,0.00,0,-703.35
0,0.00,0,-702.59
0,0.00,0,-703.04
0,0.00,0,-702.13
0,0.00,0,-702.59
0,0.00,0,-701.37
0,0.00,0,-702.74
0,0.00,0,-702.28
0,0.00,0,-701.98
0,0.00,0,-700.61
0,0.00,0,-699.09
0,0.00,0,-700.91
0,0.00,0,-701.22
0,0.00,0,-702.89
0,0.00,0,-700.46
0,0.00,0,-700.46
0,0.00,0,-699.24
0,0.00,0,-701.07
0,0.00,0,-701.07
0,0.00,0,-702.59
0,0.00,0,-702.28
0,0.00,0,-701.98
0,0.00,0,-702.13
0,0.00,0,-702.13
0,0.00,0,-702.74
0,0.00,0,-702.59
0,0.00,0,-702.13
0,0.00,0,-700.46
0,0.00,0,-700.00
0,0.00,0,-700.15
0,0.00,0,-701.37
0,0.00,0,-701.83
0,0.00,0,-701.98
0,0.00,0,-700.91
0,0.00,0,-700.15
0,0.00,0,-700.00
0,0.00,0,-700.15
0,0.00,0,-700.15
0,0.00,0,-701.07
0,0.00,0,-701.22
0,0.00,0,-702.28
0,0.00,0,-701.83
0,0.00,0,-702.44
0,0.00,0,-701.67
0,0.00,0,-701.52
0,0.00,0,-702.13
0,0.00,0,-700.46
0,0.00,0,-701.22
0,0.00,0,-700.46
0,0.00,0,-702.89
0,0.00,0,-701.22
0,0.00,0,-702.28
0,0.00,0,-700.61
0,0.00,0,-701.83
0,0.00,0,-700.46
0,0.00,0,-700.46
0,0.00,0,-699.85
0,0.00,0,-700.76
0,0.00,0,-702.28
0,0.00,0,-701.37
0,0.00,0,-700.61
0,0.00,0,-699.09
0,0.00,0,-700.15
0,0.00,0,-700.76
0,0.00,0,-701.22
0,0.00,0,-700.46
0,0.00,0,-700.15
0,0.00,0,-700.61
0,0.00,0,-700.91
0,0.00,0,-701.37
0,0.00,0,-702.28
0,0.00,0,-701.83
0,0.00,0,-701.37
