0,0.00,0,-626.79
0,0.00,0,-588.74
0,0.00,0,-635.62
0,0.00,0,-716.29
0,0.00,0,-598.78
0,0.00,0,-604.26
0,0.00,0,-602.89
0,0.00,0,-669.41
0,0.00,0,-719.33
0,0.00,0,-589.04
0,0.00,0,-647.34
0,0.00,0,-661.95
0,0.00,0,-712.02
0,0.00,0,-733.64
0,0.00,0,-590.41
0,0.00,0,-669.56
0,0.00,0,-745.21
0,0.00,0,-737.14
0,0.00,0,-711.26
0,0.00,0,-604.87
0,0.00,0,-708.83
0,0.00,0,-761.03
0,0.00,0,-724.20
0,0.00,0,-656.77
0,0.00,0,-609.74
0,0.00,0,-735.92
0,0.00,0,-738.81
0,0.00,0,-681.13
0,0.00,0,-626.64
0,0.00,0,-618.72
0,0.00,0,-717.35
0,0.00,0,-672.45
0,0.00,0,-629.83
0,0.00,0,-598.48
0,0.00,0,-605.02
0,0.00,0,-719.48
0,0.00,0,-624.81
0,0.00,0,-586.76
0,0.00,0,-606.70
0,0.00,0,-635.92
0,0.00,0,-736.38
0,0.00,0,-605.78
0,0.00,0,-624.96
0,0.00,0,-663.47
0,0.00,0,-685.84
0,0.00,0,-752.51
0,0.00,0,-612.94
0,0.00,0,-632.72
0,0.00,0,-741.25
0,0.00,0,-731.51
0,0.00,0,-733.79
0,0.00,0,-610.05
0,0.00,0,-672.45
0,0.00,0,-766.36
0,0.00,0,-726.79
0,0.00,0,-684.47
0,0.00,0,-600.46
0,0.00,0,-704.11
0,0.00,0,-754.79
0,0.00,0,-686.00
0,0.00,0,-646.73
0,0.00,0,-600.61
0,0.00,0,-701.22
0,0.00,0,-695.74
0,0.00,0,-630.59
0,0.00,0,-612.48
0,0.00,0,-585.39
0,0.00,0,-701.83
0,0.00,0,-662.71
0,0.00,0,-576.26
0,0.00,0,-616.13
0,0.00,0,-609.28
0,0.00,0,-731.05
0,0.00,0,-642.62
0,0.00,0,-601.07
0,0.00,0,-669.25
0,0.00,0,-669.10
0,0.00,0,-755.25
0,0.00,0,-652.21
0,0.00,0,-601.37
0,0.00,0,-732.72
0,0.00,0,-733.79
0,0.00,0,-745.51
0,0.00,0,-642.92
0,0.00,0,-643.99
0,0.00,0,-758.14
0,0.00,0,-740.79
0,0.00,0,-703.96
0,0.00,0,-609.74
0,0.00,0,-672.60
0,0.00,0,-765.60
0,0.00,0,-702.59
0,0.00,0,-658.30
0,0.00,0,-601.83
0,0.00,0,-676.86
0,0.00,0,-710.81
0,0.00,0,-641.40
0,0.00,0,-619.33
0,0.00,0,-578.69
0,0.00,0,-674.89
0,0.00,0,-691.78
0,0.00,0,-574.12
0,0.00,0,-605.63
0,0.00,0,-593.61
0,0.00,0,-710.20
0,0.00,0,-677.93
0,0.00,0,-583.41
0,0.00,0,-663.77
0,0.00,0,-652.82
0,0.00,0,-742.01
0,0.00,0,-691.17
0,0.00,0,-583.56
0,0.00,0,-710.81
0,0.00,0,-734.70
0,0.00,0,-747.34
0,0.00,0,-675.19
0,0.00,0,-620.85
0,0.00,0,-742.47
0,0.00,0,-749.47
0,0.00,0,-721.16
0,0.00,0,-628.16
0,0.00,0,-640.03
0,0.00,0,-760.27
0,0.00,0,-721.46
0,0.00,0,-670.32
0,0.00,0,-609.13
0,0.00,0,-652.05
0,0.00,0,-719.03
0,0.00,0,-655.10
0,0.00,0,-627.70
0,0.00,0,-582.65
0,0.00,0,-642.62
0,0.00,0,-712.94
0,0.00,0,-589.95
0,0.00,0,-596.96
0,0.00,0,-592.54
0,0.00,0,-676.41
0,0.00,0,-710.50
0,0.00,0,-582.19
0,0.00,0,-649.01
0,0.00,0,-649.01
0,0.00,0,-716.74
0,0.00,0,-726.33
0,0.00,0,-585.39
0,0.00,0,-678.08
0,0.00,0,-737.29
0,0.00,0,-740.64
0,0.00,0,-706.85
0,0.00,0,-610.20
0,0.00,0,-718.11
0,0.00,0,-756.01
0,0.00,0,-730.59
0,0.00,0,-652.66
0,0.00,0,-618.11
0,0.00,0,-743.23
0,0.00,0,-742.62
0,0.00,0,-681.58
0,0.00,0,-621.61
0,0.00,0,-629.38
0,0.00,0,-718.11
0,0.00,0,-671.99
0,0.00,0,-635.62
0,0.00,0,-595.28
0,0.00,0,-613.39
0,0.00,0,-716.89
0,0.00,0,-617.66
0,0.00,0,-586.00
0,0.00,0,-598.93
0,0.00,0,-642.16
0,0.00,0,-730.29
0,0.00,0,-597.11
0,0.00,0,-628.61
0,0.00,0,-654.49
0,0.00,0,-689.50
0,0.00,0,-749.62
0,0.00,0,-603.65
0,0.00,0,-642.16
0,0.00,0,-739.57
0,0.00,0,-733.79
0,0.00,0,-733.64
0,0.00,0,-615.22
0,0.00,0,-687.06
0,0.00,0,-761.19
0,0.00,0,-737.75
0,0.00,0,-681.89
0,0.00,0,-609.13
0,0.00,0,-715.37
0,0.00,0,-758.30
0,0.00,0,-694.82
0,0.00,0,-636.07
0,0.00,0,-614.76
0,0.00,0,-708.37
0,0.00,0,-691.17
0,0.00,0,-642.01
0,0.00,0,-605.78
0,0.00,0,-592.24
0,0.00,0,-707.15
0,0.00,0,-648.86
0,0.00,0,-574.12
0,0.00,0,-598.63
0,0.00,0,-613.24
0,0.00,0,-728.77
0,0.00,0,-625.11
0,0.00,0,-606.09
0,0.00,0,-656.62
0,0.00,0,-664.69
0,0.00,0,-754.34
0,0.00,0,-636.99
0,0.00,0,-610.05
0,0.00,0,-727.70
0,0.00,0,-731.81
0,0.00,0,-747.18
0,0.00,0,-636.53
0,0.00,0,-654.34
0,0.00,0,-755.86
0,0.00,0,-743.68
0,0.00,0,-705.78
0,0.00,0,-612.94
0,0.00,0,-682.65
0,0.00,0,-763.93
0,0.00,0,-712.33
0,0.00,0,-652.66
0,0.00,0,-607.31
0,0.00,0,-689.19
0,0.00,0,-706.85
0,0.00,0,-651.60
0,0.00,0,-621.92
0,0.00,0,-582.95
0,0.00,0,-683.87
0,0.00,0,-681.89
0,0.00,0,-578.23
0,0.00,0,-600.76
0,0.00,0,-595.74
0,0.00,0,-712.33
0,0.00,0,-663.47
0,0.00,0,-587.21
0,0.00,0,-656.32
0,0.00,0,-646.88
0,0.00,0,-744.44
0,0.00,0,-677.02
0,0.00,0,-589.65
0,0.00,0,-708.37
0,0.00,0,-730.14
0,0.00,0,-750.68
0,0.00,0,-665.60
0,0.00,0,-627.85
0,0.00,0,-744.29
0,0.00,0,-749.47
0,0.00,0,-722.53
0,0.00,0,-628.16
0,0.00,0,-652.51
0,0.00,0,-760.43
0,0.00,0,-730.90
0,0.00,0,-666.97
0,0.00,0,-606.70
0,0.00,0,-666.51
0,0.00,0,-720.40
0,0.00,0,-663.77
0,0.00,0,-635.01
0,0.00,0,-584.32
0,0.00,0,-657.99
0,0.00,0,-703.50
0,0.00,0,-596.35
0,0.00,0,-597.26
0,0.00,0,-589.80
0,0.00,0,-682.50
0,0.00,0,-697.41
0,0.00,0,-580.37
0,0.00,0,-645.05
0,0.00,0,-637.44
0,0.00,0,-719.79
0,0.00,0,-709.89
0,0.00,0,-585.24
0,0.00,0,-680.82
0,0.00,0,-727.85
0,0.00,0,-745.66
0,0.00,0,-695.89
0,0.00,0,-606.54
0,0.00,0,-722.68
0,0.00,0,-756.16
0,0.00,0,-733.03
0,0.00,0,-653.12
0,0.00,0,-627.25
0,0.00,0,-744.29
0,0.00,0,-748.10
0,0.00,0,-685.84
0,0.00,0,-616.89
0,0.00,0,-642.92
0,0.00,0,-727.70
0,0.00,0,-680.67
0,0.00,0,-649.77
0,0.00,0,-590.11
0,0.00,0,-635.01
0,0.00,0,-716.59
0,0.00,0,-624.81
0,0.00,0,-597.56
0,0.00,0,-590.56
0,0.00,0,-650.68
0,0.00,0,-721.16
0,0.00,0,-591.78
0,0.00,0,-627.09
0,0.00,0,-636.83
0,0.00,0,-689.80
0,0.00,0,-732.57
0,0.00,0,-597.72
0,0.00,0,-647.95
0,0.00,0,-722.53
0,0.00,0,-737.29
0,0.00,0,-722.22
0,0.00,0,-603.20
0,0.00,0,-687.37
0,0.00,0,-761.34
0,0.00,0,-734.55
0,0.00,0,-680.67
0,0.00,0,-607.31
0,0.00,0,-717.81
0,0.00,0,-763.47
0,0.00,0,-697.26
0,0.00,0,-636.53
0,0.00,0,-616.59
0,0.00,0,-717.20
0,0.00,0,-698.78
0,0.00,0,-652.51
0,0.00,0,-607.46
0,0.00,0,-602.89
0,0.00,0,-711.42
0,0.00,0,-652.97
0,0.00,0,-588.74
0,0.00,0,-597.56
0,0.00,0,-615.83
0,0.00,0,-728.31
0,0.00,0,-619.79
0,0.00,0,-604.57
0,0.00,0,-643.07
0,0.00,0,-657.38
0,0.00,0,-747.34
0,0.00,0,-625.57
0,0.00,0,-616.13
0,0.00,0,-714.92
0,0.00,0,-728.77
0,0.00,0,-745.05
0,0.00,0,-623.29
0,0.00,0,-648.71
0,0.00,0,-759.06
0,0.00,0,-740.94
0,0.00,0,-706.70
0,0.00,0,-614.61
0,0.00,0,-681.74
0,0.00,0,-770.93
0,0.00,0,-716.74
0,0.00,0,-651.29
0,0.00,0,-609.74
0,0.00,0,-698.33
0,0.00,0,-718.57
0,0.00,0,-662.86
0,0.00,0,-623.59
0,0.00,0,-591.78
0,0.00,0,-692.54
0,0.00,0,-682.19
0,0.00,0,-595.89
0,0.00,0,-600.46
0,0.00,0,-596.96
0,0.00,0,-711.57
0,0.00,0,-656.16
0,0.00,0,-585.39
0,0.00,0,-640.94
0,0.00,0,-634.25
0,0.00,0,-740.03
0,0.00,0,-657.38
0,0.00,0,-597.41
0,0.00,0,-695.28
0,0.00,0,-718.72
0,0.00,0,-755.10
0,0.00,0,-652.21
0,0.00,0,-614.16
0,0.00,0,-745.36
0,0.00,0,-749.77
0,0.00,0,-727.40
0,0.00,0,-633.64
0,0.00,0,-647.95
0,0.00,0,-760.12
0,0.00,0,-741.10
0,0.00,0,-673.82
0,0.00,0,-609.89
0,0.00,0,-673.67
0,0.00,0,-732.57
0,0.00,0,-676.71
0,0.00,0,-643.38
0,0.00,0,-589.95
0,0.00,0,-674.58
0,0.00,0,-704.26
0,0.00,0,-614.92
0,0.00,0,-604.26
0,0.00,0,-589.04
0,0.00,0,-689.04
0,0.00,0,-691.32
0,0.00,0,-581.43
0,0.00,0,-635.31
0,0.00,0,-621.92
0,0.00,0,-716.89
0,0.00,0,-693.00
0,0.00,0,-592.54
0,0.00,0,-673.21
0,0.00,0,-703.81
0,0.00,0,-745.97
0,0.00,0,-688.74
0,0.00,0,-601.52
0,0.00,0,-717.05
0,0.00,0,-749.77
0,0.00,0,-729.98
0,0.00,0,-654.34
0,0.00,0,-620.24
0,0.00,0,-749.16
0,0.00,0,-749.47
0,0.00,0,-689.95
0,0.00,0,-621.92
0,0.00,0,-638.51
0,0.00,0,-739.88
0,0.00,0,-692.69
0,0.00,0,-656.77
0,0.00,0,-595.28
0,0.00,0,-641.70
0,0.00,0,-714.61
0,0.00,0,-638.05
0,0.00,0,-609.28
0,0.00,0,-592.24
0,0.00,0,-651.14
0,0.00,0,-713.24
0,0.00,0,-594.37
0,0.00,0,-621.77
0,0.00,0,-621.77
0,0.00,0,-689.65
0,0.00,0,-717.66
0,0.00,0,-591.63
0,0.00,0,-651.90
0,0.00,0,-699.09
0,0.00,0,-735.01
0,0.00,0,-721.77
0,0.00,0,-595.28
0,0.00,0,-683.41
0,0.00,0,-757.23
0,0.00,0,-737.44
0,0.00,0,-685.24
0,0.00,0,-609.59
0,0.00,0,-716.59
0,0.00,0,-763.32
0,0.00,0,-704.72
0,0.00,0,-638.96
0,0.00,0,-622.83
0,0.00,0,-729.83
0,0.00,0,-711.11
0,0.00,0,-666.67
0,0.00,0,-610.50
0,0.00,0,-620.85
0,0.00,0,-719.94
0,0.00,0,-658.60
0,0.00,0,-613.55
0,0.00,0,-595.43
0,0.00,0,-624.81
0,0.00,0,-723.90
0,0.00,0,-616.13
0,0.00,0,-605.33
0,0.00,0,-621.92
0,0.00,0,-656.16
0,0.00,0,-733.49
0,0.00,0,-608.52
0,0.00,0,-629.53
0,0.00,0,-687.37
0,0.00,0,-711.87
0,0.00,0,-740.64
0,0.00,0,-611.72
0,0.00,0,-649.62
0,0.00,0,-754.95
0,0.00,0,-735.46
0,0.00,0,-708.83
0,0.00,0,-606.85
0,0.00,0,-685.08
0,0.00,0,-773.36
0,0.00,0,-717.35
0,0.00,0,-660.27
0,0.00,0,-608.68
0,0.00,0,-709.74
0,0.00,0,-736.83
0,0.00,0,-675.95
0,0.00,0,-629.98
0,0.00,0,-605.63
0,0.00,0,-707.76
0,0.00,0,-683.56
0,0.00,0,-626.64
0,0.00,0,-605.33
0,0.00,0,-604.57
0,0.00,0,-715.37
0,0.00,0,-648.71
0,0.00,0,-593.91
0,0.00,0,-625.27
0,0.00,0,-631.20
0,0.00,0,-733.94
0,0.00,0,-633.03
0,0.00,0,-610.05
0,0.00,0,-677.17
