0,0.00,0,-669.71
0,0.00,0,-679.76
0,0.00,0,-699.09
0,0.00,0,-698.17
0,0.00,0,-678.08
0,0.00,0,-667.43
0,0.00,0,-677.63
0,0.00,0,-696.04
0,0.00,0,-700.00
0,0.00,0,-681.43
0,0.00,0,-665.60
0,0.00,0,-674.89
0,0.00,0,-694.06
0,0.00,0,-700.00
0,0.00,0,-682.80
0,0.00,0,-665.14
0,0.00,0,-671.08
0,0.00,0,-689.65
0,0.00,0,-698.48
0,0.00,0,-686.00
0,0.00,0,-666.21
0,0.00,0,-666.97
0,0.00,0,-684.93
0,0.00,0,-697.56
0,0.00,0,-688.43
0,0.00,0,-668.80
0,0.00,0,-666.06
0,0.00,0,-682.80
0,0.00,0,-698.17
0,0.00,0,-691.17
0,0.00,0,-670.93
0,0.00,0,-665.91
0,0.00,0,-680.37
0,0.00,0,-697.87
0,0.00,0,-694.37
0,0.00,0,-673.97
0,0.00,0,-667.73
0,0.00,0,-678.08
0,0.00,0,-698.33
0,0.00,0,-697.11
0,0.00,0,-676.10
0,0.00,0,-667.73
0,0.00,0,-676.26
0,0.00,0,-696.96
0,0.00,0,-698.93
0,0.00,0,-679.60
0,0.00,0,-667.43
0,0.00,0,-675.04
0,0.00,0,-695.59
0,0.00,0,-701.07
0,0.00,0,-682.04
0,0.00,0,-667.43
0,0.00,0,-673.97
0,0.00,0,-693.30
0,0.00,0,-701.07
0,0.00,0,-684.93
0,0.00,0,-668.19
0,0.00,0,-671.69
0,0.00,0,-689.35
0,0.00,0,-700.61
0,0.00,0,-687.98
0,0.00,0,-668.65
0,0.00,0,-668.80
0,0.00,0,-686.76
0,0.00,0,-700.61
0,0.00,0,-690.72
0,0.00,0,-670.02
0,0.00,0,-667.58
0,0.00,0,-683.87
0,0.00,0,-699.70
0,0.00,0,-692.69
0,0.00,0,-671.54
0,0.00,0,-666.67
0,0.00,0,-680.97
0,0.00,0,-698.93
0,0.00,0,-694.67
0,0.00,0,-674.73
0,0.00,0,-667.12
0,0.00,0,-677.78
0,0.00,0,-697.11
0,0.00,0,-696.96
0,0.00,0,-676.10
0,0.00,0,-666.06
0,0.00,0,-675.80
0,0.00,0,-695.74
0,0.00,0,-699.54
0,0.00,0,-680.37
0,0.00,0,-667.12
0,0.00,0,-673.82
0,0.00,0,-693.61
0,0.00,0,-700.00
0,0.00,0,-681.74
0,0.00,0,-666.36
0,0.00,0,-671.99
0,0.00,0,-690.72
0,0.00,0,-699.39
0,0.00,0,-686.15
0,0.00,0,-668.19
0,0.00,0,-669.86
0,0.00,0,-688.58
0,0.00,0,-700.00
0,0.00,0,-688.13
0,0.00,0,-668.49
0,0.00,0,-667.88
0,0.00,0,-685.69
0,0.00,0,-699.54
0,0.00,0,-690.87
0,0.00,0,-669.86
0,0.00,0,-666.67
0,0.00,0,-683.41
0,0.00,0,-699.54
0,0.00,0,-693.15
0,0.00,0,-672.15
0,0.00,0,-666.51
0,0.00,0,-679.76
0,0.00,0,-698.48
0,0.00,0,-696.04
0,0.00,0,-675.65
0,0.00,0,-666.67
0,0.00,0,-677.32
0,0.00,0,-697.56
0,0.00,0,-698.33
0,0.00,0,-677.63
0,0.00,0,-666.36
0,0.00,0,-675.95
0,0.00,0,-695.13
0,0.00,0,-699.70
0,0.00,0,-681.43
0,0.00,0,-666.36
0,0.00,0,-674.12
0,0.00,0,-693.91
0,0.00,0,-701.22
0,0.00,0,-684.02
0,0.00,0,-666.82
0,0.00,0,-671.69
0,0.00,0,-691.02
0,0.00,0,-701.52
0,0.00,0,-686.30
0,0.00,0,-667.43
0,0.00,0,-669.86
0,0.00,0,-688.58
0,0.00,0,-701.52
0,0.00,0,-689.80
0,0.00,0,-669.71
0,0.00,0,-668.04
0,0.00,0,-684.47
0,0.00,0,-700.61
0,0.00,0,-691.78
0,0.00,0,-672.15
0,0.00,0,-667.43
0,0.00,0,-682.65
0,0.00,0,-700.61
0,0.00,0,-694.98
0,0.00,0,-673.82
0,0.00,0,-667.88
0,0.00,0,-680.06
0,0.00,0,-698.63
0,0.00,0,-697.26
0,0.00,0,-675.65
0,0.00,0,-667.43
0,0.00,0,-677.78
0,0.00,0,-697.11
0,0.00,0,-699.09
0,0.00,0,-678.69
0,0.00,0,-667.43
0,0.00,0,-675.19
0,0.00,0,-694.52
0,0.00,0,-699.85
0,0.00,0,-681.43
0,0.00,0,-666.51
0,0.00,0,-672.91
0,0.00,0,-691.48
0,0.00,0,-699.70
0,0.00,0,-684.63
0,0.00,0,-666.97
0,0.00,0,-670.02
0,0.00,0,-689.80
0,0.00,0,-699.54
0,0.00,0,-686.91
0,0.00,0,-667.88
0,0.00,0,-669.10
0,0.00,0,-687.37
0,0.00,0,-699.70
0,0.00,0,-690.11
0,0.00,0,-669.25
0,0.00,0,-667.28
0,0.00,0,-684.17
0,0.00,0,-700.46
0,0.00,0,-692.69
0,0.00,0,-671.08
0,0.00,0,-666.21
0,0.00,0,-681.58
0,0.00,0,-699.85
0,0.00,0,-695.28
0,0.00,0,-673.06
0,0.00,0,-666.21
0,0.00,0,-680.52
0,0.00,0,-699.70
0,0.00,0,-698.33
0,0.00,0,-675.95
0,0.00,0,-667.88
0,0.00,0,-677.78
0,0.00,0,-698.02
0,0.00,0,-700.76
0,0.00,0,-677.78
0,0.00,0,-666.36
0,0.00,0,-675.04
0,0.00,0,-695.89
0,0.00,0,-701.52
0,0.00,0,-681.89
0,0.00,0,-666.21
0,0.00,0,-673.06
0,0.00,0,-693.61
0,0.00,0,-701.37
0,0.00,0,-684.93
0,0.00,0,-666.36
0,0.00,0,-670.78
0,0.00,0,-690.56
0,0.00,0,-700.91
0,0.00,0,-688.28
0,0.00,0,-668.34
0,0.00,0,-668.34
0,0.00,0,-687.06
0,0.00,0,-700.30
0,0.00,0,-690.41
0,0.00,0,-670.62
0,0.00,0,-666.51
0,0.00,0,-683.26
0,0.00,0,-698.78
0,0.00,0,-693.76
0,0.00,0,-673.21
0,0.00,0,-665.91
0,0.00,0,-680.67
0,0.00,0,-697.41
0,0.00,0,-695.89
0,0.00,0,-675.04
0,0.00,0,-667.12
0,0.00,0,-677.93
0,0.00,0,-696.35
0,0.00,0,-697.11
0,0.00,0,-677.02
0,0.00,0,-667.28
0,0.00,0,-675.49
0,0.00,0,-695.74
0,0.00,0,-698.93
0,0.00,0,-679.91
0,0.00,0,-666.67
0,0.00,0,-673.82
0,0.00,0,-693.91
0,0.00,0,-700.76
0,0.00,0,-683.41
0,0.00,0,-666.51
0,0.00,0,-671.39
0,0.00,0,-691.63
0,0.00,0,-701.37
0,0.00,0,-685.24
0,0.00,0,-666.97
0,0.00,0,-670.62
0,0.00,0,-689.04
0,0.00,0,-701.07
0,0.00,0,-687.21
0,0.00,0,-667.58
0,0.00,0,-668.65
0,0.00,0,-685.24
0,0.00,0,-700.61
0,0.00,0,-691.02
0,0.00,0,-669.41
0,0.00,0,-666.51
0,0.00,0,-684.17
0,0.00,0,-700.00
0,0.00,0,-692.85
0,0.00,0,-671.08
0,0.00,0,-664.99
0,0.00,0,-680.37
0,0.00,0,-698.33
0,0.00,0,-695.43
0,0.00,0,-674.58
0,0.00,0,-665.75
0,0.00,0,-677.63
0,0.00,0,-697.11
0,0.00,0,-697.56
0,0.00,0,-677.17
0,0.00,0,-665.91
0,0.00,0,-675.19
0,0.00,0,-695.59
0,0.00,0,-700.46
0,0.00,0,-680.67
0,0.00,0,-666.51
0,0.00,0,-673.97
0,0.00,0,-693.15
0,0.00,0,-700.46
0,0.00,0,-683.56
0,0.00,0,-667.88
0,0.00,0,-671.39
0,0.00,0,-689.65
0,0.00,0,-700.15
0,0.00,0,-686.61
0,0.00,0,-668.65
0,0.00,0,-667.88
0,0.00,0,-686.91
0,0.00,0,-700.76
0,0.00,0,-690.11
0,0.00,0,-669.56
0,0.00,0,-666.67
0,0.00,0,-685.24
0,0.00,0,-700.61
0,0.00,0,-692.09
0,0.00,0,-670.93
0,0.00,0,-667.28
0,0.00,0,-682.65
0,0.00,0,-698.17
0,0.00,0,-693.15
0,0.00,0,-673.82
0,0.00,0,-667.28
0,0.00,0,-679.76
0,0.00,0,-698.02
0,0.00,0,-697.11
0,0.00,0,-676.41
0,0.00,0,-666.06
0,0.00,0,-676.56
0,0.00,0,-696.96
0,0.00,0,-698.17
0,0.00,0,-677.47
0,0.00,0,-664.84
0,0.00,0,-675.04
0,0.00,0,-694.98
0,0.00,0,-698.93
0,0.00,0,-680.67
0,0.00,0,-666.67
0,0.00,0,-673.21
0,0.00,0,-691.32
0,0.00,0,-700.46
0,0.00,0,-684.02
0,0.00,0,-669.10
0,0.00,0,-671.99
0,0.00,0,-688.58
0,0.00,0,-701.83
0,0.00,0,-687.67
0,0.00,0,-670.78
0,0.00,0,-670.62
0,0.00,0,-686.91
0,0.00,0,-701.67
0,0.00,0,-691.32
0,0.00,0,-671.39
0,0.00,0,-669.71
0,0.00,0,-685.54
0,0.00,0,-699.39
0,0.00,0,-691.78
0,0.00,0,-671.69
0,0.00,0,-667.58
0,0.00,0,-681.89
0,0.00,0,-697.56
0,0.00,0,-694.06
0,0.00,0,-675.19
0,0.00,0,-665.91
0,0.00,0,-677.32
0,0.00,0,-696.04
0,0.00,0,-695.43
0,0.00,0,-676.41
0,0.00,0,-663.77
0,0.00,0,-675.04
0,0.00,0,-694.98
0,0.00,0,-696.65
0,0.00,0,-678.84
0,0.00,0,-665.14
0,0.00,0,-673.52
0,0.00,0,-692.85
0,0.00,0,-697.87
0,0.00,0,-680.82
0,0.00,0,-665.75
0,0.00,0,-670.47
0,0.00,0,-690.26
0,0.00,0,-699.70
0,0.00,0,-685.39
0,0.00,0,-667.88
0,0.00,0,-670.62
0,0.00,0,-688.43
0,0.00,0,-702.13
0,0.00,0,-687.67
0,0.00,0,-668.65
0,0.00,0,-669.71
0,0.00,0,-686.00
0,0.00,0,-702.74
0,0.00,0,-689.80
0,0.00,0,-669.86
0,0.00,0,-668.34
0,0.00,0,-683.56
0,0.00,0,-701.22
0,0.00,0,-692.85
0,0.00,0,-672.60
0,0.00,0,-666.97
0,0.00,0,-681.13
0,0.00,0,-698.33
0,0.00,0,-695.13
0,0.00,0,-675.04
0,0.00,0,-664.23
0,0.00,0,-678.39
0,0.00,0,-696.50
0,0.00,0,-695.74
0,0.00,0,-677.32
0,0.00,0,-663.47
0,0.00,0,-675.49
0,0.00,0,-694.98
0,0.00,0,-697.72
0,0.00,0,-679.91
0,0.00,0,-664.99
0,0.00,0,-673.36
0,0.00,0,-692.85
0,0.00,0,-701.22
0,0.00,0,-682.80
0,0.00,0,-667.73
0,0.00,0,-673.21
0,0.00,0,-691.17
0,0.00,0,-703.35
0,0.00,0,-685.24
0,0.00,0,-668.65
0,0.00,0,-671.39
0,0.00,0,-688.28
0,0.00,0,-702.28
0,0.00,0,-689.04
0,0.00,0,-671.39
0,0.00,0,-668.95
0,0.00,0,-684.93
0,0.00,0,-700.15
0,0.00,0,-691.32
0,0.00,0,-672.15
0,0.00,0,-665.91
0,0.00,0,-682.65
0,0.00,0,-698.02
0,0.00,0,-693.46
0,0.00,0,-673.52
0,0.00,0,-665.30
0,0.00,0,-680.21
0,0.00,0,-695.89
0,0.00,0,-694.22
0,0.00,0,-674.89
0,0.00,0,-664.99
0,0.00,0,-676.26
0,0.00,0,-694.37
0,0.00,0,-696.65
0,0.00,0,-678.23
0,0.00,0,-665.91
0,0.00,0,-674.28
0,0.00,0,-693.30
0,0.00,0,-699.85
0,0.00,0,-680.52
0,0.00,0,-667.43
0,0.00,0,-673.52
0,0.00,0,-692.54
0,0.00,0,-702.44
0,0.00,0,-682.95
0,0.00,0,-667.88
0,0.00,0,-671.99
0,0.00,0,-689.04
0,0.00,0,-701.52
0,0.00,0,-686.76
0,0.00,0,-668.65
0,0.00,0,-669.41
0,0.00,0,-686.15
0,0.00,0,-700.46
0,0.00,0,-689.80
0,0.00,0,-670.78
0,0.00,0,-666.97
0,0.00,0,-684.63
0,0.00,0,-701.52
0,0.00,0,-692.09
0,0.00,0,-671.23
0,0.00,0,-666.21
0,0.00,0,-682.95
0,0.00,0,-700.00
0,0.00,0,-694.82
0,0.00,0,-673.36
0,0.00,0,-666.67
0,0.00,0,-680.21
0,0.00,0,-698.02
0,0.00,0,-697.26
0,0.00,0,-675.65
0,0.00,0,-666.82
0,0.00,0,-677.02
0,0.00,0,-696.50
0,0.00,0,-699.39
0,0.00,0,-679.30
0,0.00,0,-666.82
0,0.00,0,-673.82
0,0.00,0,-694.37
0,0.00,0,-699.70
0,0.00,0,-682.34
0,0.00,0,-666.97
0,0.00,0,-671.84
0,0.00,0,-691.63
0,0.00,0,-699.39
0,0.00,0,-685.54
0,0.00,0,-667.88
0,0.00,0,-670.47
0,0.00,0,-688.43
0,0.00,0,-699.85
0,0.00,0,-688.89
0,0.00,0,-670.02
0,0.00,0,-669.86
0,0.00,0,-685.39
