0,0.00,0,-637.29
0,0.00,0,-619.79
0,0.00,0,-631.96
0,0.00,0,-638.81
0,0.00,0,-708.98
0,0.00,0,-604.11
0,0.00,0,-652.36
0,0.00,0,-618.87
0,0.00,0,-681.89
0,0.00,0,-682.95
0,0.00,0,-605.48
0,0.00,0,-663.01
0,0.00,0,-624.20
0,0.00,0,-709.13
0,0.00,0,-641.55
0,0.00,0,-626.64
0,0.00,0,-648.71
0,0.00,0,-649.62
0,0.00,0,-696.04
0,0.00,0,-612.33
0,0.00,0,-640.79
0,0.00,0,-633.64
0,0.00,0,-677.02
0,0.00,0,-648.55
0,0.00,0,-617.20
0,0.00,0,-627.55
0,0.00,0,-652.21
0,0.00,0,-678.08
0,0.00,0,-611.11
0,0.00,0,-638.05
0,0.00,0,-615.68
0,0.00,0,-693.15
0,0.00,0,-640.03
0,0.00,0,-618.57
0,0.00,0,-631.66
0,0.00,0,-638.96
0,0.00,0,-709.74
0,0.00,0,-606.24
0,0.00,0,-650.84
0,0.00,0,-622.22
0,0.00,0,-681.28
0,0.00,0,-685.54
0,0.00,0,-606.09
0,0.00,0,-664.23
0,0.00,0,-625.57
0,0.00,0,-706.39
0,0.00,0,-643.84
0,0.00,0,-624.05
0,0.00,0,-649.62
0,0.00,0,-649.47
0,0.00,0,-692.85
0,0.00,0,-613.70
0,0.00,0,-638.05
0,0.00,0,-632.27
0,0.00,0,-677.93
0,0.00,0,-646.12
0,0.00,0,-619.33
0,0.00,0,-626.79
0,0.00,0,-651.29
0,0.00,0,-679.60
0,0.00,0,-611.42
0,0.00,0,-640.18
0,0.00,0,-614.76
0,0.00,0,-693.61
0,0.00,0,-643.38
0,0.00,0,-616.74
0,0.00,0,-636.07
0,0.00,0,-637.44
0,0.00,0,-712.33
0,0.00,0,-608.68
0,0.00,0,-650.99
0,0.00,0,-625.27
0,0.00,0,-677.63
0,0.00,0,-693.15
0,0.00,0,-604.11
0,0.00,0,-664.38
0,0.00,0,-626.33
0,0.00,0,-703.20
0,0.00,0,-650.08
0,0.00,0,-619.48
0,0.00,0,-649.92
0,0.00,0,-647.18
0,0.00,0,-689.35
0,0.00,0,-615.53
0,0.00,0,-633.94
0,0.00,0,-632.57
0,0.00,0,-679.60
0,0.00,0,-642.16
0,0.00,0,-619.48
0,0.00,0,-625.57
0,0.00,0,-652.05
0,0.00,0,-682.19
0,0.00,0,-607.46
0,0.00,0,-638.05
0,0.00,0,-614.00
0,0.00,0,-696.04
0,0.00,0,-645.36
0,0.00,0,-614.92
0,0.00,0,-638.20
0,0.00,0,-634.25
0,0.00,0,-715.07
0,0.00,0,-607.46
0,0.00,0,-648.25
0,0.00,0,-627.25
0,0.00,0,-673.36
0,0.00,0,-693.00
0,0.00,0,-601.98
0,0.00,0,-662.56
0,0.00,0,-626.03
0,0.00,0,-699.85
0,0.00,0,-649.16
0,0.00,0,-617.35
0,0.00,0,-648.71
0,0.00,0,-647.03
0,0.00,0,-689.35
0,0.00,0,-615.37
0,0.00,0,-633.94
0,0.00,0,-630.29
0,0.00,0,-680.21
0,0.00,0,-644.60
0,0.00,0,-620.09
0,0.00,0,-627.70
0,0.00,0,-646.42
0,0.00,0,-686.76
0,0.00,0,-606.09
0,0.00,0,-639.73
0,0.00,0,-613.55
0,0.00,0,-692.09
0,0.00,0,-652.66
0,0.00,0,-611.57
0,0.00,0,-642.47
0,0.00,0,-629.98
0,0.00,0,-717.66
0,0.00,0,-614.61
0,0.00,0,-647.34
0,0.00,0,-634.25
0,0.00,0,-666.82
0,0.00,0,-702.13
0,0.00,0,-603.35
0,0.00,0,-663.32
0,0.00,0,-629.07
0,0.00,0,-695.43
0,0.00,0,-658.90
0,0.00,0,-613.09
0,0.00,0,-650.68
0,0.00,0,-645.05
0,0.00,0,-686.45
0,0.00,0,-618.26
0,0.00,0,-630.14
0,0.00,0,-629.07
0,0.00,0,-678.23
0,0.00,0,-644.29
0,0.00,0,-619.79
0,0.00,0,-626.79
0,0.00,0,-645.66
0,0.00,0,-688.28
0,0.00,0,-605.94
0,0.00,0,-640.03
0,0.00,0,-613.39
0,0.00,0,-693.76
0,0.00,0,-657.99
0,0.00,0,-610.50
0,0.00,0,-648.10
0,0.00,0,-627.25
0,0.00,0,-718.72
0,0.00,0,-620.24
0,0.00,0,-640.79
0,0.00,0,-638.20
0,0.00,0,-661.03
0,0.00,0,-704.57
0,0.00,0,-604.41
0,0.00,0,-657.53
0,0.00,0,-630.90
0,0.00,0,-687.82
0,0.00,0,-660.73
0,0.00,0,-612.79
0,0.00,0,-648.40
0,0.00,0,-645.51
0,0.00,0,-684.32
0,0.00,0,-620.09
0,0.00,0,-629.68
0,0.00,0,-627.09
0,0.00,0,-679.76
0,0.00,0,-644.90
0,0.00,0,-619.18
0,0.00,0,-626.33
0,0.00,0,-641.86
0,0.00,0,-691.63
0,0.00,0,-606.24
0,0.00,0,-638.36
0,0.00,0,-613.70
0,0.00,0,-688.89
0,0.00,0,-665.14
0,0.00,0,-609.59
0,0.00,0,-652.82
0,0.00,0,-623.44
0,0.00,0,-717.96
0,0.00,0,-628.16
0,0.00,0,-637.75
0,0.00,0,-644.75
0,0.00,0,-655.56
0,0.00,0,-709.28
0,0.00,0,-606.39
0,0.00,0,-656.47
0,0.00,0,-634.40
0,0.00,0,-681.74
0,0.00,0,-666.82
0,0.00,0,-610.05
0,0.00,0,-646.27
0,0.00,0,-643.23
0,0.00,0,-681.89
0,0.00,0,-622.07
0,0.00,0,-625.11
0,0.00,0,-624.05
0,0.00,0,-678.54
0,0.00,0,-644.44
0,0.00,0,-616.59
0,0.00,0,-624.66
0,0.00,0,-640.33
0,0.00,0,-695.74
0,0.00,0,-604.11
0,0.00,0,-639.42
0,0.00,0,-612.48
0,0.00,0,-687.06
0,0.00,0,-673.67
0,0.00,0,-606.85
0,0.00,0,-657.53
0,0.00,0,-622.22
0,0.00,0,-716.74
0,0.00,0,-637.29
0,0.00,0,-632.88
0,0.00,0,-651.29
0,0.00,0,-649.16
0,0.00,0,-710.81
0,0.00,0,-609.44
0,0.00,0,-649.01
0,0.00,0,-637.60
0,0.00,0,-674.89
0,0.00,0,-666.51
0,0.00,0,-608.37
0,0.00,0,-639.12
0,0.00,0,-644.90
0,0.00,0,-680.37
0,0.00,0,-620.55
0,0.00,0,-625.72
0,0.00,0,-620.70
0,0.00,0,-680.21
0,0.00,0,-645.21
0,0.00,0,-614.92
0,0.00,0,-626.18
0,0.00,0,-635.62
0,0.00,0,-701.83
0,0.00,0,-604.41
0,0.00,0,-639.42
0,0.00,0,-615.83
0,0.00,0,-682.50
0,0.00,0,-683.71
0,0.00,0,-604.26
0,0.00,0,-664.08
0,0.00,0,-620.24
0,0.00,0,-714.46
0,0.00,0,-650.38
0,0.00,0,-623.29
0,0.00,0,-659.82
0,0.00,0,-641.70
0,0.00,0,-712.63
0,0.00,0,-617.35
0,0.00,0,-641.10
0,0.00,0,-644.60
0,0.00,0,-665.14
0,0.00,0,-670.93
0,0.00,0,-607.91
0,0.00,0,-636.07
0,0.00,0,-643.84
0,0.00,0,-676.86
0,0.00,0,-623.29
0,0.00,0,-623.44
0,0.00,0,-621.61
0,0.00,0,-678.69
0,0.00,0,-648.71
0,0.00,0,-614.76
0,0.00,0,-628.01
0,0.00,0,-632.72
0,0.00,0,-706.09
0,0.00,0,-610.20
0,0.00,0,-639.27
0,0.00,0,-619.33
0,0.00,0,-674.12
0,0.00,0,-691.17
0,0.00,0,-603.65
0,0.00,0,-663.93
0,0.00,0,-620.09
0,0.00,0,-709.13
0,0.00,0,-655.25
0,0.00,0,-618.87
0,0.00,0,-658.90
0,0.00,0,-640.33
0,0.00,0,-709.13
0,0.00,0,-619.33
0,0.00,0,-638.05
0,0.00,0,-641.40
0,0.00,0,-667.28
0,0.00,0,-671.54
0,0.00,0,-609.28
0,0.00,0,-635.46
0,0.00,0,-640.18
0,0.00,0,-681.43
0,0.00,0,-622.07
0,0.00,0,-627.40
0,0.00,0,-619.94
0,0.00,0,-677.02
0,0.00,0,-655.56
0,0.00,0,-612.02
0,0.00,0,-634.40
0,0.00,0,-628.61
0,0.00,0,-709.59
0,0.00,0,-614.16
0,0.00,0,-637.60
0,0.00,0,-626.48
0,0.00,0,-666.51
0,0.00,0,-701.52
0,0.00,0,-600.76
0,0.00,0,-664.08
0,0.00,0,-623.59
0,0.00,0,-700.61
0,0.00,0,-666.21
0,0.00,0,-610.96
0,0.00,0,-661.49
0,0.00,0,-638.66
0,0.00,0,-703.04
0,0.00,0,-624.51
0,0.00,0,-630.59
0,0.00,0,-641.86
0,0.00,0,-665.91
0,0.00,0,-668.04
0,0.00,0,-612.18
0,0.00,0,-632.88
0,0.00,0,-640.49
0,0.00,0,-685.69
0,0.00,0,-622.53
0,0.00,0,-630.90
0,0.00,0,-619.48
0,0.00,0,-675.04
0,0.00,0,-664.84
0,0.00,0,-609.74
0,0.00,0,-640.64
0,0.00,0,-623.59
0,0.00,0,-708.83
0,0.00,0,-623.74
0,0.00,0,-633.33
0,0.00,0,-632.27
0,0.00,0,-657.99
0,0.00,0,-705.78
0,0.00,0,-602.28
0,0.00,0,-659.67
0,0.00,0,-625.11
0,0.00,0,-695.28
0,0.00,0,-671.54
0,0.00,0,-610.20
0,0.00,0,-659.06
0,0.00,0,-635.16
0,0.00,0,-702.89
0,0.00,0,-630.29
0,0.00,0,-630.44
0,0.00,0,-640.33
0,0.00,0,-663.77
0,0.00,0,-672.45
0,0.00,0,-614.46
0,0.00,0,-635.46
0,0.00,0,-637.29
0,0.00,0,-687.21
0,0.00,0,-626.03
0,0.00,0,-631.20
0,0.00,0,-621.77
0,0.00,0,-671.84
0,0.00,0,-669.10
0,0.00,0,-607.46
0,0.00,0,-641.86
0,0.00,0,-621.77
0,0.00,0,-708.22
0,0.00,0,-627.09
0,0.00,0,-630.29
0,0.00,0,-634.70
0,0.00,0,-652.66
0,0.00,0,-709.59
0,0.00,0,-604.26
0,0.00,0,-657.08
0,0.00,0,-627.09
0,0.00,0,-689.50
0,0.00,0,-675.19
0,0.00,0,-607.15
0,0.00,0,-657.38
0,0.00,0,-636.53
0,0.00,0,-698.93
0,0.00,0,-628.92
0,0.00,0,-624.96
0,0.00,0,-637.14
0,0.00,0,-665.30
0,0.00,0,-669.10
0,0.00,0,-610.50
0,0.00,0,-630.29
0,0.00,0,-633.79
0,0.00,0,-689.04
0,0.00,0,-619.63
0,0.00,0,-628.61
0,0.00,0,-617.50
0,0.00,0,-670.17
0,0.00,0,-673.82
0,0.00,0,-603.96
0,0.00,0,-645.21
0,0.00,0,-617.35
0,0.00,0,-709.59
0,0.00,0,-636.68
0,0.00,0,-627.85
0,0.00,0,-643.53
0,0.00,0,-644.75
0,0.00,0,-716.59
0,0.00,0,-608.83
0,0.00,0,-654.03
0,0.00,0,-634.40
0,0.00,0,-678.23
0,0.00,0,-686.00
0,0.00,0,-604.41
0,0.00,0,-655.86
0,0.00,0,-635.46
0,0.00,0,-691.02
0,0.00,0,-637.60
0,0.00,0,-619.33
0,0.00,0,-633.94
0,0.00,0,-661.64
0,0.00,0,-666.82
0,0.00,0,-612.48
0,0.00,0,-628.46
0,0.00,0,-630.44
0,0.00,0,-690.26
0,0.00,0,-618.57
0,0.00,0,-628.77
0,0.00,0,-615.07
0,0.00,0,-667.73
0,0.00,0,-683.10
0,0.00,0,-600.91
0,0.00,0,-648.86
0,0.00,0,-614.92
0,0.00,0,-711.11
0,0.00,0,-646.88
0,0.00,0,-624.05
0,0.00,0,-653.12
0,0.00,0,-637.90
0,0.00,0,-721.92
0,0.00,0,-616.29
0,0.00,0,-648.40
0,0.00,0,-641.70
0,0.00,0,-668.95
0,0.00,0,-693.30
0,0.00,0,-602.89
0,0.00,0,-654.03
0,0.00,0,-638.51
0,0.00,0,-682.19
0,0.00,0,-642.47
0,0.00,0,-614.92
0,0.00,0,-633.03
0,0.00,0,-659.67
0,0.00,0,-664.69
0,0.00,0,-614.46
0,0.00,0,-627.70
0,0.00,0,-628.92
0,0.00,0,-690.87
0,0.00,0,-621.77
0,0.00,0,-628.01
0,0.00,0,-620.09
0,0.00,0,-663.93
0,0.00,0,-690.56
0,0.00,0,-601.07
0,0.00,0,-652.36
0,0.00,0,-616.13
0,0.00,0,-705.63
0,0.00,0,-657.38
0,0.00,0,-615.37
0,0.00,0,-658.30
0,0.00,0,-634.55
0,0.00,0,-718.87
0,0.00,0,-621.61
0,0.00,0,-636.99
0,0.00,0,-645.81
0,0.00,0,-663.17
0,0.00,0,-689.19
0,0.00,0,-604.57
0,0.00,0,-644.75
0,0.00,0,-636.23
0,0.00,0,-682.34
0,0.00,0,-637.44
0,0.00,0,-617.05
0,0.00,0,-627.70
0,0.00,0,-661.49
0,0.00,0,-668.04
0,0.00,0,-611.11
0,0.00,0,-635.16
0,0.00,0,-622.53
0,0.00,0,-697.72
0,0.00,0,-626.48
