0,0.00,0,-728.92
0,0.00,0,-729.53
0,0.00,0,-729.98
0,0.00,0,-729.68
0,0.00,0,-729.22
0,0.00,0,-728.77
0,0.00,0,-728.77
0,0.00,0,-727.85
0,0.00,0,-727.09
0,0.00,0,-727.25
0,0.00,0,-727.55
0,0.00,0,-727.40
0,0.00,0,-727.70
0,0.00,0,-728.61
0,0.00,0,-728.92
0,0.00,0,-729.22
0,0.00,0,-729.38
0,0.00,0,-729.68
0,0.00,0,-728.92
0,0.00,0,-728.77
0,0.00,0,-728.01
0,0.00,0,-727.85
0,0.00,0,-727.40
0,0.00,0,-727.55
0,0.00,0,-727.70
0,0.00,0,-727.85
0,0.00,0,-728.16
0,0.00,0,-728.31
0,0.00,0,-729.38
0,0.00,0,-729.53
0,0.00,0,-729.38
0,0.00,0,-728.92
0,0.00,0,-729.38
0,0.00,0,-729.07
0,0.00,0,-728.46
0,0.00,0,-727.70
0,0.00,0,-727.40
0,0.00,0,-727.40
0,0.00,0,-727.40
0,0.00,0,-727.55
0,0.00,0,-727.70
0,0.00,0,-728.46
0,0.00,0,-728.92
0,0.00,0,-729.38
0,0.00,0,-729.22
0,0.00,0,-729.22
0,0.00,0,-729.38
0,0.00,0,-729.22
0,0.00,0,-728.61
0,0.00,0,-728.01
0,0.00,0,-727.85
0,0.00,0,-727.70
0,0.00,0,-727.70
0,0.00,0,-727.40
0,0.00,0,-728.16
0,0.00,0,-728.46
0,0.00,0,-728.61
0,0.00,0,-728.92
0,0.00,0,-729.38
0,0.00,0,-729.68
0,0.00,0,-729.68
0,0.00,0,-729.22
0,0.00,0,-728.77
0,0.00,0,-728.46
0,0.00,0,-728.31
0,0.00,0,-727.70
0,0.00,0,-727.25
0,0.00,0,-727.09
0,0.00,0,-727.09
0,0.00,0,-727.85
0,0.00,0,-728.46
0,0.00,0,-729.07
0,0.00,0,-729.38
0,0.00,0,-729.98
0,0.00,0,-729.68
0,0.00,0,-729.68
0,0.00,0,-729.07
0,0.00,0,-728.61
0,0.00,0,-727.85
0,0.00,0,-727.25
0,0.00,0,-727.09
0,0.00,0,-726.94
0,0.00,0,-727.25
0,0.00,0,-727.55
0,0.00,0,-728.31
0,0.00,0,-728.77
0,0.00,0,-729.53
0,0.00,0,-729.83
0,0.00,0,-730.14
0,0.00,0,-730.14
0,0.00,0,-729.53
0,0.00,0,-728.61
0,0.00,0,-727.70
0,0.00,0,-726.94
0,0.00,0,-726.79
0,0.00,0,-726.48
0,0.00,0,-726.79
0,0.00,0,-726.79
0,0.00,0,-728.01
0,0.00,0,-729.22
0,0.00,0,-730.29
0,0.00,0,-730.59
0,0.00,0,-730.29
0,0.00,0,-729.83
0,0.00,0,-728.92
0,0.00,0,-728.46
0,0.00,0,-727.25
0,0.00,0,-726.64
0,0.00,0,-726.18
0,0.00,0,-726.33
0,0.00,0,-726.64
0,0.00,0,-727.55
0,0.00,0,-728.61
0,0.00,0,-729.53
0,0.00,0,-730.90
0,0.00,0,-731.05
0,0.00,0,-731.05
0,0.00,0,-730.14
0,0.00,0,-729.68
0,0.00,0,-728.01
0,0.00,0,-726.64
0,0.00,0,-726.18
0,0.00,0,-726.33
0,0.00,0,-726.79
0,0.00,0,-726.94
0,0.00,0,-727.55
0,0.00,0,-728.77
0,0.00,0,-730.44
0,0.00,0,-730.90
0,0.00,0,-730.59
0,0.00,0,-730.59
0,0.00,0,-730.14
0,0.00,0,-728.77
0,0.00,0,-727.25
0,0.00,0,-726.33
0,0.00,0,-726.18
0,0.00,0,-726.03
0,0.00,0,-726.03
0,0.00,0,-726.48
0,0.00,0,-728.16
0,0.00,0,-729.22
0,0.00,0,-730.14
0,0.00,0,-730.44
0,0.00,0,-730.75
0,0.00,0,-730.44
0,0.00,0,-729.38
0,0.00,0,-728.77
0,0.00,0,-727.40
0,0.00,0,-726.64
0,0.00,0,-726.03
0,0.00,0,-726.33
0,0.00,0,-726.33
0,0.00,0,-726.94
0,0.00,0,-727.70
0,0.00,0,-728.92
0,0.00,0,-729.68
0,0.00,0,-729.98
0,0.00,0,-729.68
0,0.00,0,-729.98
0,0.00,0,-730.29
0,0.00,0,-728.92
0,0.00,0,-727.55
0,0.00,0,-726.48
0,0.00,0,-726.79
0,0.00,0,-726.18
0,0.00,0,-726.33
0,0.00,0,-726.79
0,0.00,0,-728.31
0,0.00,0,-729.07
0,0.00,0,-729.38
0,0.00,0,-729.98
0,0.00,0,-730.90
0,0.00,0,-730.75
0,0.00,0,-729.53
0,0.00,0,-728.46
0,0.00,0,-728.01
0,0.00,0,-727.55
0,0.00,0,-726.79
0,0.00,0,-726.48
0,0.00,0,-726.33
0,0.00,0,-726.94
0,0.00,0,-727.55
0,0.00,0,-728.61
0,0.00,0,-729.53
0,0.00,0,-730.44
0,0.00,0,-730.44
0,0.00,0,-730.75
0,0.00,0,-730.14
0,0.00,0,-729.38
0,0.00,0,-728.61
0,0.00,0,-728.01
0,0.00,0,-727.25
0,0.00,0,-726.33
0,0.00,0,-726.48
0,0.00,0,-727.09
0,0.00,0,-728.01
0,0.00,0,-728.16
0,0.00,0,-728.92
0,0.00,0,-729.22
0,0.00,0,-730.29
0,0.00,0,-730.29
0,0.00,0,-730.14
0,0.00,0,-729.68
0,0.00,0,-729.07
0,0.00,0,-728.01
0,0.00,0,-726.79
0,0.00,0,-726.33
0,0.00,0,-726.33
0,0.00,0,-726.64
0,0.00,0,-726.94
0,0.00,0,-727.85
0,0.00,0,-728.77
0,0.00,0,-730.14
0,0.00,0,-730.59
0,0.00,0,-730.90
0,0.00,0,-730.29
0,0.00,0,-729.98
0,0.00,0,-728.61
0,0.00,0,-728.01
0,0.00,0,-727.09
0,0.00,0,-726.33
0,0.00,0,-725.88
0,0.00,0,-726.33
0,0.00,0,-727.25
0,0.00,0,-727.70
0,0.00,0,-729.22
0,0.00,0,-730.14
0,0.00,0,-730.90
0,0.00,0,-730.75
0,0.00,0,-730.90
0,0.00,0,-730.29
0,0.00,0,-729.53
0,0.00,0,-727.70
0,0.00,0,-726.48
0,0.00,0,-725.88
0,0.00,0,-726.33
0,0.00,0,-726.48
0,0.00,0,-727.09
0,0.00,0,-728.31
0,0.00,0,-729.83
0,0.00,0,-730.59
0,0.00,0,-731.05
0,0.00,0,-731.20
0,0.00,0,-730.90
0,0.00,0,-730.14
0,0.00,0,-728.61
0,0.00,0,-727.70
0,0.00,0,-726.64
0,0.00,0,-726.48
0,0.00,0,-725.88
0,0.00,0,-726.33
0,0.00,0,-726.94
0,0.00,0,-728.61
0,0.00,0,-729.68
0,0.00,0,-730.59
0,0.00,0,-730.90
0,0.00,0,-730.90
0,0.00,0,-730.90
0,0.00,0,-729.53
0,0.00,0,-728.77
0,0.00,0,-727.25
0,0.00,0,-727.09
0,0.00,0,-726.18
0,0.00,0,-726.33
0,0.00,0,-726.33
0,0.00,0,-727.25
0,0.00,0,-728.31
0,0.00,0,-729.22
0,0.00,0,-729.83
0,0.00,0,-730.14
0,0.00,0,-730.59
0,0.00,0,-730.14
0,0.00,0,-729.38
0,0.00,0,-728.16
0,0.00,0,-727.55
0,0.00,0,-726.79
0,0.00,0,-726.33
0,0.00,0,-726.03
0,0.00,0,-726.79
0,0.00,0,-727.40
0,0.00,0,-728.61
0,0.00,0,-729.07
0,0.00,0,-729.38
0,0.00,0,-730.14
0,0.00,0,-730.59
0,0.00,0,-730.44
0,0.00,0,-729.38
0,0.00,0,-728.46
0,0.00,0,-727.55
0,0.00,0,-727.25
0,0.00,0,-726.48
0,0.00,0,-726.48
0,0.00,0,-726.64
0,0.00,0,-727.40
0,0.00,0,-728.16
0,0.00,0,-728.92
0,0.00,0,-729.68
0,0.00,0,-729.98
0,0.00,0,-730.29
0,0.00,0,-729.83
0,0.00,0,-729.22
0,0.00,0,-728.46
0,0.00,0,-728.16
0,0.00,0,-727.55
0,0.00,0,-726.94
0,0.00,0,-726.79
0,0.00,0,-727.25
0,0.00,0,-727.40
0,0.00,0,-727.85
0,0.00,0,-728.01
0,0.00,0,-729.07
0,0.00,0,-729.83
0,0.00,0,-730.44
0,0.00,0,-730.14
0,0.00,0,-729.83
0,0.00,0,-729.38
0,0.00,0,-728.61
0,0.00,0,-728.16
0,0.00,0,-727.25
0,0.00,0,-727.09
0,0.00,0,-727.09
0,0.00,0,-727.55
0,0.00,0,-727.40
0,0.00,0,-727.85
0,0.00,0,-728.77
0,0.00,0,-729.53
0,0.00,0,-729.53
0,0.00,0,-729.83
0,0.00,0,-729.83
0,0.00,0,-729.68
0,0.00,0,-729.53
0,0.00,0,-728.16
0,0.00,0,-727.40
0,0.00,0,-727.09
0,0.00,0,-727.09
0,0.00,0,-726.64
0,0.00,0,-727.09
0,0.00,0,-727.70
0,0.00,0,-728.61
0,0.00,0,-729.07
0,0.00,0,-729.53
0,0.00,0,-729.98
0,0.00,0,-730.14
0,0.00,0,-729.98
0,0.00,0,-729.07
0,0.00,0,-728.01
0,0.00,0,-727.25
0,0.00,0,-727.25
0,0.00,0,-726.94
0,0.00,0,-726.94
0,0.00,0,-727.40
0,0.00,0,-727.70
0,0.00,0,-728.61
0,0.00,0,-728.92
0,0.00,0,-729.68
0,0.00,0,-729.98
0,0.00,0,-731.05
0,0.00,0,-730.14
0,0.00,0,-729.98
0,0.00,0,-728.31
0,0.00,0,-727.85
0,0.00,0,-726.79
0,0.00,0,-726.94
0,0.00,0,-726.64
0,0.00,0,-726.79
0,0.00,0,-727.85
0,0.00,0,-728.31
0,0.00,0,-729.53
0,0.00,0,-729.07
0,0.00,0,-730.75
0,0.00,0,-730.44
0,0.00,0,-730.75
0,0.00,0,-728.77
0,0.00,0,-728.61
0,0.00,0,-728.01
0,0.00,0,-727.85
0,0.00,0,-727.09
0,0.00,0,-726.33
0,0.00,0,-727.09
0,0.00,0,-728.31
0,0.00,0,-728.92
0,0.00,0,-728.61
0,0.00,0,-729.22
0,0.00,0,-729.83
0,0.00,0,-730.44
0,0.00,0,-729.53
0,0.00,0,-729.22
0,0.00,0,-728.61
0,0.00,0,-728.16
0,0.00,0,-727.25
0,0.00,0,-727.09
0,0.00,0,-727.09
0,0.00,0,-727.25
0,0.00,0,-728.01
0,0.00,0,-728.46
0,0.00,0,-728.92
0,0.00,0,-728.77
0,0.00,0,-729.53
0,0.00,0,-729.68
0,0.00,0,-729.83
0,0.00,0,-728.61
0,0.00,0,-728.31
0,0.00,0,-728.16
0,0.00,0,-728.31
0,0.00,0,-727.40
0,0.00,0,-726.64
0,0.00,0,-727.25
0,0.00,0,-728.31
0,0.00,0,-728.46
0,0.00,0,-728.16
0,0.00,0,-729.07
0,0.00,0,-729.53
0,0.00,0,-729.53
0,0.00,0,-728.31
0,0.00,0,-728.01
0,0.00,0,-728.31
0,0.00,0,-728.92
0,0.00,0,-728.31
0,0.00,0,-728.01
0,0.00,0,-727.85
0,0.00,0,-727.85
0,0.00,0,-727.70
0,0.00,0,-727.70
0,0.00,0,-728.01
0,0.00,0,-728.16
0,0.00,0,-729.22
0,0.00,0,-729.38
0,0.00,0,-729.07
0,0.00,0,-728.16
0,0.00,0,-728.77
0,0.00,0,-728.92
0,0.00,0,-728.77
0,0.00,0,-728.01
0,0.00,0,-728.16
0,0.00,0,-728.16
0,0.00,0,-728.16
0,0.00,0,-727.70
0,0.00,0,-727.70
0,0.00,0,-728.31
0,0.00,0,-728.92
0,0.00,0,-729.22
0,0.00,0,-728.92
0,0.00,0,-729.38
0,0.00,0,-729.38
0,0.00,0,-729.22
0,0.00,0,-728.61
0,0.00,0,-728.46
0,0.00,0,-728.46
0,0.00,0,-728.31
0,0.00,0,-727.55
0,0.00,0,-727.40
0,0.00,0,-727.70
0,0.00,0,-728.16
0,0.00,0,-728.31
0,0.00,0,-728.61
0,0.00,0,-728.77
0,0.00,0,-728.92
0,0.00,0,-729.38
0,0.00,0,-729.07
0,0.00,0,-728.61
0,0.00,0,-727.70
0,0.00,0,-727.70
0,0.00,0,-727.55
0,0.00,0,-727.09
0,0.00,0,-726.94
0,0.00,0,-727.40
0,0.00,0,-728.01
0,0.00,0,-728.01
0,0.00,0,-728.31
0,0.00,0,-728.61
0,0.00,0,-729.53
0,0.00,0,-729.38
0,0.00,0,-728.31
0,0.00,0,-727.85
0,0.00,0,-727.85
0,0.00,0,-728.01
0,0.00,0,-727.70
0,0.00,0,-727.70
0,0.00,0,-727.70
0,0.00,0,-728.16
0,0.00,0,-728.77
0,0.00,0,-728.61
0,0.00,0,-728.46
0,0.00,0,-729.07
0,0.00,0,-729.53
0,0.00,0,-728.92
0,0.00,0,-728.46
0,0.00,0,-728.16
0,0.00,0,-727.85
0,0.00,0,-727.55
0,0.00,0,-727.09
0,0.00,0,-727.85
0,0.00,0,-728.31
0,0.00,0,-729.22
0,0.00,0,-728.92
0,0.00,0,-728.92
0,0.00,0,-728.61
0,0.00,0,-729.22
0,0.00,0,-729.07
0,0.00,0,-728.77
