0,0.00,0,-710.65
0,0.00,0,-712.94
0,0.00,0,-711.11
0,0.00,0,-712.48
0,0.00,0,-710.96
0,0.00,0,-711.42
0,0.00,0,-710.05
0,0.00,0,-710.05
0,0.00,0,-710.05
0,0.00,0,-710.96
0,0.00,0,-711.57
0,0.00,0,-710.96
0,0.00,0,-711.72
0,0.00,0,-710.35
0,0.00,0,-710.96
0,0.00,0,-710.35
0,0.00,0,-709.74
0,0.00,0,-711.11
0,0.00,0,-710.96
0,0.00,0,-711.72
0,0.00,0,-711.42
0,0.00,0,-710.50
0,0.00,0,-711.72
0,0.00,0,-709.74
0,0.00,0,-711.11
0,0.00,0,-709.28
0,0.00,0,-711.87
0,0.00,0,-711.26
0,0.00,0,-712.33
0,0.00,0,-710.81
0,0.00,0,-711.11
0,0.00,0,-710.50
0,0.00,0,-710.20
0,0.00,0,-710.50
0,0.00,0,-709.74
0,0.00,0,-712.48
0,0.00,0,-710.50
0,0.00,0,-712.33
0,0.00,0,-709.74
0,0.00,0,-711.11
0,0.00,0,-710.81
0,0.00,0,-710.65
0,0.00,0,-711.42
0,0.00,0,-711.42
0,0.00,0,-712.63
0,0.00,0,-711.87
0,0.00,0,-711.87
0,0.00,0,-711.26
0,0.00,0,-711.11
0,0.00,0,-710.50
0,0.00,0,-710.81
0,0.00,0,-711.42
0,0.00,0,-711.57
0,0.00,0,-712.18
0,0.00,0,-710.35
0,0.00,0,-711.72
0,0.00,0,-709.89
0,0.00,0,-710.81
0,0.00,0,-710.05
0,0.00,0,-711.57
0,0.00,0,-711.87
0,0.00,0,-711.72
0,0.00,0,-711.72
0,0.00,0,-711.26
0,0.00,0,-711.57
0,0.00,0,-709.74
0,0.00,0,-711.57
0,0.00,0,-709.44
0,0.00,0,-712.94
0,0.00,0,-709.89
0,0.00,0,-712.48
0,0.00,0,-710.81
0,0.00,0,-711.26
0,0.00,0,-710.50
0,0.00,0,-709.28
0,0.00,0,-710.96
0,0.00,0,-710.96
0,0.00,0,-712.48
0,0.00,0,-711.11
0,0.00,0,-712.63
0,0.00,0,-710.81
0,0.00,0,-711.87
0,0.00,0,-710.05
0,0.00,0,-710.50
0,0.00,0,-711.42
0,0.00,0,-710.96
0,0.00,0,-712.79
0,0.00,0,-710.65
0,0.00,0,-712.02
0,0.00,0,-710.65
0,0.00,0,-710.50
0,0.00,0,-710.65
0,0.00,0,-709.44
0,0.00,0,-711.87
0,0.00,0,-710.96
0,0.00,0,-712.48
0,0.00,0,-710.35
0,0.00,0,-710.81
0,0.00,0,-710.35
0,0.00,0,-710.05
0,0.00,0,-710.20
0,0.00,0,-710.05
0,0.00,0,-712.18
0,0.00,0,-711.26
0,0.00,0,-712.02
0,0.00,0,-710.81
0,0.00,0,-711.11
0,0.00,0,-711.26
0,0.00,0,-710.35
0,0.00,0,-711.11
0,0.00,0,-710.65
0,0.00,0,-712.02
0,0.00,0,-711.72
0,0.00,0,-710.81
0,0.00,0,-711.26
0,0.00,0,-709.13
0,0.00,0,-711.57
0,0.00,0,-708.98
0,0.00,0,-712.33
0,0.00,0,-710.35
0,0.00,0,-712.02
0,0.00,0,-711.72
0,0.00,0,-710.65
0,0.00,0,-711.42
0,0.00,0,-709.13
0,0.00,0,-711.72
0,0.00,0,-709.44
0,0.00,0,-712.33
0,0.00,0,-709.13
0,0.00,0,-711.87
0,0.00,0,-710.05
0,0.00,0,-711.11
0,0.00,0,-710.05
0,0.00,0,-709.74
0,0.00,0,-710.96
0,0.00,0,-710.35
0,0.00,0,-711.87
0,0.00,0,-710.81
0,0.00,0,-711.72
0,0.00,0,-710.65
0,0.00,0,-710.96
0,0.00,0,-709.74
0,0.00,0,-710.35
0,0.00,0,-710.20
0,0.00,0,-711.26
0,0.00,0,-711.42
0,0.00,0,-710.35
0,0.00,0,-710.81
0,0.00,0,-710.05
0,0.00,0,-710.20
0,0.00,0,-709.44
0,0.00,0,-710.35
0,0.00,0,-711.42
0,0.00,0,-712.02
0,0.00,0,-711.42
0,0.00,0,-710.65
0,0.00,0,-710.50
0,0.00,0,-709.89
0,0.00,0,-710.05
0,0.00,0,-709.59
0,0.00,0,-711.11
0,0.00,0,-711.57
0,0.00,0,-711.72
0,0.00,0,-711.11
0,0.00,0,-710.81
0,0.00,0,-710.20
0,0.00,0,-710.50
0,0.00,0,-710.20
0,0.00,0,-711.26
0,0.00,0,-711.72
0,0.00,0,-711.87
0,0.00,0,-712.18
0,0.00,0,-711.11
0,0.00,0,-710.50
0,0.00,0,-710.81
0,0.00,0,-710.20
0,0.00,0,-710.96
0,0.00,0,-711.26
0,0.00,0,-711.57
0,0.00,0,-712.33
0,0.00,0,-710.35
0,0.00,0,-711.57
0,0.00,0,-709.59
0,0.00,0,-710.35
0,0.00,0,-710.20
0,0.00,0,-710.81
0,0.00,0,-711.57
0,0.00,0,-711.72
0,0.00,0,-712.02
0,0.00,0,-711.26
0,0.00,0,-711.11
0,0.00,0,-710.05
0,0.00,0,-711.42
0,0.00,0,-710.81
0,0.00,0,-712.18
0,0.00,0,-711.57
0,0.00,0,-711.72
0,0.00,0,-711.26
0,0.00,0,-710.81
0,0.00,0,-710.65
0,0.00,0,-709.59
0,0.00,0,-710.65
0,0.00,0,-711.11
0,0.00,0,-712.18
0,0.00,0,-711.57
0,0.00,0,-711.72
0,0.00,0,-711.26
0,0.00,0,-711.11
0,0.00,0,-710.81
0,0.00,0,-709.89
0,0.00,0,-712.02
0,0.00,0,-710.96
0,0.00,0,-712.63
0,0.00,0,-709.89
0,0.00,0,-711.57
0,0.00,0,-710.35
0,0.00,0,-710.65
0,0.00,0,-710.96
0,0.00,0,-710.50
0,0.00,0,-712.63
0,0.00,0,-711.11
0,0.00,0,-712.33
0,0.00,0,-710.20
0,0.00,0,-711.42
0,0.00,0,-710.05
0,0.00,0,-710.96
0,0.00,0,-709.44
0,0.00,0,-711.72
0,0.00,0,-711.42
0,0.00,0,-712.02
0,0.00,0,-711.11
0,0.00,0,-710.96
0,0.00,0,-711.11
0,0.00,0,-710.35
0,0.00,0,-710.81
0,0.00,0,-710.65
0,0.00,0,-712.18
0,0.00,0,-711.87
0,0.00,0,-711.57
0,0.00,0,-710.50
0,0.00,0,-710.35
0,0.00,0,-709.89
0,0.00,0,-710.35
0,0.00,0,-710.05
0,0.00,0,-711.57
0,0.00,0,-711.11
0,0.00,0,-712.33
0,0.00,0,-711.11
0,0.00,0,-711.57
0,0.00,0,-710.35
0,0.00,0,-710.81
0,0.00,0,-711.26
0,0.00,0,-711.72
0,0.00,0,-712.33
0,0.00,0,-711.11
0,0.00,0,-712.18
0,0.00,0,-710.50
0,0.00,0,-711.11
0,0.00,0,-709.89
0,0.00,0,-710.50
0,0.00,0,-711.57
0,0.00,0,-711.26
0,0.00,0,-712.02
0,0.00,0,-710.81
0,0.00,0,-712.02
0,0.00,0,-710.65
0,0.00,0,-710.81
0,0.00,0,-710.05
0,0.00,0,-710.35
0,0.00,0,-711.87
0,0.00,0,-711.42
0,0.00,0,-712.18
0,0.00,0,-710.50
0,0.00,0,-711.87
0,0.00,0,-710.35
0,0.00,0,-711.11
0,0.00,0,-709.74
0,0.00,0,-711.87
0,0.00,0,-711.57
0,0.00,0,-712.94
0,0.00,0,-711.26
0,0.00,0,-710.81
0,0.00,0,-711.11
0,0.00,0,-710.05
0,0.00,0,-710.81
0,0.00,0,-708.98
0,0.00,0,-711.87
0,0.00,0,-710.65
0,0.00,0,-712.33
0,0.00,0,-710.20
0,0.00,0,-710.81
0,0.00,0,-710.96
0,0.00,0,-710.65
0,0.00,0,-711.57
0,0.00,0,-710.96
0,0.00,0,-712.63
0,0.00,0,-712.02
0,0.00,0,-712.02
0,0.00,0,-710.50
0,0.00,0,-710.05
0,0.00,0,-710.05
0,0.00,0,-710.20
0,0.00,0,-710.96
0,0.00,0,-710.50
0,0.00,0,-712.02
0,0.00,0,-711.26
0,0.00,0,-712.63
0,0.00,0,-710.35
0,0.00,0,-711.11
0,0.00,0,-710.50
0,0.00,0,-711.72
0,0.00,0,-712.33
0,0.00,0,-711.42
0,0.00,0,-712.18
0,0.00,0,-710.65
0,0.00,0,-712.02
0,0.00,0,-709.13
0,0.00,0,-710.81
0,0.00,0,-709.13
0,0.00,0,-712.33
0,0.00,0,-710.65
0,0.00,0,-712.33
0,0.00,0,-710.65
0,0.00,0,-712.48
0,0.00,0,-711.57
0,0.00,0,-710.81
0,0.00,0,-710.96
0,0.00,0,-710.50
0,0.00,0,-712.79
0,0.00,0,-711.26
0,0.00,0,-711.87
0,0.00,0,-709.74
0,0.00,0,-710.96
0,0.00,0,-709.28
0,0.00,0,-709.89
0,0.00,0,-709.59
0,0.00,0,-711.42
0,0.00,0,-712.18
0,0.00,0,-712.02
0,0.00,0,-711.57
0,0.00,0,-710.65
0,0.00,0,-711.11
0,0.00,0,-710.65
0,0.00,0,-710.81
0,0.00,0,-710.65
0,0.00,0,-711.26
0,0.00,0,-711.57
0,0.00,0,-711.11
0,0.00,0,-710.20
0,0.00,0,-710.20
0,0.00,0,-710.05
0,0.00,0,-710.50
0,0.00,0,-710.35
0,0.00,0,-711.11
0,0.00,0,-711.87
0,0.00,0,-711.42
0,0.00,0,-711.72
0,0.00,0,-709.89
0,0.00,0,-710.81
0,0.00,0,-709.59
0,0.00,0,-710.65
0,0.00,0,-710.65
0,0.00,0,-710.81
0,0.00,0,-711.42
0,0.00,0,-710.05
0,0.00,0,-711.72
0,0.00,0,-708.98
0,0.00,0,-711.87
0,0.00,0,-708.83
0,0.00,0,-713.24
0,0.00,0,-710.81
0,0.00,0,-713.09
0,0.00,0,-711.87
0,0.00,0,-711.11
0,0.00,0,-712.02
0,0.00,0,-708.98
0,0.00,0,-711.11
0,0.00,0,-708.83
0,0.00,0,-712.02
0,0.00,0,-710.35
0,0.00,0,-711.42
0,0.00,0,-710.20
0,0.00,0,-710.81
0,0.00,0,-709.89
0,0.00,0,-710.65
0,0.00,0,-710.35
0,0.00,0,-712.18
0,0.00,0,-712.18
0,0.00,0,-712.18
0,0.00,0,-711.87
0,0.00,0,-710.65
0,0.00,0,-710.35
0,0.00,0,-709.89
0,0.00,0,-709.74
0,0.00,0,-710.50
0,0.00,0,-711.42
0,0.00,0,-710.96
0,0.00,0,-711.87
0,0.00,0,-710.20
0,0.00,0,-711.42
0,0.00,0,-709.89
0,0.00,0,-710.65
0,0.00,0,-710.81
0,0.00,0,-711.72
0,0.00,0,-712.18
0,0.00,0,-712.02
0,0.00,0,-711.57
0,0.00,0,-710.96
0,0.00,0,-710.96
0,0.00,0,-710.35
0,0.00,0,-711.11
0,0.00,0,-711.11
0,0.00,0,-712.02
0,0.00,0,-712.18
0,0.00,0,-711.11
0,0.00,0,-711.72
0,0.00,0,-710.50
0,0.00,0,-711.26
0,0.00,0,-710.35
0,0.00,0,-711.57
0,0.00,0,-711.72
0,0.00,0,-712.48
0,0.00,0,-712.18
0,0.00,0,-710.96
0,0.00,0,-711.42
0,0.00,0,-709.59
0,0.00,0,-710.96
0,0.00,0,-709.28
0,0.00,0,-712.02
0,0.00,0,-711.26
0,0.00,0,-712.79
0,0.00,0,-711.26
0,0.00,0,-712.02
0,0.00,0,-711.26
0,0.00,0,-711.42
0,0.00,0,-711.57
0,0.00,0,-711.26
0,0.00,0,-712.63
0,0.00,0,-711.26
0,0.00,0,-712.33
0,0.00,0,-709.74
0,0.00,0,-711.11
0,0.00,0,-708.83
0,0.00,0,-710.05
0,0.00,0,-710.05
0,0.00,0,-711.42
0,0.00,0,-712.02
0,0.00,0,-711.26
0,0.00,0,-712.18
0,0.00,0,-711.26
0,0.00,0,-711.42
0,0.00,0,-710.20
0,0.00,0,-710.81
0,0.00,0,-711.11
0,0.00,0,-711.42
0,0.00,0,-711.42
0,0.00,0,-710.65
0,0.00,0,-711.11
0,0.00,0,-710.05
0,0.00,0,-710.20
0,0.00,0,-709.89
0,0.00,0,-711.11
0,0.00,0,-712.02
0,0.00,0,-712.02
0,0.00,0,-711.57
0,0.00,0,-711.57
0,0.00,0,-710.65
0,0.00,0,-710.65
0,0.00,0,-710.20
0,0.00,0,-710.35
0,0.00,0,-711.57
0,0.00,0,-710.50
0,0.00,0,-711.72
0,0.00,0,-709.59
0,0.00,0,-711.42
0,0.00,0,-710.05
0,0.00,0,-711.11
0,0.00,0,-710.35
0,0.00,0,-712.48
0,0.00,0,-712.02
0,0.00,0,-713.09
0,0.00,0,-711.87
0,0.00,0,-711.42
0,0.00,0,-711.11
0,0.00,0,-710.05
0,0.00,0,-711.42
0,0.00,0,-710.05
0,0.00,0,-712.33
0,0.00,0,-710.81
0,0.00,0,-712.94
0,0.00,0,-710.35
0,0.00,0,-711.87
0,0.00,0,-710.20
0,0.00,0,-710.81
0,0.00,0,-711.42
0,0.00,0,-710.65
0,0.00,0,-713.24
0,0.00,0,-710.81
0,0.00,0,-713.09
0,0.00,0,-710.05
