0,0.00,0,-693.46
0,0.00,0,-625.88
0,0.00,0,-632.72
0,0.00,0,-626.18
0,0.00,0,-673.82
0,0.00,0,-668.80
0,0.00,0,-619.63
0,0.00,0,-633.03
0,0.00,0,-635.62
0,0.00,0,-693.00
0,0.00,0,-638.20
0,0.00,0,-631.20
0,0.00,0,-627.25
0,0.00,0,-663.32
0,0.00,0,-682.65
0,0.00,0,-621.16
0,0.00,0,-637.14
0,0.00,0,-629.83
0,0.00,0,-688.74
0,0.00,0,-651.90
0,0.00,0,-625.42
0,0.00,0,-633.03
0,0.00,0,-650.68
0,0.00,0,-690.72
0,0.00,0,-625.42
0,0.00,0,-637.44
0,0.00,0,-627.55
0,0.00,0,-678.69
0,0.00,0,-665.75
0,0.00,0,-621.00
0,0.00,0,-635.77
0,0.00,0,-637.44
0,0.00,0,-691.48
0,0.00,0,-635.46
0,0.00,0,-631.20
0,0.00,0,-625.72
0,0.00,0,-668.34
0,0.00,0,-676.41
0,0.00,0,-622.07
0,0.00,0,-636.83
0,0.00,0,-630.29
0,0.00,0,-691.02
0,0.00,0,-645.66
0,0.00,0,-628.92
0,0.00,0,-630.75
0,0.00,0,-656.47
0,0.00,0,-686.76
0,0.00,0,-622.22
0,0.00,0,-637.90
0,0.00,0,-626.64
0,0.00,0,-683.26
0,0.00,0,-656.32
0,0.00,0,-623.59
0,0.00,0,-631.66
0,0.00,0,-643.53
0,0.00,0,-689.95
0,0.00,0,-628.92
0,0.00,0,-634.25
0,0.00,0,-624.96
0,0.00,0,-675.95
0,0.00,0,-670.17
0,0.00,0,-621.92
0,0.00,0,-637.44
0,0.00,0,-636.23
0,0.00,0,-693.61
0,0.00,0,-639.42
0,0.00,0,-630.44
0,0.00,0,-629.38
0,0.00,0,-663.47
0,0.00,0,-682.95
0,0.00,0,-618.57
0,0.00,0,-638.20
0,0.00,0,-628.92
0,0.00,0,-687.21
0,0.00,0,-650.68
0,0.00,0,-623.90
0,0.00,0,-630.44
0,0.00,0,-650.23
0,0.00,0,-686.76
0,0.00,0,-625.27
0,0.00,0,-636.23
0,0.00,0,-626.48
0,0.00,0,-679.60
0,0.00,0,-661.80
0,0.00,0,-622.98
0,0.00,0,-633.18
0,0.00,0,-640.64
0,0.00,0,-691.63
0,0.00,0,-631.66
0,0.00,0,-634.55
0,0.00,0,-625.11
0,0.00,0,-669.56
0,0.00,0,-674.73
0,0.00,0,-620.55
0,0.00,0,-635.01
0,0.00,0,-631.66
0,0.00,0,-692.09
0,0.00,0,-641.70
0,0.00,0,-628.77
0,0.00,0,-627.40
0,0.00,0,-658.90
0,0.00,0,-685.54
0,0.00,0,-621.92
0,0.00,0,-638.66
0,0.00,0,-627.09
0,0.00,0,-687.06
0,0.00,0,-656.01
0,0.00,0,-623.59
0,0.00,0,-634.09
0,0.00,0,-645.66
0,0.00,0,-690.26
0,0.00,0,-627.09
0,0.00,0,-634.70
0,0.00,0,-624.81
0,0.00,0,-675.95
0,0.00,0,-667.28
0,0.00,0,-621.00
0,0.00,0,-633.79
0,0.00,0,-635.77
0,0.00,0,-692.69
0,0.00,0,-636.83
0,0.00,0,-632.88
0,0.00,0,-626.79
0,0.00,0,-665.91
0,0.00,0,-680.82
0,0.00,0,-622.22
0,0.00,0,-638.81
0,0.00,0,-630.14
0,0.00,0,-690.41
0,0.00,0,-648.10
0,0.00,0,-626.79
0,0.00,0,-630.90
0,0.00,0,-652.97
0,0.00,0,-686.76
0,0.00,0,-622.37
0,0.00,0,-634.86
0,0.00,0,-624.66
0,0.00,0,-681.28
0,0.00,0,-657.23
0,0.00,0,-623.14
0,0.00,0,-631.81
0,0.00,0,-644.14
0,0.00,0,-690.26
0,0.00,0,-630.14
0,0.00,0,-636.07
0,0.00,0,-626.79
0,0.00,0,-674.89
0,0.00,0,-671.39
0,0.00,0,-621.31
0,0.00,0,-636.53
0,0.00,0,-635.01
0,0.00,0,-691.02
0,0.00,0,-638.96
0,0.00,0,-629.38
0,0.00,0,-627.09
0,0.00,0,-661.34
0,0.00,0,-679.30
0,0.00,0,-621.16
0,0.00,0,-633.64
0,0.00,0,-627.25
0,0.00,0,-686.30
0,0.00,0,-648.55
0,0.00,0,-626.64
0,0.00,0,-627.09
0,0.00,0,-651.90
0,0.00,0,-686.15
0,0.00,0,-623.90
0,0.00,0,-635.92
0,0.00,0,-624.20
0,0.00,0,-681.58
0,0.00,0,-659.67
0,0.00,0,-623.29
0,0.00,0,-632.42
0,0.00,0,-641.86
0,0.00,0,-693.15
0,0.00,0,-630.59
0,0.00,0,-635.31
0,0.00,0,-624.66
0,0.00,0,-671.08
0,0.00,0,-676.56
0,0.00,0,-618.72
0,0.00,0,-638.05
0,0.00,0,-632.57
0,0.00,0,-692.54
0,0.00,0,-642.62
0,0.00,0,-628.16
0,0.00,0,-628.92
0,0.00,0,-657.23
0,0.00,0,-685.39
0,0.00,0,-621.61
0,0.00,0,-637.90
0,0.00,0,-627.85
0,0.00,0,-685.69
0,0.00,0,-655.86
0,0.00,0,-624.96
0,0.00,0,-633.64
0,0.00,0,-647.64
0,0.00,0,-691.93
0,0.00,0,-628.16
0,0.00,0,-638.96
0,0.00,0,-627.55
0,0.00,0,-676.26
0,0.00,0,-668.95
0,0.00,0,-620.55
0,0.00,0,-634.70
0,0.00,0,-637.14
0,0.00,0,-688.89
0,0.00,0,-633.18
0,0.00,0,-630.29
0,0.00,0,-624.66
0,0.00,0,-666.21
0,0.00,0,-671.99
0,0.00,0,-621.16
0,0.00,0,-633.18
0,0.00,0,-631.20
0,0.00,0,-691.32
0,0.00,0,-640.79
0,0.00,0,-631.35
0,0.00,0,-626.64
0,0.00,0,-659.06
0,0.00,0,-687.21
0,0.00,0,-622.37
0,0.00,0,-642.01
0,0.00,0,-625.72
0,0.00,0,-687.82
0,0.00,0,-659.67
0,0.00,0,-622.83
0,0.00,0,-638.05
0,0.00,0,-642.77
0,0.00,0,-694.98
0,0.00,0,-627.55
0,0.00,0,-633.49
0,0.00,0,-628.01
0,0.00,0,-671.84
0,0.00,0,-671.39
0,0.00,0,-617.81
0,0.00,0,-635.01
0,0.00,0,-636.23
0,0.00,0,-689.80
0,0.00,0,-639.27
0,0.00,0,-628.61
0,0.00,0,-627.70
0,0.00,0,-664.84
0,0.00,0,-678.69
0,0.00,0,-622.98
0,0.00,0,-637.90
0,0.00,0,-631.66
0,0.00,0,-687.67
0,0.00,0,-648.86
0,0.00,0,-628.46
0,0.00,0,-632.12
0,0.00,0,-654.34
0,0.00,0,-688.28
0,0.00,0,-624.20
0,0.00,0,-636.07
0,0.00,0,-627.70
0,0.00,0,-681.28
0,0.00,0,-659.21
0,0.00,0,-622.98
0,0.00,0,-632.88
0,0.00,0,-642.16
0,0.00,0,-689.04
0,0.00,0,-629.98
0,0.00,0,-633.49
0,0.00,0,-624.20
0,0.00,0,-673.06
0,0.00,0,-671.39
0,0.00,0,-621.46
0,0.00,0,-636.38
0,0.00,0,-634.09
0,0.00,0,-694.22
0,0.00,0,-639.42
0,0.00,0,-630.14
0,0.00,0,-626.94
0,0.00,0,-660.73
0,0.00,0,-685.69
0,0.00,0,-618.87
0,0.00,0,-637.90
0,0.00,0,-627.55
0,0.00,0,-687.67
0,0.00,0,-653.58
0,0.00,0,-624.20
0,0.00,0,-632.12
0,0.00,0,-647.34
0,0.00,0,-691.17
0,0.00,0,-625.72
0,0.00,0,-636.38
0,0.00,0,-626.33
0,0.00,0,-678.39
0,0.00,0,-666.51
0,0.00,0,-620.40
0,0.00,0,-634.86
0,0.00,0,-638.36
0,0.00,0,-693.46
0,0.00,0,-635.31
0,0.00,0,-632.88
0,0.00,0,-627.40
0,0.00,0,-666.97
0,0.00,0,-678.84
0,0.00,0,-621.16
0,0.00,0,-637.90
0,0.00,0,-630.59
0,0.00,0,-691.93
0,0.00,0,-647.18
0,0.00,0,-628.01
0,0.00,0,-634.40
0,0.00,0,-654.95
0,0.00,0,-689.80
0,0.00,0,-622.37
0,0.00,0,-638.81
0,0.00,0,-629.38
0,0.00,0,-682.19
0,0.00,0,-661.19
0,0.00,0,-619.33
0,0.00,0,-635.46
0,0.00,0,-641.55
0,0.00,0,-689.95
0,0.00,0,-630.14
0,0.00,0,-630.59
0,0.00,0,-625.88
0,0.00,0,-670.93
0,0.00,0,-669.41
0,0.00,0,-620.85
0,0.00,0,-633.79
0,0.00,0,-635.77
0,0.00,0,-691.63
0,0.00,0,-638.05
0,0.00,0,-629.98
0,0.00,0,-628.31
0,0.00,0,-665.14
0,0.00,0,-683.71
0,0.00,0,-621.46
0,0.00,0,-640.33
0,0.00,0,-628.46
0,0.00,0,-690.11
0,0.00,0,-654.34
0,0.00,0,-624.20
0,0.00,0,-636.83
0,0.00,0,-646.88
0,0.00,0,-692.39
0,0.00,0,-625.72
0,0.00,0,-632.88
0,0.00,0,-626.79
0,0.00,0,-676.56
0,0.00,0,-665.14
0,0.00,0,-619.03
0,0.00,0,-633.64
0,0.00,0,-638.36
0,0.00,0,-690.87
0,0.00,0,-632.72
0,0.00,0,-630.44
0,0.00,0,-624.35
0,0.00,0,-668.49
0,0.00,0,-677.47
0,0.00,0,-621.92
0,0.00,0,-639.73
0,0.00,0,-629.68
0,0.00,0,-694.22
0,0.00,0,-648.40
0,0.00,0,-626.94
0,0.00,0,-633.49
0,0.00,0,-652.82
0,0.00,0,-692.09
0,0.00,0,-622.07
0,0.00,0,-638.51
0,0.00,0,-625.88
0,0.00,0,-680.52
0,0.00,0,-663.62
0,0.00,0,-617.20
0,0.00,0,-635.01
0,0.00,0,-641.55
0,0.00,0,-692.24
0,0.00,0,-631.66
0,0.00,0,-629.83
0,0.00,0,-627.40
0,0.00,0,-670.93
0,0.00,0,-674.12
0,0.00,0,-621.00
0,0.00,0,-634.86
0,0.00,0,-634.86
0,0.00,0,-692.54
0,0.00,0,-642.01
0,0.00,0,-628.77
0,0.00,0,-630.29
0,0.00,0,-660.73
0,0.00,0,-684.47
0,0.00,0,-621.00
0,0.00,0,-637.29
0,0.00,0,-628.31
0,0.00,0,-686.76
0,0.00,0,-656.32
0,0.00,0,-622.53
0,0.00,0,-633.94
0,0.00,0,-645.97
0,0.00,0,-693.61
0,0.00,0,-629.22
0,0.00,0,-634.25
0,0.00,0,-626.94
0,0.00,0,-673.97
0,0.00,0,-672.30
0,0.00,0,-619.63
0,0.00,0,-638.05
0,0.00,0,-635.01
0,0.00,0,-692.54
0,0.00,0,-640.18
0,0.00,0,-627.85
0,0.00,0,-629.83
0,0.00,0,-660.27
0,0.00,0,-684.02
0,0.00,0,-619.79
0,0.00,0,-638.81
0,0.00,0,-629.38
0,0.00,0,-685.39
0,0.00,0,-654.03
0,0.00,0,-622.83
0,0.00,0,-630.90
0,0.00,0,-648.25
0,0.00,0,-689.50
0,0.00,0,-626.48
0,0.00,0,-634.70
0,0.00,0,-625.11
0,0.00,0,-677.93
0,0.00,0,-666.82
0,0.00,0,-621.00
0,0.00,0,-634.70
0,0.00,0,-638.66
0,0.00,0,-695.13
0,0.00,0,-635.92
0,0.00,0,-630.59
0,0.00,0,-627.85
0,0.00,0,-666.97
0,0.00,0,-682.50
0,0.00,0,-619.63
0,0.00,0,-638.20
0,0.00,0,-629.68
0,0.00,0,-691.02
0,0.00,0,-651.14
0,0.00,0,-621.61
0,0.00,0,-631.51
0,0.00,0,-650.23
0,0.00,0,-687.21
0,0.00,0,-624.20
0,0.00,0,-632.27
0,0.00,0,-627.09
0,0.00,0,-677.93
0,0.00,0,-660.12
0,0.00,0,-620.24
0,0.00,0,-629.22
0,0.00,0,-642.31
0,0.00,0,-690.41
0,0.00,0,-632.88
0,0.00,0,-633.94
0,0.00,0,-624.96
0,0.00,0,-670.93
0,0.00,0,-679.15
0,0.00,0,-622.37
0,0.00,0,-641.10
0,0.00,0,-630.44
0,0.00,0,-693.46
0,0.00,0,-651.60
0,0.00,0,-625.72
0,0.00,0,-634.70
0,0.00,0,-651.29
0,0.00,0,-693.15
0,0.00,0,-622.68
0,0.00,0,-633.49
0,0.00,0,-628.46
0,0.00,0,-677.93
0,0.00,0,-666.67
0,0.00,0,-617.35
0,0.00,0,-631.96
0,0.00,0,-642.01
0,0.00,0,-690.11
0,0.00,0,-634.55
0,0.00,0,-628.61
0,0.00,0,-624.51
0,0.00,0,-668.80
0,0.00,0,-673.36
0,0.00,0,-622.98
0,0.00,0,-634.25
0,0.00,0,-634.09
0,0.00,0,-690.26
0,0.00,0,-645.66
0,0.00,0,-630.14
0,0.00,0,-627.85
0,0.00,0,-659.21
0,0.00,0,-687.21
0,0.00,0,-625.57
0,0.00,0,-639.73
0,0.00,0,-627.55
0,0.00,0,-684.63
0,0.00,0,-662.25
0,0.00,0,-622.68
0,0.00,0,-633.33
0,0.00,0,-642.77
0,0.00,0,-691.93
0,0.00,0,-630.90
0,0.00,0,-633.03
0,0.00,0,-627.25
0,0.00,0,-671.69
