0,0.00,0,-727.85
0,0.00,0,-727.25
0,0.00,0,-727.40
0,0.00,0,-727.55
0,0.00,0,-727.55
0,0.00,0,-726.94
0,0.00,0,-726.48
0,0.00,0,-726.48
0,0.00,0,-726.94
0,0.00,0,-726.79
0,0.00,0,-726.48
0,0.00,0,-726.79
0,0.00,0,-727.40
0,0.00,0,-728.01
0,0.00,0,-727.85
0,0.00,0,-727.85
0,0.00,0,-728.16
0,0.00,0,-728.16
0,0.00,0,-727.40
0,0.00,0,-726.48
0,0.00,0,-726.33
0,0.00,0,-726.79
0,0.00,0,-726.94
0,0.00,0,-726.79
0,0.00,0,-726.64
0,0.00,0,-727.09
0,0.00,0,-727.70
0,0.00,0,-727.85
0,0.00,0,-727.55
0,0.00,0,-727.70
0,0.00,0,-727.85
0,0.00,0,-727.85
0,0.00,0,-727.55
0,0.00,0,-727.09
0,0.00,0,-727.09
0,0.00,0,-727.09
0,0.00,0,-726.79
0,0.00,0,-726.18
0,0.00,0,-726.48
0,0.00,0,-726.94
0,0.00,0,-727.70
0,0.00,0,-727.55
0,0.00,0,-727.55
0,0.00,0,-727.85
0,0.00,0,-728.16
0,0.00,0,-728.01
0,0.00,0,-727.40
0,0.00,0,-727.25
0,0.00,0,-726.94
0,0.00,0,-726.79
0,0.00,0,-726.03
0,0.00,0,-726.33
0,0.00,0,-726.48
0,0.00,0,-727.09
0,0.00,0,-727.09
0,0.00,0,-727.25
0,0.00,0,-727.85
0,0.00,0,-728.31
0,0.00,0,-728.31
0,0.00,0,-727.85
0,0.00,0,-727.25
0,0.00,0,-727.25
0,0.00,0,-727.09
0,0.00,0,-726.64
0,0.00,0,-726.33
0,0.00,0,-726.03
0,0.00,0,-726.64
0,0.00,0,-726.94
0,0.00,0,-726.94
0,0.00,0,-726.94
0,0.00,0,-727.70
0,0.00,0,-728.46
0,0.00,0,-728.46
0,0.00,0,-728.16
0,0.00,0,-727.70
0,0.00,0,-727.55
0,0.00,0,-727.09
0,0.00,0,-726.64
0,0.00,0,-726.03
0,0.00,0,-726.03
0,0.00,0,-726.33
0,0.00,0,-726.48
0,0.00,0,-726.64
0,0.00,0,-727.09
0,0.00,0,-728.01
0,0.00,0,-728.31
0,0.00,0,-728.31
0,0.00,0,-728.01
0,0.00,0,-728.01
0,0.00,0,-727.70
0,0.00,0,-727.09
0,0.00,0,-726.64
0,0.00,0,-726.64
0,0.00,0,-726.33
0,0.00,0,-726.18
0,0.00,0,-726.18
0,0.00,0,-726.94
0,0.00,0,-727.55
0,0.00,0,-728.16
0,0.00,0,-728.16
0,0.00,0,-727.85
0,0.00,0,-727.85
0,0.00,0,-727.70
0,0.00,0,-727.70
0,0.00,0,-727.25
0,0.00,0,-726.94
0,0.00,0,-726.64
0,0.00,0,-726.64
0,0.00,0,-726.33
0,0.00,0,-726.33
0,0.00,0,-726.64
0,0.00,0,-727.40
0,0.00,0,-727.70
0,0.00,0,-727.70
0,0.00,0,-728.16
0,0.00,0,-728.16
0,0.00,0,-728.31
0,0.00,0,-727.55
0,0.00,0,-727.09
0,0.00,0,-726.79
0,0.00,0,-726.79
0,0.00,0,-726.48
0,0.00,0,-726.18
0,0.00,0,-726.18
0,0.00,0,-726.79
0,0.00,0,-727.25
0,0.00,0,-727.70
0,0.00,0,-727.85
0,0.00,0,-728.16
0,0.00,0,-728.16
0,0.00,0,-727.70
0,0.00,0,-727.25
0,0.00,0,-727.09
0,0.00,0,-727.25
0,0.00,0,-726.94
0,0.00,0,-726.79
0,0.00,0,-726.33
0,0.00,0,-726.64
0,0.00,0,-726.94
0,0.00,0,-727.09
0,0.00,0,-727.09
0,0.00,0,-727.70
0,0.00,0,-728.01
0,0.00,0,-728.16
0,0.00,0,-728.01
0,0.00,0,-727.55
0,0.00,0,-727.25
0,0.00,0,-727.09
0,0.00,0,-726.79
0,0.00,0,-726.18
0,0.00,0,-726.18
0,0.00,0,-726.33
0,0.00,0,-727.09
0,0.00,0,-727.25
0,0.00,0,-727.40
0,0.00,0,-727.55
0,0.00,0,-728.16
0,0.00,0,-728.31
0,0.00,0,-728.01
0,0.00,0,-727.55
0,0.00,0,-727.25
0,0.00,0,-726.94
0,0.00,0,-726.48
0,0.00,0,-726.33
0,0.00,0,-726.18
0,0.00,0,-726.79
0,0.00,0,-726.79
0,0.00,0,-727.09
0,0.00,0,-727.09
0,0.00,0,-728.01
0,0.00,0,-728.01
0,0.00,0,-728.31
0,0.00,0,-727.85
0,0.00,0,-727.85
0,0.00,0,-727.40
0,0.00,0,-727.09
0,0.00,0,-726.48
0,0.00,0,-726.18
0,0.00,0,-726.64
0,0.00,0,-726.48
0,0.00,0,-726.79
0,0.00,0,-726.79
0,0.00,0,-728.01
0,0.00,0,-728.01
0,0.00,0,-728.46
0,0.00,0,-728.01
0,0.00,0,-728.01
0,0.00,0,-727.70
0,0.00,0,-727.25
0,0.00,0,-726.94
0,0.00,0,-726.18
0,0.00,0,-726.18
0,0.00,0,-726.18
0,0.00,0,-726.64
0,0.00,0,-726.64
0,0.00,0,-726.79
0,0.00,0,-727.09
0,0.00,0,-727.85
0,0.00,0,-728.01
0,0.00,0,-728.16
0,0.00,0,-728.16
0,0.00,0,-727.85
0,0.00,0,-727.25
0,0.00,0,-727.09
0,0.00,0,-726.33
0,0.00,0,-726.64
0,0.00,0,-726.48
0,0.00,0,-726.03
0,0.00,0,-726.03
0,0.00,0,-726.79
0,0.00,0,-727.85
0,0.00,0,-727.85
0,0.00,0,-728.16
0,0.00,0,-728.01
0,0.00,0,-728.46
0,0.00,0,-727.70
0,0.00,0,-727.55
0,0.00,0,-726.94
0,0.00,0,-726.94
0,0.00,0,-726.79
0,0.00,0,-726.48
0,0.00,0,-726.18
0,0.00,0,-726.48
0,0.00,0,-727.25
0,0.00,0,-727.55
0,0.00,0,-727.70
0,0.00,0,-727.55
0,0.00,0,-728.01
0,0.00,0,-728.01
0,0.00,0,-728.01
0,0.00,0,-727.55
0,0.00,0,-726.94
0,0.00,0,-726.48
0,0.00,0,-726.64
0,0.00,0,-726.33
0,0.00,0,-726.03
0,0.00,0,-726.33
0,0.00,0,-726.94
0,0.00,0,-727.25
0,0.00,0,-727.70
0,0.00,0,-727.85
0,0.00,0,-728.46
0,0.00,0,-728.61
0,0.00,0,-728.46
0,0.00,0,-727.40
0,0.00,0,-726.79
0,0.00,0,-726.64
0,0.00,0,-726.33
0,0.00,0,-726.03
0,0.00,0,-726.03
0,0.00,0,-726.48
0,0.00,0,-726.94
0,0.00,0,-727.25
0,0.00,0,-727.55
0,0.00,0,-728.01
0,0.00,0,-728.31
0,0.00,0,-728.31
0,0.00,0,-728.01
0,0.00,0,-727.70
0,0.00,0,-727.55
0,0.00,0,-726.94
0,0.00,0,-726.48
0,0.00,0,-726.18
0,0.00,0,-726.18
0,0.00,0,-726.33
0,0.00,0,-726.94
0,0.00,0,-727.25
0,0.00,0,-727.25
0,0.00,0,-727.85
0,0.00,0,-728.16
0,0.00,0,-728.46
0,0.00,0,-728.31
0,0.00,0,-728.01
0,0.00,0,-727.55
0,0.00,0,-726.94
0,0.00,0,-726.33
0,0.00,0,-726.18
0,0.00,0,-726.18
0,0.00,0,-726.33
0,0.00,0,-726.33
0,0.00,0,-726.48
0,0.00,0,-727.40
0,0.00,0,-728.16
0,0.00,0,-728.31
0,0.00,0,-728.16
0,0.00,0,-728.16
0,0.00,0,-727.85
0,0.00,0,-727.70
0,0.00,0,-726.94
0,0.00,0,-726.79
0,0.00,0,-726.18
0,0.00,0,-726.18
0,0.00,0,-726.33
0,0.00,0,-726.79
0,0.00,0,-726.94
0,0.00,0,-727.55
0,0.00,0,-728.01
0,0.00,0,-728.01
0,0.00,0,-728.01
0,0.00,0,-727.70
0,0.00,0,-728.01
0,0.00,0,-727.55
0,0.00,0,-727.25
0,0.00,0,-726.79
0,0.00,0,-726.64
0,0.00,0,-726.33
0,0.00,0,-726.33
0,0.00,0,-726.18
0,0.00,0,-726.94
0,0.00,0,-727.55
0,0.00,0,-728.01
0,0.00,0,-728.01
0,0.00,0,-728.31
0,0.00,0,-728.31
0,0.00,0,-728.01
0,0.00,0,-727.25
0,0.00,0,-726.48
0,0.00,0,-726.33
0,0.00,0,-726.48
0,0.00,0,-726.03
0,0.00,0,-726.18
0,0.00,0,-726.48
0,0.00,0,-726.94
0,0.00,0,-727.09
0,0.00,0,-728.01
0,0.00,0,-728.46
0,0.00,0,-728.61
0,0.00,0,-728.01
0,0.00,0,-727.85
0,0.00,0,-727.55
0,0.00,0,-726.94
0,0.00,0,-726.64
0,0.00,0,-726.18
0,0.00,0,-726.33
0,0.00,0,-726.03
0,0.00,0,-726.64
0,0.00,0,-726.94
0,0.00,0,-727.85
0,0.00,0,-727.85
0,0.00,0,-728.01
0,0.00,0,-728.16
0,0.00,0,-728.01
0,0.00,0,-728.01
0,0.00,0,-727.55
0,0.00,0,-727.25
0,0.00,0,-726.64
0,0.00,0,-726.18
0,0.00,0,-726.33
0,0.00,0,-726.18
0,0.00,0,-726.48
0,0.00,0,-726.64
0,0.00,0,-727.55
0,0.00,0,-727.85
0,0.00,0,-728.46
0,0.00,0,-728.01
0,0.00,0,-728.16
0,0.00,0,-728.01
0,0.00,0,-727.55
0,0.00,0,-726.94
0,0.00,0,-726.64
0,0.00,0,-726.48
0,0.00,0,-726.33
0,0.00,0,-725.72
0,0.00,0,-726.03
0,0.00,0,-726.64
0,0.00,0,-727.85
0,0.00,0,-727.85
0,0.00,0,-728.16
0,0.00,0,-728.01
0,0.00,0,-728.31
0,0.00,0,-728.31
0,0.00,0,-727.70
0,0.00,0,-727.70
0,0.00,0,-726.94
0,0.00,0,-726.94
0,0.00,0,-725.57
0,0.00,0,-726.03
0,0.00,0,-726.33
0,0.00,0,-727.09
0,0.00,0,-726.94
0,0.00,0,-727.40
0,0.00,0,-727.55
0,0.00,0,-728.16
0,0.00,0,-728.61
0,0.00,0,-728.31
0,0.00,0,-728.16
0,0.00,0,-727.25
0,0.00,0,-727.25
0,0.00,0,-726.48
0,0.00,0,-726.18
0,0.00,0,-725.72
0,0.00,0,-726.18
0,0.00,0,-726.79
0,0.00,0,-727.55
0,0.00,0,-727.25
0,0.00,0,-727.85
0,0.00,0,-728.01
0,0.00,0,-728.31
0,0.00,0,-727.70
0,0.00,0,-727.70
0,0.00,0,-727.55
0,0.00,0,-727.25
0,0.00,0,-726.79
0,0.00,0,-726.18
0,0.00,0,-726.48
0,0.00,0,-726.64
0,0.00,0,-726.79
0,0.00,0,-727.25
0,0.00,0,-727.55
0,0.00,0,-727.55
0,0.00,0,-728.01
0,0.00,0,-727.85
0,0.00,0,-727.85
0,0.00,0,-727.70
0,0.00,0,-727.40
0,0.00,0,-727.40
0,0.00,0,-726.64
0,0.00,0,-726.33
0,0.00,0,-726.48
0,0.00,0,-726.64
0,0.00,0,-727.09
0,0.00,0,-727.09
0,0.00,0,-727.55
0,0.00,0,-727.55
0,0.00,0,-728.01
0,0.00,0,-728.01
0,0.00,0,-727.85
0,0.00,0,-727.55
0,0.00,0,-726.94
0,0.00,0,-726.79
0,0.00,0,-726.64
0,0.00,0,-726.64
0,0.00,0,-726.33
0,0.00,0,-726.48
0,0.00,0,-726.94
0,0.00,0,-726.94
0,0.00,0,-727.55
0,0.00,0,-727.85
0,0.00,0,-728.31
0,0.00,0,-728.16
0,0.00,0,-727.85
0,0.00,0,-727.09
0,0.00,0,-726.79
0,0.00,0,-726.94
0,0.00,0,-726.94
0,0.00,0,-726.48
0,0.00,0,-726.18
0,0.00,0,-726.48
0,0.00,0,-726.94
0,0.00,0,-727.25
0,0.00,0,-727.70
0,0.00,0,-727.85
0,0.00,0,-728.01
0,0.00,0,-728.01
0,0.00,0,-727.85
0,0.00,0,-727.70
0,0.00,0,-727.25
0,0.00,0,-726.79
0,0.00,0,-726.33
0,0.00,0,-726.33
0,0.00,0,-726.33
0,0.00,0,-726.64
0,0.00,0,-726.94
0,0.00,0,-727.25
0,0.00,0,-727.09
0,0.00,0,-727.70
0,0.00,0,-728.61
0,0.00,0,-728.61
0,0.00,0,-728.31
0,0.00,0,-727.40
0,0.00,0,-727.25
0,0.00,0,-726.79
0,0.00,0,-726.64
0,0.00,0,-726.18
0,0.00,0,-726.33
0,0.00,0,-726.33
0,0.00,0,-726.79
0,0.00,0,-726.79
0,0.00,0,-727.40
0,0.00,0,-727.85
0,0.00,0,-728.31
0,0.00,0,-728.46
0,0.00,0,-728.31
0,0.00,0,-728.16
0,0.00,0,-727.70
0,0.00,0,-727.40
0,0.00,0,-726.79
0,0.00,0,-726.18
0,0.00,0,-725.88
0,0.00,0,-726.18
0,0.00,0,-726.48
0,0.00,0,-727.25
0,0.00,0,-727.55
0,0.00,0,-728.01
0,0.00,0,-727.85
0,0.00,0,-728.01
0,0.00,0,-728.01
0,0.00,0,-728.31
0,0.00,0,-727.55
0,0.00,0,-726.94
