0,0.00,0,-732.88
0,0.00,0,-733.79
0,0.00,0,-734.40
0,0.00,0,-735.92
0,0.00,0,-734.70
0,0.00,0,-735.01
0,0.00,0,-735.01
0,0.00,0,-735.46
0,0.00,0,-734.55
0,0.00,0,-733.64
0,0.00,0,-733.18
0,0.00,0,-733.18
0,0.00,0,-733.64
0,0.00,0,-733.33
0,0.00,0,-733.79
0,0.00,0,-733.33
0,0.00,0,-735.01
0,0.00,0,-735.01
0,0.00,0,-735.77
0,0.00,0,-735.01
0,0.00,0,-735.16
0,0.00,0,-734.70
0,0.00,0,-734.86
0,0.00,0,-733.79
0,0.00,0,-733.49
0,0.00,0,-733.49
0,0.00,0,-734.09
0,0.00,0,-733.49
0,0.00,0,-733.03
0,0.00,0,-733.64
0,0.00,0,-734.55
0,0.00,0,-735.16
0,0.00,0,-734.70
0,0.00,0,-735.46
0,0.00,0,-735.46
0,0.00,0,-735.92
0,0.00,0,-734.55
0,0.00,0,-734.25
0,0.00,0,-733.49
0,0.00,0,-733.79
0,0.00,0,-732.88
0,0.00,0,-733.18
0,0.00,0,-733.64
0,0.00,0,-734.55
0,0.00,0,-734.55
0,0.00,0,-734.09
0,0.00,0,-734.70
0,0.00,0,-735.31
0,0.00,0,-736.07
0,0.00,0,-735.01
0,0.00,0,-734.55
0,0.00,0,-733.79
0,0.00,0,-734.25
0,0.00,0,-733.49
0,0.00,0,-733.64
0,0.00,0,-732.88
0,0.00,0,-733.79
0,0.00,0,-733.79
0,0.00,0,-734.40
0,0.00,0,-734.55
0,0.00,0,-735.31
0,0.00,0,-735.46
0,0.00,0,-735.16
0,0.00,0,-734.70
0,0.00,0,-734.40
0,0.00,0,-734.55
0,0.00,0,-733.49
0,0.00,0,-733.33
0,0.00,0,-732.72
0,0.00,0,-733.79
0,0.00,0,-733.79
0,0.00,0,-734.70
0,0.00,0,-734.40
0,0.00,0,-735.46
0,0.00,0,-735.31
0,0.00,0,-735.46
0,0.00,0,-734.40
0,0.00,0,-734.55
0,0.00,0,-734.70
0,0.00,0,-734.70
0,0.00,0,-733.94
0,0.00,0,-732.72
0,0.00,0,-733.18
0,0.00,0,-733.64
0,0.00,0,-734.40
0,0.00,0,-733.94
0,0.00,0,-734.70
0,0.00,0,-735.01
0,0.00,0,-736.07
0,0.00,0,-735.16
0,0.00,0,-735.16
0,0.00,0,-734.55
0,0.00,0,-734.86
0,0.00,0,-734.09
0,0.00,0,-733.64
0,0.00,0,-733.33
0,0.00,0,-733.33
0,0.00,0,-733.79
0,0.00,0,-733.64
0,0.00,0,-734.25
0,0.00,0,-734.55
0,0.00,0,-735.31
0,0.00,0,-735.01
0,0.00,0,-735.31
0,0.00,0,-735.01
0,0.00,0,-735.31
0,0.00,0,-734.55
0,0.00,0,-734.09
0,0.00,0,-733.18
0,0.00,0,-733.33
0,0.00,0,-733.49
0,0.00,0,-733.49
0,0.00,0,-733.64
0,0.00,0,-734.25
0,0.00,0,-735.31
0,0.00,0,-735.16
0,0.00,0,-735.01
0,0.00,0,-734.70
0,0.00,0,-735.31
0,0.00,0,-735.01
0,0.00,0,-734.55
0,0.00,0,-733.49
0,0.00,0,-733.79
0,0.00,0,-733.94
0,0.00,0,-733.94
0,0.00,0,-733.49
0,0.00,0,-733.49
0,0.00,0,-734.09
0,0.00,0,-734.70
0,0.00,0,-735.01
0,0.00,0,-734.55
0,0.00,0,-735.16
0,0.00,0,-735.01
0,0.00,0,-735.01
0,0.00,0,-733.94
0,0.00,0,-733.79
0,0.00,0,-733.49
0,0.00,0,-734.25
0,0.00,0,-733.79
0,0.00,0,-733.79
0,0.00,0,-733.64
0,0.00,0,-734.40
0,0.00,0,-735.01
0,0.00,0,-735.01
0,0.00,0,-735.01
0,0.00,0,-734.86
0,0.00,0,-735.01
0,0.00,0,-734.40
0,0.00,0,-734.40
0,0.00,0,-733.79
0,0.00,0,-734.40
0,0.00,0,-733.33
0,0.00,0,-733.79
0,0.00,0,-733.33
0,0.00,0,-734.55
0,0.00,0,-734.40
0,0.00,0,-735.01
0,0.00,0,-734.86
0,0.00,0,-735.46
0,0.00,0,-735.31
0,0.00,0,-734.86
0,0.00,0,-734.25
0,0.00,0,-733.79
0,0.00,0,-734.40
0,0.00,0,-733.49
0,0.00,0,-733.79
0,0.00,0,-733.18
0,0.00,0,-734.25
0,0.00,0,-734.09
0,0.00,0,-734.70
0,0.00,0,-734.25
0,0.00,0,-735.16
0,0.00,0,-734.86
0,0.00,0,-735.46
0,0.00,0,-734.55
0,0.00,0,-734.55
0,0.00,0,-733.94
0,0.00,0,-734.09
0,0.00,0,-733.79
0,0.00,0,-733.18
0,0.00,0,-733.79
0,0.00,0,-733.79
0,0.00,0,-734.55
0,0.00,0,-733.94
0,0.00,0,-734.86
0,0.00,0,-734.70
0,0.00,0,-735.31
0,0.00,0,-734.40
0,0.00,0,-734.86
0,0.00,0,-734.55
0,0.00,0,-734.55
0,0.00,0,-733.64
0,0.00,0,-733.33
0,0.00,0,-733.33
0,0.00,0,-733.33
0,0.00,0,-734.25
0,0.00,0,-733.94
0,0.00,0,-734.40
0,0.00,0,-733.94
0,0.00,0,-735.31
0,0.00,0,-735.46
0,0.00,0,-735.46
0,0.00,0,-734.55
0,0.00,0,-733.94
0,0.00,0,-734.70
0,0.00,0,-733.94
0,0.00,0,-734.25
0,0.00,0,-733.03
0,0.00,0,-733.33
0,0.00,0,-733.64
0,0.00,0,-733.94
0,0.00,0,-734.86
0,0.00,0,-734.40
0,0.00,0,-735.46
0,0.00,0,-734.70
0,0.00,0,-735.46
0,0.00,0,-734.09
0,0.00,0,-735.16
0,0.00,0,-733.64
0,0.00,0,-734.40
0,0.00,0,-733.49
0,0.00,0,-733.64
0,0.00,0,-733.64
0,0.00,0,-734.09
0,0.00,0,-733.49
0,0.00,0,-733.79
0,0.00,0,-734.55
0,0.00,0,-735.31
0,0.00,0,-735.62
0,0.00,0,-734.55
0,0.00,0,-735.01
0,0.00,0,-734.55
0,0.00,0,-735.31
0,0.00,0,-733.49
0,0.00,0,-733.79
0,0.00,0,-733.03
0,0.00,0,-734.70
0,0.00,0,-733.49
0,0.00,0,-733.94
0,0.00,0,-733.18
0,0.00,0,-735.16
0,0.00,0,-735.46
0,0.00,0,-735.62
0,0.00,0,-734.70
0,0.00,0,-734.55
0,0.00,0,-735.46
0,0.00,0,-734.86
0,0.00,0,-734.40
0,0.00,0,-733.03
0,0.00,0,-733.79
0,0.00,0,-733.49
0,0.00,0,-734.25
0,0.00,0,-733.18
0,0.00,0,-734.55
0,0.00,0,-734.25
0,0.00,0,-735.16
0,0.00,0,-734.25
0,0.00,0,-734.86
0,0.00,0,-735.01
0,0.00,0,-735.62
0,0.00,0,-734.40
0,0.00,0,-733.64
0,0.00,0,-733.64
0,0.00,0,-733.94
0,0.00,0,-734.09
0,0.00,0,-733.33
0,0.00,0,-734.25
0,0.00,0,-734.40
0,0.00,0,-735.16
0,0.00,0,-734.09
0,0.00,0,-734.55
0,0.00,0,-734.25
0,0.00,0,-735.62
0,0.00,0,-734.25
0,0.00,0,-734.40
0,0.00,0,-733.79
0,0.00,0,-734.55
0,0.00,0,-734.25
0,0.00,0,-733.94
0,0.00,0,-733.18
0,0.00,0,-733.33
0,0.00,0,-734.86
0,0.00,0,-734.86
0,0.00,0,-734.70
0,0.00,0,-732.88
0,0.00,0,-735.01
0,0.00,0,-735.92
0,0.00,0,-736.23
0,0.00,0,-733.79
0,0.00,0,-733.94
0,0.00,0,-734.25
0,0.00,0,-734.55
0,0.00,0,-733.03
0,0.00,0,-732.57
0,0.00,0,-733.03
0,0.00,0,-734.09
0,0.00,0,-733.79
0,0.00,0,-733.49
0,0.00,0,-734.55
0,0.00,0,-735.46
0,0.00,0,-735.77
0,0.00,0,-735.01
0,0.00,0,-735.46
0,0.00,0,-735.01
0,0.00,0,-735.46
0,0.00,0,-733.79
0,0.00,0,-733.79
0,0.00,0,-732.88
0,0.00,0,-733.49
0,0.00,0,-733.18
0,0.00,0,-733.64
0,0.00,0,-733.49
0,0.00,0,-734.09
0,0.00,0,-735.01
0,0.00,0,-735.46
0,0.00,0,-735.16
0,0.00,0,-734.40
0,0.00,0,-735.46
0,0.00,0,-735.31
0,0.00,0,-734.86
0,0.00,0,-733.49
0,0.00,0,-733.79
0,0.00,0,-733.79
0,0.00,0,-733.94
0,0.00,0,-732.88
0,0.00,0,-733.18
0,0.00,0,-734.25
0,0.00,0,-735.31
0,0.00,0,-734.70
0,0.00,0,-734.40
0,0.00,0,-734.86
0,0.00,0,-735.16
0,0.00,0,-734.70
0,0.00,0,-733.64
0,0.00,0,-733.94
0,0.00,0,-733.64
0,0.00,0,-734.25
0,0.00,0,-733.79
0,0.00,0,-733.94
0,0.00,0,-733.33
0,0.00,0,-734.40
0,0.00,0,-734.86
0,0.00,0,-735.16
0,0.00,0,-734.86
0,0.00,0,-734.86
0,0.00,0,-735.31
0,0.00,0,-734.70
0,0.00,0,-733.79
0,0.00,0,-733.33
0,0.00,0,-734.25
0,0.00,0,-733.94
0,0.00,0,-733.64
0,0.00,0,-733.33
0,0.00,0,-734.40
0,0.00,0,-734.55
0,0.00,0,-734.70
0,0.00,0,-734.55
0,0.00,0,-735.31
0,0.00,0,-735.16
0,0.00,0,-735.01
0,0.00,0,-734.86
0,0.00,0,-734.55
0,0.00,0,-733.94
0,0.00,0,-733.33
0,0.00,0,-733.49
0,0.00,0,-733.49
0,0.00,0,-733.94
0,0.00,0,-733.79
0,0.00,0,-734.55
0,0.00,0,-734.40
0,0.00,0,-734.55
0,0.00,0,-734.70
0,0.00,0,-735.46
0,0.00,0,-735.31
0,0.00,0,-734.40
0,0.00,0,-733.94
0,0.00,0,-734.40
0,0.00,0,-734.25
0,0.00,0,-733.64
0,0.00,0,-733.49
0,0.00,0,-733.79
0,0.00,0,-734.25
0,0.00,0,-733.94
0,0.00,0,-733.94
0,0.00,0,-734.40
0,0.00,0,-735.01
0,0.00,0,-734.55
0,0.00,0,-734.55
0,0.00,0,-735.01
0,0.00,0,-735.46
0,0.00,0,-734.40
0,0.00,0,-733.94
0,0.00,0,-733.64
0,0.00,0,-733.79
0,0.00,0,-733.64
0,0.00,0,-733.64
0,0.00,0,-734.09
0,0.00,0,-734.40
0,0.00,0,-734.70
0,0.00,0,-734.86
0,0.00,0,-735.31
0,0.00,0,-735.16
0,0.00,0,-734.86
0,0.00,0,-734.40
0,0.00,0,-734.25
0,0.00,0,-733.64
0,0.00,0,-733.64
0,0.00,0,-733.64
0,0.00,0,-733.79
0,0.00,0,-733.79
0,0.00,0,-733.79
0,0.00,0,-734.25
0,0.00,0,-735.31
0,0.00,0,-735.46
0,0.00,0,-735.01
0,0.00,0,-735.16
0,0.00,0,-734.86
0,0.00,0,-734.55
0,0.00,0,-733.94
0,0.00,0,-733.64
0,0.00,0,-733.49
0,0.00,0,-733.79
0,0.00,0,-733.33
0,0.00,0,-733.64
0,0.00,0,-734.25
0,0.00,0,-735.16
0,0.00,0,-735.16
0,0.00,0,-735.16
0,0.00,0,-735.31
0,0.00,0,-735.31
0,0.00,0,-735.01
0,0.00,0,-734.40
0,0.00,0,-734.09
0,0.00,0,-733.49
0,0.00,0,-733.49
0,0.00,0,-733.33
0,0.00,0,-733.64
0,0.00,0,-733.79
0,0.00,0,-734.25
0,0.00,0,-734.25
0,0.00,0,-734.55
0,0.00,0,-735.01
0,0.00,0,-735.16
0,0.00,0,-735.16
0,0.00,0,-734.86
0,0.00,0,-734.40
0,0.00,0,-733.94
0,0.00,0,-733.94
0,0.00,0,-733.64
0,0.00,0,-733.64
0,0.00,0,-733.49
0,0.00,0,-734.09
0,0.00,0,-734.09
0,0.00,0,-734.40
0,0.00,0,-734.40
0,0.00,0,-735.01
0,0.00,0,-735.16
0,0.00,0,-735.31
0,0.00,0,-734.70
0,0.00,0,-734.40
0,0.00,0,-734.55
0,0.00,0,-734.25
0,0.00,0,-733.94
0,0.00,0,-733.64
0,0.00,0,-733.49
0,0.00,0,-733.49
0,0.00,0,-733.79
0,0.00,0,-734.09
0,0.00,0,-734.70
0,0.00,0,-735.01
0,0.00,0,-735.16
0,0.00,0,-735.01
0,0.00,0,-734.86
0,0.00,0,-734.55
0,0.00,0,-734.40
0,0.00,0,-734.09
0,0.00,0,-733.49
0,0.00,0,-733.18
0,0.00,0,-733.64
0,0.00,0,-733.94
0,0.00,0,-733.94
0,0.00,0,-734.40
0,0.00,0,-734.86
0,0.00,0,-735.16
0,0.00,0,-735.01
0,0.00,0,-735.01
0,0.00,0,-735.01
0,0.00,0,-734.86
0,0.00,0,-734.09
0,0.00,0,-733.79
0,0.00,0,-733.79
0,0.00,0,-733.79
0,0.00,0,-733.33
0,0.00,0,-733.49
0,0.00,0,-733.64
0,0.00,0,-734.40
0,0.00,0,-734.86
0,0.00,0,-735.31
0,0.00,0,-735.16
0,0.00,0,-734.86
