0,0.00,0,-733.64
0,0.00,0,-733.79
0,0.00,0,-733.64
0,0.00,0,-733.33
0,0.00,0,-733.18
0,0.00,0,-733.33
0,0.00,0,-733.33
0,0.00,0,-733.49
0,0.00,0,-734.09
0,0.00,0,-734.09
0,0.00,0,-734.25
0,0.00,0,-734.55
0,0.00,0,-734.40
0,0.00,0,-734.40
0,0.00,0,-733.64
0,0.00,0,-733.33
0,0.00,0,-733.18
0,0.00,0,-733.18
0,0.00,0,-733.18
0,0.00,0,-733.33
0,0.00,0,-733.64
0,0.00,0,-733.94
0,0.00,0,-734.09
0,0.00,0,-734.09
0,0.00,0,-734.25
0,0.00,0,-734.25
0,0.00,0,-733.94
0,0.00,0,-733.79
0,0.00,0,-733.79
0,0.00,0,-733.64
0,0.00,0,-733.33
0,0.00,0,-733.33
0,0.00,0,-733.49
0,0.00,0,-733.79
0,0.00,0,-733.49
0,0.00,0,-733.64
0,0.00,0,-733.94
0,0.00,0,-734.25
0,0.00,0,-734.40
0,0.00,0,-733.94
0,0.00,0,-734.25
0,0.00,0,-734.09
0,0.00,0,-733.94
0,0.00,0,-733.49
0,0.00,0,-733.49
0,0.00,0,-733.33
0,0.00,0,-733.33
0,0.00,0,-733.33
0,0.00,0,-733.49
0,0.00,0,-733.94
0,0.00,0,-734.09
0,0.00,0,-734.09
0,0.00,0,-733.94
0,0.00,0,-734.40
0,0.00,0,-734.09
0,0.00,0,-733.94
0,0.00,0,-733.64
0,0.00,0,-733.64
0,0.00,0,-733.33
0,0.00,0,-733.03
0,0.00,0,-733.18
0,0.00,0,-733.18
0,0.00,0,-733.33
0,0.00,0,-733.49
0,0.00,0,-733.79
0,0.00,0,-734.25
0,0.00,0,-734.25
0,0.00,0,-734.40
0,0.00,0,-734.40
0,0.00,0,-734.25
0,0.00,0,-734.09
0,0.00,0,-733.64
0,0.00,0,-733.79
0,0.00,0,-733.64
0,0.00,0,-733.33
0,0.00,0,-732.88
0,0.00,0,-732.88
0,0.00,0,-733.33
0,0.00,0,-733.64
0,0.00,0,-733.94
0,0.00,0,-734.09
0,0.00,0,-734.40
0,0.00,0,-734.40
0,0.00,0,-734.09
0,0.00,0,-733.79
0,0.00,0,-733.79
0,0.00,0,-733.79
0,0.00,0,-733.64
0,0.00,0,-733.18
0,0.00,0,-733.03
0,0.00,0,-733.49
0,0.00,0,-733.79
0,0.00,0,-733.79
0,0.00,0,-733.94
0,0.00,0,-734.09
0,0.00,0,-734.25
0,0.00,0,-734.40
0,0.00,0,-734.25
0,0.00,0,-734.09
0,0.00,0,-733.79
0,0.00,0,-733.64
0,0.00,0,-733.49
0,0.00,0,-733.64
0,0.00,0,-733.33
0,0.00,0,-733.33
0,0.00,0,-733.64
0,0.00,0,-733.79
0,0.00,0,-733.79
0,0.00,0,-733.79
0,0.00,0,-734.25
0,0.00,0,-734.55
0,0.00,0,-734.40
0,0.00,0,-733.94
0,0.00,0,-733.94
0,0.00,0,-733.79
0,0.00,0,-733.49
0,0.00,0,-733.33
0,0.00,0,-733.33
0,0.00,0,-733.64
0,0.00,0,-733.64
0,0.00,0,-733.64
0,0.00,0,-733.79
0,0.00,0,-734.09
0,0.00,0,-734.40
0,0.00,0,-734.40
0,0.00,0,-734.25
0,0.00,0,-733.94
0,0.00,0,-733.79
0,0.00,0,-733.49
0,0.00,0,-733.49
0,0.00,0,-733.49
0,0.00,0,-733.18
0,0.00,0,-733.33
0,0.00,0,-733.49
0,0.00,0,-733.64
0,0.00,0,-733.79
0,0.00,0,-734.09
0,0.00,0,-734.55
0,0.00,0,-734.70
0,0.00,0,-734.70
0,0.00,0,-734.25
0,0.00,0,-734.09
0,0.00,0,-733.79
0,0.00,0,-733.33
0,0.00,0,-732.88
0,0.00,0,-732.72
0,0.00,0,-732.88
0,0.00,0,-733.18
0,0.00,0,-733.33
0,0.00,0,-733.79
0,0.00,0,-734.09
0,0.00,0,-734.25
0,0.00,0,-734.40
0,0.00,0,-734.40
0,0.00,0,-734.55
0,0.00,0,-734.25
0,0.00,0,-733.94
0,0.00,0,-733.64
0,0.00,0,-733.33
0,0.00,0,-733.03
0,0.00,0,-733.03
0,0.00,0,-733.18
0,0.00,0,-733.33
0,0.00,0,-733.64
0,0.00,0,-734.25
0,0.00,0,-734.40
0,0.00,0,-734.70
0,0.00,0,-734.40
0,0.00,0,-733.94
0,0.00,0,-733.64
0,0.00,0,-733.64
0,0.00,0,-733.49
0,0.00,0,-733.03
0,0.00,0,-733.03
0,0.00,0,-733.18
0,0.00,0,-733.49
0,0.00,0,-733.64
0,0.00,0,-733.94
0,0.00,0,-733.94
0,0.00,0,-734.25
0,0.00,0,-734.40
0,0.00,0,-734.55
0,0.00,0,-734.40
0,0.00,0,-733.94
0,0.00,0,-733.33
0,0.00,0,-733.18
0,0.00,0,-733.33
0,0.00,0,-733.03
0,0.00,0,-732.88
0,0.00,0,-733.18
0,0.00,0,-733.49
0,0.00,0,-733.94
0,0.00,0,-734.40
0,0.00,0,-734.55
0,0.00,0,-734.86
0,0.00,0,-734.70
0,0.00,0,-734.40
0,0.00,0,-733.79
0,0.00,0,-733.33
0,0.00,0,-733.18
0,0.00,0,-732.88
0,0.00,0,-732.88
0,0.00,0,-732.88
0,0.00,0,-733.33
0,0.00,0,-733.33
0,0.00,0,-733.64
0,0.00,0,-734.09
0,0.00,0,-734.55
0,0.00,0,-734.86
0,0.00,0,-734.55
0,0.00,0,-734.25
0,0.00,0,-734.09
0,0.00,0,-733.79
0,0.00,0,-733.03
0,0.00,0,-732.88
0,0.00,0,-733.03
0,0.00,0,-733.18
0,0.00,0,-733.33
0,0.00,0,-733.64
0,0.00,0,-734.09
0,0.00,0,-734.40
0,0.00,0,-734.25
0,0.00,0,-734.40
0,0.00,0,-734.40
0,0.00,0,-734.25
0,0.00,0,-733.94
0,0.00,0,-733.49
0,0.00,0,-733.33
0,0.00,0,-733.03
0,0.00,0,-732.88
0,0.00,0,-733.03
0,0.00,0,-733.49
0,0.00,0,-733.79
0,0.00,0,-733.94
0,0.00,0,-734.40
0,0.00,0,-734.86
0,0.00,0,-734.86
0,0.00,0,-734.25
0,0.00,0,-734.25
0,0.00,0,-733.94
0,0.00,0,-733.64
0,0.00,0,-733.03
0,0.00,0,-732.72
0,0.00,0,-733.03
0,0.00,0,-733.18
0,0.00,0,-733.33
0,0.00,0,-733.64
0,0.00,0,-734.25
0,0.00,0,-734.09
0,0.00,0,-734.09
0,0.00,0,-734.09
0,0.00,0,-734.25
0,0.00,0,-734.25
0,0.00,0,-734.09
0,0.00,0,-733.49
0,0.00,0,-733.18
0,0.00,0,-733.03
0,0.00,0,-732.88
0,0.00,0,-733.03
0,0.00,0,-733.49
0,0.00,0,-733.79
0,0.00,0,-733.94
0,0.00,0,-734.40
0,0.00,0,-734.55
0,0.00,0,-734.55
0,0.00,0,-734.25
0,0.00,0,-734.25
0,0.00,0,-733.79
0,0.00,0,-733.64
0,0.00,0,-733.18
0,0.00,0,-732.88
0,0.00,0,-733.03
0,0.00,0,-733.03
0,0.00,0,-733.03
0,0.00,0,-733.33
0,0.00,0,-734.09
0,0.00,0,-734.55
0,0.00,0,-734.40
0,0.00,0,-734.25
0,0.00,0,-734.25
0,0.00,0,-734.09
0,0.00,0,-733.79
0,0.00,0,-733.64
0,0.00,0,-733.64
0,0.00,0,-733.49
0,0.00,0,-733.33
0,0.00,0,-733.18
0,0.00,0,-733.33
0,0.00,0,-733.79
0,0.00,0,-734.09
0,0.00,0,-734.25
0,0.00,0,-734.09
0,0.00,0,-734.25
0,0.00,0,-733.94
0,0.00,0,-734.09
0,0.00,0,-733.79
0,0.00,0,-733.33
0,0.00,0,-733.18
0,0.00,0,-733.49
0,0.00,0,-733.33
0,0.00,0,-733.49
0,0.00,0,-733.49
0,0.00,0,-733.49
0,0.00,0,-733.64
0,0.00,0,-733.94
0,0.00,0,-734.09
0,0.00,0,-733.94
0,0.00,0,-734.25
0,0.00,0,-734.09
0,0.00,0,-734.09
0,0.00,0,-733.49
0,0.00,0,-733.33
0,0.00,0,-733.18
0,0.00,0,-733.18
0,0.00,0,-733.18
0,0.00,0,-733.49
0,0.00,0,-733.64
0,0.00,0,-733.79
0,0.00,0,-734.25
0,0.00,0,-734.09
0,0.00,0,-734.09
0,0.00,0,-734.09
0,0.00,0,-733.79
0,0.00,0,-733.49
0,0.00,0,-733.33
0,0.00,0,-733.18
0,0.00,0,-733.33
0,0.00,0,-733.18
0,0.00,0,-733.18
0,0.00,0,-733.64
0,0.00,0,-734.09
0,0.00,0,-734.09
0,0.00,0,-734.25
0,0.00,0,-734.25
0,0.00,0,-734.25
0,0.00,0,-734.40
0,0.00,0,-733.94
0,0.00,0,-733.94
0,0.00,0,-733.64
0,0.00,0,-733.79
0,0.00,0,-733.33
0,0.00,0,-733.49
0,0.00,0,-733.33
0,0.00,0,-733.33
0,0.00,0,-733.64
0,0.00,0,-733.79
0,0.00,0,-734.25
0,0.00,0,-734.25
0,0.00,0,-734.40
0,0.00,0,-734.25
0,0.00,0,-734.09
0,0.00,0,-733.64
0,0.00,0,-733.64
0,0.00,0,-733.49
0,0.00,0,-733.33
0,0.00,0,-733.18
0,0.00,0,-733.33
0,0.00,0,-733.33
0,0.00,0,-733.49
0,0.00,0,-733.64
0,0.00,0,-733.94
0,0.00,0,-734.09
0,0.00,0,-734.25
0,0.00,0,-734.09
0,0.00,0,-733.94
0,0.00,0,-733.79
0,0.00,0,-733.64
0,0.00,0,-733.79
0,0.00,0,-733.64
0,0.00,0,-733.64
0,0.00,0,-733.49
0,0.00,0,-733.49
0,0.00,0,-733.49
0,0.00,0,-733.94
0,0.00,0,-733.79
0,0.00,0,-733.94
0,0.00,0,-733.94
0,0.00,0,-734.25
0,0.00,0,-734.09
0,0.00,0,-734.09
0,0.00,0,-733.79
0,0.00,0,-733.49
0,0.00,0,-733.64
0,0.00,0,-733.49
0,0.00,0,-733.49
0,0.00,0,-733.49
0,0.00,0,-733.64
0,0.00,0,-733.64
0,0.00,0,-734.25
0,0.00,0,-733.94
0,0.00,0,-734.09
0,0.00,0,-734.25
0,0.00,0,-734.09
0,0.00,0,-733.49
0,0.00,0,-733.49
0,0.00,0,-733.49
0,0.00,0,-733.79
0,0.00,0,-733.79
0,0.00,0,-733.64
0,0.00,0,-733.94
0,0.00,0,-733.94
0,0.00,0,-733.64
0,0.00,0,-733.49
0,0.00,0,-733.94
0,0.00,0,-734.09
0,0.00,0,-734.25
0,0.00,0,-733.79
0,0.00,0,-733.94
0,0.00,0,-733.79
0,0.00,0,-733.64
0,0.00,0,-733.18
0,0.00,0,-733.49
0,0.00,0,-733.64
0,0.00,0,-733.79
0,0.00,0,-734.09
0,0.00,0,-734.25
0,0.00,0,-734.25
0,0.00,0,-733.94
0,0.00,0,-733.79
0,0.00,0,-733.49
0,0.00,0,-733.79
0,0.00,0,-733.64
0,0.00,0,-733.64
0,0.00,0,-733.49
0,0.00,0,-733.79
0,0.00,0,-733.64
0,0.00,0,-733.64
0,0.00,0,-733.33
0,0.00,0,-733.79
0,0.00,0,-733.79
0,0.00,0,-733.64
0,0.00,0,-733.79
0,0.00,0,-733.64
0,0.00,0,-733.79
0,0.00,0,-733.49
0,0.00,0,-733.79
0,0.00,0,-733.79
0,0.00,0,-733.94
0,0.00,0,-733.64
0,0.00,0,-733.94
0,0.00,0,-733.79
0,0.00,0,-733.94
0,0.00,0,-733.64
0,0.00,0,-733.64
0,0.00,0,-733.79
0,0.00,0,-733.79
0,0.00,0,-733.79
0,0.00,0,-733.49
0,0.00,0,-733.64
0,0.00,0,-733.64
0,0.00,0,-733.94
0,0.00,0,-733.79
0,0.00,0,-733.94
0,0.00,0,-733.79
0,0.00,0,-733.94
0,0.00,0,-733.94
0,0.00,0,-734.25
0,0.00,0,-733.79
0,0.00,0,-733.64
0,0.00,0,-733.64
0,0.00,0,-733.64
0,0.00,0,-733.79
0,0.00,0,-733.79
0,0.00,0,-733.64
0,0.00,0,-733.64
0,0.00,0,-733.49
0,0.00,0,-733.33
0,0.00,0,-733.94
0,0.00,0,-734.09
0,0.00,0,-734.25
0,0.00,0,-733.94
0,0.00,0,-733.94
0,0.00,0,-733.64
0,0.00,0,-733.64
0,0.00,0,-733.64
0,0.00,0,-733.79
0,0.00,0,-733.64
0,0.00,0,-733.64
0,0.00,0,-733.64
0,0.00,0,-733.49
0,0.00,0,-733.49
0,0.00,0,-733.33
0,0.00,0,-733.49
0,0.00,0,-733.64
0,0.00,0,-734.09
0,0.00,0,-733.94
0,0.00,0,-734.25
0,0.00,0,-734.09
0,0.00,0,-734.09
0,0.00,0,-733.79
0,0.00,0,-733.33
0,0.00,0,-733.33
0,0.00,0,-733.64
0,0.00,0,-733.64
0,0.00,0,-733.64
0,0.00,0,-733.79
0,0.00,0,-733.94
0,0.00,0,-733.79
0,0.00,0,-733.64
0,0.00,0,-733.64
